110
0.0	12.0	48.1	19.92	36.89	33.62	23.0	49.52	27.02	46.04	38.95	20.81	51.4	19.7	12.53	10.3	6.71	50.8	21.95	34.01	7.81	21.19	34.67	14.32	36.06	31.24	42.0	50.99	47.01	8.6	4.24	30.53	20.1	20.88	20.4	38.28	47.89	43.19	7.07	37.8	15.62	54.2	55.22	36.06	38.28	7.07	21.59	26.87	31.62	27.8	13.04	21.4	31.14	19.72	10.2	24.41	49.04	48.83	10.05	27.2	15.0	7.07	34.01	47.51	48.84	37.48	22.85	24.0	30.59	23.09	22.56	29.41	22.56	31.58	5.1	40.31	12.04	44.01	32.53	21.21	45.8	26.93	31.95	2.24	46.4	41.04	44.78	32.02	31.05	36.35	36.5	12.0	38.6	5.0	29.61	28.07	41.3	19.31	26.83	23.85	38.0	23.71	11.05	48.26	31.14	13.93	55.9	29.73	22.02	28.43	
12.0	0.0	53.54	31.58	47.42	44.92	25.94	58.41	35.81	56.36	46.01	29.41	59.41	31.05	6.08	5.83	10.82	58.69	32.89	36.4	18.68	32.76	45.19	26.17	46.52	40.0	43.68	60.46	56.94	19.65	9.49	38.21	32.06	20.88	25.61	43.83	54.67	52.7	14.76	47.89	12.17	62.24	62.94	34.0	48.75	5.1	22.14	36.36	30.07	38.01	25.02	30.23	43.1	27.8	2.83	32.8	58.83	59.06	22.02	32.8	12.37	8.6	40.46	57.14	57.63	41.15	21.21	26.83	34.99	22.56	27.8	28.16	34.37	35.85	17.03	47.42	24.02	49.65	41.88	22.85	55.95	34.71	37.8	13.15	56.44	50.0	50.8	36.89	42.76	48.26	36.5	24.0	43.57	16.28	41.44	40.05	44.38	26.17	33.94	32.02	50.0	21.02	17.03	58.59	32.28	21.4	64.66	28.07	34.01	38.47	
48.1	53.54	0.0	39.05	28.65	34.93	27.8	19.24	24.0	28.32	11.18	28.44	14.56	53.01	58.18	47.71	54.78	13.6	34.06	19.42	41.48	52.09	28.64	48.09	28.18	21.21	17.26	23.71	25.61	41.23	52.0	19.03	43.1	33.97	28.18	9.85	6.71	21.93	54.41	25.55	42.64	16.12	15.0	31.02	28.3	50.12	32.56	26.08	30.89	28.44	46.17	28.28	44.27	28.86	50.77	25.18	25.24	28.6	46.53	21.02	42.01	45.65	14.32	23.6	18.36	13.6	35.38	27.02	18.6	33.24	25.94	31.06	40.31	17.8	45.61	10.44	46.27	4.12	22.8	31.24	26.91	22.2	16.16	45.88	26.25	18.6	4.12	16.64	54.57	44.28	24.7	45.28	10.0	43.97	40.8	44.38	12.65	28.79	21.59	25.32	49.66	36.88	37.58	29.21	24.41	34.18	21.38	31.91	46.27	27.46	
19.92	31.58	39.05	0.0	18.44	13.89	25.5	33.54	15.13	27.59	28.0	13.04	37.0	14.04	32.31	28.02	25.06	36.69	5.0	33.29	13.04	13.04	16.4	10.3	17.8	18.03	40.71	33.84	29.21	12.04	23.77	20.22	4.12	28.65	20.52	30.59	36.22	26.42	22.2	20.25	29.61	39.56	41.11	41.77	19.85	26.48	28.3	13.0	37.64	11.4	9.22	12.53	12.37	14.21	29.27	14.87	31.4	30.41	11.4	22.83	28.64	24.02	25.5	30.23	33.11	33.62	31.76	26.17	27.29	30.53	21.26	35.61	3.16	28.18	14.87	29.02	9.9	35.13	17.46	26.63	27.66	17.72	25.3	18.44	28.43	25.63	35.01	27.31	17.8	17.03	39.05	9.22	32.02	15.3	10.0	9.85	37.7	16.97	19.31	15.23	19.92	33.54	18.68	29.7	33.3	15.65	39.82	36.4	7.62	12.37	
36.89	47.42	28.65	18.44	0.0	7.0	31.14	16.28	14.04	9.22	18.44	19.24	21.0	30.87	49.4	42.72	42.8	21.02	15.0	33.11	29.15	29.15	2.24	28.6	1.0	11.7	38.01	15.65	10.82	28.3	41.05	16.16	21.1	37.0	27.0	24.08	23.41	9.06	40.36	3.16	41.77	23.09	25.02	45.22	1.41	42.49	36.01	12.04	42.2	9.49	27.66	18.25	17.0	21.21	44.78	17.0	13.04	12.04	29.7	23.77	40.79	39.0	20.25	12.08	16.12	30.23	40.01	31.26	26.93	38.05	26.08	40.79	17.49	27.31	32.2	18.6	28.32	25.81	8.54	34.01	9.22	17.26	22.36	34.99	10.0	10.44	24.7	25.5	28.02	15.81	40.31	27.59	26.25	31.91	14.14	18.25	33.42	24.08	19.42	18.0	21.19	42.01	31.32	11.4	35.74	26.93	22.14	41.77	22.85	9.22	
33.62	44.92	34.93	13.89	7.0	0.0	32.57	23.19	16.12	14.76	24.19	19.42	28.0	24.7	46.1	40.79	38.95	28.02	12.17	36.62	26.25	22.83	6.32	23.35	7.07	15.56	42.45	22.14	17.09	25.3	37.58	19.85	15.56	37.66	27.89	29.21	30.08	16.03	36.06	10.05	41.01	30.07	32.02	47.85	8.06	39.85	36.88	13.42	44.38	9.85	22.8	18.44	10.0	21.38	42.45	18.38	19.31	17.49	25.24	26.42	40.01	36.88	24.76	18.68	23.09	34.66	40.79	32.89	30.23	39.05	27.51	42.72	12.04	30.81	28.64	24.6	23.6	31.76	12.81	34.93	15.23	19.72	26.25	31.95	16.16	17.26	30.87	29.21	21.02	9.43	43.57	23.02	31.24	28.79	7.28	11.4	38.21	24.52	21.95	19.31	14.76	42.76	30.07	16.64	38.47	26.0	28.86	43.66	16.64	10.3	
23.0	25.94	27.8	25.5	31.14	32.57	0.0	36.4	17.12	38.12	21.95	13.42	35.85	35.85	31.02	20.12	29.15	34.99	22.47	11.05	18.97	36.06	29.27	29.53	30.15	20.02	19.0	39.56	37.48	19.31	26.17	16.28	29.0	6.71	5.0	18.38	29.83	32.56	30.02	30.0	14.87	38.59	38.83	16.28	32.06	23.09	5.39	19.42	12.21	22.8	27.29	14.32	36.89	11.66	23.26	14.32	38.83	40.31	26.0	8.54	14.21	18.68	16.12	36.88	35.47	15.23	9.22	1.0	9.22	7.07	5.1	10.3	28.43	10.0	22.56	23.32	26.83	24.08	23.0	3.61	37.22	14.0	13.04	21.02	37.34	28.86	25.46	11.31	43.14	40.25	14.32	25.94	17.8	20.4	33.62	35.0	18.68	8.6	12.04	13.34	44.42	11.18	12.04	40.2	8.54	11.18	42.05	11.18	32.56	22.56	
49.52	58.41	19.24	33.54	16.28	23.19	36.4	0.0	22.67	10.77	15.13	29.07	5.83	46.82	61.55	53.01	55.97	6.4	29.15	33.06	41.77	45.22	17.72	43.83	16.49	18.44	34.53	4.47	7.62	41.11	53.76	20.59	36.77	43.08	34.0	21.0	12.53	7.28	54.2	13.6	50.12	7.07	9.22	46.04	15.13	53.91	41.79	22.67	44.41	22.47	42.54	28.32	33.14	30.61	55.61	25.61	6.4	10.0	44.1	27.86	49.24	49.82	20.62	5.39	1.0	28.02	45.54	36.06	28.64	43.32	32.2	43.74	33.24	28.44	45.45	14.04	43.05	18.68	17.03	39.92	9.49	23.85	23.77	47.38	8.54	8.49	16.76	26.48	44.18	31.06	40.0	42.19	23.02	44.6	30.41	34.53	29.43	32.45	25.06	26.4	36.22	47.43	41.4	10.82	37.34	37.01	6.4	44.72	38.9	21.63	
27.02	35.81	24.0	15.13	14.04	16.12	17.12	22.67	0.0	21.59	13.15	6.4	24.41	29.02	38.9	30.53	33.6	23.85	10.2	20.62	19.42	28.16	12.17	24.19	13.04	4.24	27.02	24.7	21.54	18.87	31.24	5.1	19.24	23.02	13.04	15.52	21.84	17.0	32.25	13.15	28.46	27.2	28.3	31.78	15.0	31.24	22.0	2.83	28.46	6.4	22.36	5.66	22.8	8.06	33.02	3.16	23.26	24.04	23.09	10.3	27.51	27.2	10.44	21.47	21.93	19.42	26.0	17.26	14.21	24.02	12.04	26.93	16.76	14.87	23.32	14.32	22.56	20.02	6.32	20.0	20.88	3.61	10.82	24.84	21.19	14.21	20.02	13.45	31.78	24.84	27.46	21.59	17.09	22.2	19.21	21.95	23.32	10.44	5.83	4.12	29.7	28.0	18.87	23.77	22.36	14.42	29.0	27.89	22.56	5.83	
46.04	56.36	28.32	27.59	9.22	14.76	38.12	10.77	21.59	0.0	20.62	27.51	16.55	39.45	58.52	51.48	52.01	17.0	24.21	37.85	38.28	37.59	11.4	37.64	10.0	18.11	41.23	8.0	3.16	37.44	50.22	22.0	30.0	44.41	34.53	26.93	21.93	6.71	49.58	8.54	50.0	17.72	19.92	50.64	7.81	51.48	43.29	20.25	48.17	18.36	36.8	26.57	24.04	29.41	53.67	24.74	5.0	2.83	38.9	30.0	49.04	47.85	24.52	5.39	11.18	33.84	47.27	38.05	32.25	45.18	33.24	47.04	26.4	32.39	41.4	20.12	37.48	26.63	15.3	41.3	1.41	24.19	27.29	44.1	2.24	10.77	25.0	30.41	34.93	21.1	45.12	36.77	29.15	41.05	21.93	26.0	36.25	32.02	26.08	25.71	26.0	49.25	39.92	2.24	41.3	35.47	15.0	48.04	31.38	17.89	
38.95	46.01	11.18	28.0	18.44	24.19	21.95	15.13	13.15	20.62	0.0	18.38	13.89	42.01	50.0	40.31	45.65	13.04	23.0	18.0	31.78	41.01	18.03	37.34	17.8	10.05	20.62	19.0	18.68	31.38	43.05	8.54	32.02	28.65	20.52	6.32	8.94	13.93	44.78	15.56	36.4	16.64	17.03	31.0	18.38	42.01	27.29	15.0	29.27	17.26	35.51	18.03	33.24	19.24	43.19	14.87	19.24	21.84	36.14	13.6	35.61	37.64	5.83	17.26	14.14	13.34	30.87	21.47	13.6	28.64	18.44	28.64	29.15	13.34	35.85	1.41	35.69	7.62	11.7	25.55	19.31	12.08	8.94	36.72	18.97	9.85	7.07	11.4	43.42	33.62	25.08	34.71	8.54	34.44	29.73	33.24	15.65	20.0	12.21	15.23	38.95	32.7	29.21	22.14	22.2	25.24	20.25	29.61	35.13	16.28	
20.81	29.41	28.44	13.04	19.24	19.42	13.42	29.07	6.4	27.51	18.38	0.0	30.61	25.71	32.53	24.19	27.46	30.0	9.22	20.25	13.42	25.3	17.12	20.1	18.25	10.63	27.73	31.06	27.73	13.0	25.0	9.85	17.0	18.25	8.54	19.03	27.31	23.32	26.4	18.97	22.56	33.42	34.41	29.41	20.4	24.84	17.46	7.28	25.55	10.0	18.03	1.0	23.6	2.0	26.63	3.61	29.53	30.08	18.11	9.85	21.59	20.81	14.14	27.78	28.32	20.88	21.38	13.89	14.32	19.65	8.6	23.71	15.62	15.23	17.46	19.7	18.0	24.33	12.53	15.52	26.93	6.32	13.04	18.6	27.31	20.62	24.74	14.56	30.81	26.83	26.17	17.0	20.02	16.12	20.25	21.93	25.0	5.1	7.0	3.16	31.06	23.35	12.53	29.73	20.52	8.06	35.38	24.6	20.59	10.05	
51.4	59.41	14.56	37.0	21.0	28.0	35.85	5.83	24.41	16.55	13.89	30.61	0.0	50.7	63.03	53.81	58.01	1.0	32.31	30.81	43.83	49.24	22.09	47.17	21.02	20.25	31.02	9.9	13.42	43.27	55.61	21.21	40.52	42.54	34.21	18.68	8.06	12.04	56.6	18.03	50.22	2.83	4.12	43.57	20.02	55.17	41.18	25.06	42.45	25.63	45.69	30.0	38.0	31.89	56.59	27.02	12.21	15.81	46.96	27.46	49.41	50.91	19.72	11.18	5.39	25.32	44.72	35.36	27.31	42.49	32.2	42.06	37.11	26.93	47.71	12.53	46.1	15.0	19.7	39.45	15.23	24.76	22.83	49.2	14.32	11.4	13.0	25.08	49.01	36.35	37.34	45.19	20.4	46.62	35.06	39.12	26.0	33.24	25.5	27.66	41.59	46.52	42.43	16.64	35.44	38.21	7.0	43.01	42.95	24.7	
19.7	31.05	53.01	14.04	30.87	24.7	35.85	46.82	29.02	39.45	42.01	25.71	50.7	0.0	29.07	29.97	21.1	50.45	19.03	45.31	17.69	2.24	29.15	6.4	30.46	32.06	53.14	46.52	41.59	17.03	21.59	34.06	10.2	36.88	31.3	44.28	50.25	39.56	17.03	33.24	34.41	53.16	54.82	51.61	32.2	26.57	37.01	27.02	47.2	25.32	8.6	25.5	17.03	26.25	29.73	28.28	43.83	42.19	10.63	35.44	33.6	26.42	39.2	42.95	46.49	46.57	39.62	36.72	39.85	39.05	32.7	45.0	13.6	40.8	15.81	43.05	9.22	49.04	31.4	35.81	39.82	31.26	38.64	19.72	40.71	39.29	49.0	40.26	12.0	22.2	50.12	10.0	45.54	17.8	17.8	14.14	50.7	28.23	32.56	28.44	21.54	41.01	25.5	41.34	44.29	24.7	52.92	45.61	8.06	26.31	
12.53	6.08	58.18	32.31	49.4	46.1	31.02	61.55	38.9	58.52	50.0	32.53	63.03	29.07	0.0	11.18	8.0	62.37	34.48	41.76	20.25	31.02	47.17	25.18	48.55	43.14	49.24	63.25	59.41	21.1	8.54	41.87	32.02	26.48	30.02	48.37	58.82	55.44	12.04	50.22	18.03	65.86	66.71	40.01	50.77	8.06	27.66	39.05	36.01	40.22	24.52	33.24	42.95	31.14	8.06	36.07	61.4	61.29	21.59	37.22	18.11	12.53	44.65	59.82	60.83	46.24	27.07	31.95	39.81	28.28	32.25	34.06	34.79	40.72	17.46	51.4	23.54	54.2	44.69	28.16	58.25	38.29	42.19	14.42	58.82	53.08	55.23	41.59	41.05	48.27	42.3	23.77	48.3	17.49	41.76	39.81	49.65	30.0	37.8	35.38	49.37	27.0	20.81	60.75	37.85	24.84	67.9	34.01	33.38	40.8	
10.3	5.83	47.71	28.02	42.72	40.79	20.12	53.01	30.53	51.48	40.31	24.19	53.81	29.97	11.18	0.0	12.53	53.08	28.64	30.68	15.0	31.38	40.5	24.35	41.79	34.67	38.08	55.23	51.88	16.0	10.0	32.65	29.15	15.3	19.85	38.01	48.92	47.51	15.62	42.95	7.07	56.64	57.28	29.15	44.01	4.47	16.49	31.3	25.02	33.24	22.8	25.06	40.05	22.47	3.16	27.46	53.71	54.13	19.92	27.02	7.0	4.0	34.71	51.97	52.2	35.34	16.0	21.02	29.15	17.12	22.02	23.0	31.0	30.02	14.56	41.73	21.84	43.83	36.72	17.09	50.99	29.21	32.02	10.44	51.43	44.65	45.0	31.06	41.11	45.0	31.14	21.59	37.74	13.15	38.01	37.12	38.63	20.62	28.32	26.63	47.27	16.12	11.66	53.71	26.68	16.12	59.2	23.02	31.58	33.62	
6.71	10.82	54.78	25.06	42.8	38.95	29.15	55.97	33.6	52.01	45.65	27.46	58.01	21.1	8.0	12.53	0.0	57.43	27.8	40.2	14.21	23.02	40.61	17.26	42.01	37.8	48.09	57.28	53.15	14.87	3.0	37.22	24.35	26.17	26.93	44.94	54.59	49.5	4.12	43.93	19.31	60.8	61.85	41.0	44.2	8.06	27.07	33.3	36.67	33.97	16.76	28.02	35.17	26.42	10.63	31.06	55.23	54.82	13.93	33.84	18.97	11.18	40.72	53.76	55.32	43.93	27.66	30.15	37.11	28.28	29.12	34.53	27.31	38.08	10.63	47.01	15.81	50.7	38.95	27.0	51.86	33.62	38.63	8.94	52.5	47.51	51.48	38.6	33.06	40.52	42.11	16.16	45.22	11.4	34.18	32.02	47.68	26.0	33.54	30.53	41.44	28.16	17.46	54.2	37.0	20.62	62.37	34.71	25.5	34.66	
50.8	58.69	13.6	36.69	21.02	28.02	34.99	6.4	23.85	17.0	13.04	30.0	1.0	50.45	62.37	53.08	57.43	0.0	31.95	29.83	43.27	49.03	22.02	46.82	21.0	19.72	30.02	10.63	13.89	42.72	55.0	20.52	40.26	41.68	33.42	17.72	7.07	12.17	56.08	18.0	49.41	3.61	4.47	42.58	20.1	54.49	40.31	24.6	41.48	25.3	45.31	29.41	38.01	31.24	55.87	26.4	12.81	16.4	46.52	26.63	48.6	50.21	18.87	11.66	5.83	24.33	43.83	34.48	26.4	41.59	31.4	41.11	36.88	26.0	47.17	11.66	45.69	14.0	19.31	38.59	15.65	24.08	21.95	48.6	14.76	11.18	12.0	24.17	49.0	36.5	36.35	44.78	19.42	46.04	35.01	39.05	25.0	32.53	24.76	27.02	41.77	45.62	41.73	17.2	34.48	37.54	8.0	42.06	42.76	24.35	
21.95	32.89	34.06	5.0	15.0	12.17	22.47	29.15	10.2	24.21	23.0	9.22	32.31	19.03	34.48	28.64	27.8	31.95	0.0	29.21	14.32	18.03	12.81	14.87	14.21	13.04	36.36	29.83	25.46	13.42	26.08	15.3	9.06	26.57	17.49	25.71	31.26	22.2	25.46	16.28	29.02	34.93	36.4	38.6	16.4	27.86	26.0	8.0	34.67	6.71	13.42	8.49	14.42	10.82	30.36	10.3	27.59	27.02	15.0	18.6	28.02	24.74	20.62	26.25	28.65	29.07	29.73	23.02	23.02	28.23	17.8	32.76	6.71	23.85	17.2	24.02	13.89	30.15	12.65	24.17	24.08	13.0	20.62	20.12	24.76	21.02	30.02	22.83	21.95	18.03	35.36	13.04	27.2	17.0	11.18	12.73	33.11	13.89	14.76	10.82	21.95	31.62	18.0	26.4	29.73	14.14	35.51	33.62	12.37	7.62	
34.01	36.4	19.42	33.29	33.11	36.62	11.05	33.06	20.62	37.85	18.0	20.25	30.81	45.31	41.76	30.68	40.2	29.83	29.21	0.0	29.43	45.19	31.76	39.22	32.2	21.47	8.06	37.0	36.35	29.61	37.22	17.0	37.22	15.65	14.32	12.17	23.41	31.4	41.0	31.02	24.6	33.24	32.89	13.0	33.62	33.96	14.32	23.43	11.7	27.02	37.0	20.81	43.14	19.24	33.84	19.1	37.12	39.46	36.14	10.63	24.17	29.61	13.34	35.13	32.06	5.83	16.4	10.05	6.4	14.42	12.65	11.66	35.81	5.83	33.24	19.03	36.69	16.55	24.6	13.6	36.67	17.03	10.77	32.0	36.5	27.29	18.38	7.62	51.04	45.45	7.28	35.74	10.44	31.14	39.6	41.87	8.06	17.09	14.87	18.44	50.25	17.69	23.0	39.62	5.0	21.38	37.66	12.53	40.82	26.4	
7.81	18.68	41.48	13.04	29.15	26.25	18.97	41.77	19.42	38.28	31.78	13.42	43.83	17.69	20.25	15.0	14.21	43.27	14.32	29.43	0.0	18.44	26.93	11.31	28.3	23.6	37.48	43.19	39.2	1.0	12.04	23.26	14.32	19.21	15.13	31.78	40.72	35.38	13.0	30.0	17.46	46.62	47.71	34.13	30.53	13.6	19.42	19.1	29.68	20.0	9.22	13.89	25.08	12.65	16.28	17.0	41.23	41.05	7.21	21.1	16.55	11.0	27.2	39.7	41.11	32.0	21.93	19.92	25.0	21.4	17.03	27.46	16.0	26.0	4.12	33.11	8.49	37.36	24.76	18.36	38.01	19.7	25.5	5.83	38.6	33.3	37.95	26.08	27.29	30.0	33.24	7.81	32.39	2.83	23.02	22.2	36.01	13.04	19.92	16.55	32.39	23.35	7.81	40.5	27.51	8.06	48.17	28.02	17.09	20.62	
21.19	32.76	52.09	13.04	29.15	22.83	36.06	45.22	28.16	37.59	41.01	25.3	49.24	2.24	31.02	31.38	23.02	49.03	18.03	45.19	18.44	0.0	27.51	7.21	28.79	31.0	52.92	44.78	39.81	17.69	23.35	33.24	9.0	37.48	31.38	43.57	49.09	37.95	19.0	31.62	35.51	51.66	53.37	52.01	30.46	28.16	37.54	26.02	47.63	24.08	9.22	25.0	14.87	26.0	31.32	27.66	42.05	40.31	11.66	35.11	34.67	27.73	38.47	41.23	44.92	46.17	40.31	36.89	39.56	39.62	32.65	45.45	12.17	40.5	17.0	42.0	10.0	48.17	30.15	36.24	38.01	30.59	38.08	21.02	38.91	37.85	48.04	39.85	10.05	20.0	50.25	10.63	44.91	18.87	15.81	12.04	50.29	28.18	32.02	27.89	19.31	41.77	26.17	39.45	44.42	25.0	51.26	46.1	6.32	25.08	
34.67	45.19	28.64	16.4	2.24	6.32	29.27	17.72	12.17	11.4	18.03	17.12	22.09	29.15	47.17	40.5	40.61	22.02	12.81	31.76	26.93	27.51	0.0	26.63	1.41	10.3	37.01	17.49	12.81	26.08	38.83	14.76	19.24	35.01	25.02	23.35	23.77	10.44	38.21	4.12	39.62	24.33	26.17	43.66	3.61	40.25	34.06	10.0	40.52	7.28	25.61	16.12	16.12	19.1	42.54	15.03	15.0	14.21	27.59	22.14	38.64	36.77	19.21	13.89	17.46	29.21	38.05	29.43	25.5	36.12	24.19	39.05	15.65	25.94	30.0	18.36	26.25	25.55	7.21	32.06	11.31	15.52	21.1	32.76	12.04	11.05	24.6	24.19	27.02	15.65	38.91	25.5	25.46	29.68	13.0	17.03	32.56	22.02	17.72	16.03	21.02	40.05	29.12	13.6	34.18	24.74	23.77	40.02	21.19	7.07	
14.32	26.17	48.09	10.3	28.6	23.35	29.53	43.83	24.19	37.64	37.34	20.1	47.17	6.4	25.18	24.35	17.26	46.82	14.87	39.22	11.31	7.21	26.63	0.0	28.02	27.66	47.13	44.1	39.41	10.63	17.0	29.07	7.81	30.48	25.08	39.01	45.89	36.72	13.6	30.53	28.3	49.77	51.26	45.22	30.0	21.38	30.61	22.56	40.8	21.54	2.24	20.02	18.03	20.4	24.52	23.0	41.62	40.46	4.47	29.61	27.46	20.62	34.0	40.5	43.38	40.79	33.24	30.41	33.96	32.65	26.57	38.6	11.31	34.93	9.85	38.47	2.83	44.05	27.51	29.41	37.8	26.0	33.14	13.93	38.6	35.85	44.18	34.53	16.76	23.41	43.83	3.61	40.11	11.66	17.49	14.87	44.91	22.14	27.07	23.02	24.19	34.66	19.1	39.7	38.01	18.36	50.12	39.2	8.25	22.47	
36.06	46.52	28.18	17.8	1.0	7.07	30.15	16.49	13.04	10.0	17.8	18.25	21.02	30.46	48.55	41.79	42.01	21.0	14.21	32.2	28.3	28.79	1.41	28.02	0.0	10.77	37.2	16.12	11.4	27.46	40.22	15.23	20.59	36.0	26.0	23.35	23.09	9.22	39.62	3.0	40.79	23.19	25.08	44.27	2.24	41.59	35.01	11.05	41.23	8.54	27.02	17.26	17.03	20.22	43.86	16.0	13.6	12.81	29.0	22.8	39.81	38.08	19.42	12.53	16.28	29.41	39.01	30.27	26.0	37.05	25.08	39.81	17.0	26.4	31.4	18.03	27.66	25.24	7.62	33.02	9.9	16.28	21.47	34.13	10.63	10.2	24.19	24.6	28.0	16.16	39.4	26.91	25.5	31.06	14.04	18.11	32.65	23.09	18.44	17.0	21.54	41.01	30.36	12.21	34.79	25.96	22.47	40.79	22.47	8.25	
31.24	40.0	21.21	18.03	11.7	15.56	20.02	18.44	4.24	18.11	10.05	10.63	20.25	32.06	43.14	34.67	37.8	19.72	13.04	21.47	23.6	31.0	10.3	27.66	10.77	0.0	26.91	20.59	17.72	23.02	35.47	4.47	22.0	26.31	16.49	13.89	18.25	13.0	36.36	10.05	32.31	23.02	24.19	33.53	12.37	35.47	25.18	5.1	30.59	7.28	25.96	9.9	23.71	12.21	37.2	7.21	19.31	20.4	26.93	12.17	31.38	31.4	9.22	17.46	17.69	19.1	29.15	20.0	15.23	27.07	15.13	29.27	19.1	15.65	27.46	11.0	26.25	17.46	3.16	23.19	17.26	6.08	10.82	29.07	17.46	10.0	17.12	13.89	33.53	24.84	28.64	25.3	15.81	26.4	20.12	23.41	22.67	14.32	8.0	8.06	30.0	31.14	23.02	20.22	24.04	18.6	24.76	30.27	25.08	6.32	
42.0	43.68	17.26	40.71	38.01	42.45	19.0	34.53	27.02	41.23	20.62	27.73	31.02	53.14	49.24	38.08	48.09	30.02	36.36	8.06	37.48	52.92	37.01	47.13	37.2	26.91	0.0	38.83	39.22	37.66	45.1	22.63	44.72	22.8	22.36	14.32	23.0	34.54	49.01	35.51	31.62	33.02	32.14	14.42	38.28	41.59	21.59	29.83	15.62	33.3	44.92	28.18	49.82	26.93	41.23	26.08	39.56	42.38	44.15	17.89	31.32	37.34	17.8	37.64	33.54	7.81	22.85	18.0	13.42	21.19	20.62	16.64	43.05	12.53	41.3	21.19	44.64	16.03	29.83	21.21	39.92	23.6	16.28	40.01	39.56	30.46	18.03	13.6	58.31	51.62	8.49	43.68	12.08	39.2	46.23	48.83	5.1	25.0	21.63	25.55	56.64	23.71	31.02	42.72	11.4	29.43	38.01	17.2	48.3	32.56	
50.99	60.46	23.71	33.84	15.65	22.14	39.56	4.47	24.7	8.0	19.0	31.06	9.9	46.52	63.25	55.23	57.28	10.63	29.83	37.0	43.19	44.78	17.49	44.1	16.12	20.59	38.83	0.0	5.1	42.45	55.23	23.41	36.72	46.17	36.77	25.08	17.0	7.81	55.23	13.6	52.8	10.3	12.53	50.0	14.32	55.8	44.92	24.21	48.17	23.35	43.01	30.23	31.78	32.76	57.69	27.78	3.0	6.32	44.82	31.05	51.89	51.87	24.19	3.61	5.39	32.14	48.76	39.29	32.25	46.57	35.11	47.38	33.12	32.14	46.67	18.03	43.6	23.09	18.6	43.01	7.07	26.4	27.29	48.92	6.08	10.77	21.19	30.15	42.76	29.07	44.05	42.8	27.17	46.01	29.41	33.53	33.73	34.89	27.86	28.65	34.0	50.7	43.57	7.28	41.11	39.12	7.0	48.37	38.48	22.63	
47.01	56.94	25.61	29.21	10.82	17.09	37.48	7.62	21.54	3.16	18.68	27.73	13.42	41.59	59.41	51.88	53.15	13.89	25.46	36.35	39.2	39.81	12.81	39.41	11.4	17.72	39.22	5.1	0.0	38.42	51.22	21.21	31.91	43.93	34.21	25.0	19.1	5.0	50.91	9.22	49.98	14.56	16.76	49.25	9.43	52.15	42.76	20.59	47.01	19.21	38.42	26.83	26.68	29.55	54.2	24.7	2.24	3.16	40.36	29.15	49.04	48.37	23.09	2.24	8.06	32.02	46.69	37.34	31.02	44.55	32.76	46.01	28.3	31.06	42.52	18.03	39.05	24.19	15.23	40.79	2.0	23.77	26.02	45.0	1.0	9.06	22.47	29.07	37.66	24.02	43.57	38.29	27.2	42.01	24.35	28.46	34.18	31.95	25.5	25.63	29.02	48.66	40.25	3.61	40.05	35.78	12.04	47.01	33.54	18.6	
8.6	19.65	41.23	12.04	28.3	25.3	19.31	41.11	18.87	37.44	31.38	13.0	43.27	17.03	21.1	16.0	14.87	42.72	13.42	29.61	1.0	17.69	26.08	10.63	27.46	23.02	37.66	42.45	38.42	0.0	12.81	22.85	13.34	19.85	15.3	31.58	40.31	34.66	13.42	29.21	18.38	46.04	47.17	34.67	29.68	14.56	20.0	18.44	30.23	19.21	8.49	13.42	24.08	12.37	17.26	16.55	40.46	40.22	6.71	21.02	17.46	12.0	26.93	38.95	40.46	32.02	22.63	20.25	25.02	22.02	17.12	28.02	15.0	26.02	4.47	32.7	7.81	37.11	24.08	18.87	37.2	19.31	25.32	6.71	37.8	32.65	37.64	26.02	26.42	29.0	33.62	7.07	32.25	3.61	22.02	21.21	36.06	13.0	19.65	16.16	31.4	24.08	8.49	39.66	27.86	8.25	47.51	28.6	16.16	19.85	
4.24	9.49	52.0	23.77	41.05	37.58	26.17	53.76	31.24	50.22	43.05	25.0	55.61	21.59	8.54	10.0	3.0	55.0	26.08	37.22	12.04	23.35	38.83	17.0	40.22	35.47	45.1	55.23	51.22	12.81	0.0	34.67	23.54	23.19	24.04	42.15	51.97	47.42	5.66	42.01	16.55	58.41	59.41	38.08	42.44	5.66	24.08	31.11	33.73	32.02	16.12	25.61	34.53	23.85	8.6	28.6	53.26	53.01	13.15	31.02	16.16	8.25	38.01	51.74	53.08	41.0	24.74	27.17	34.21	25.32	26.25	31.58	26.25	35.17	8.94	44.42	15.13	47.93	36.77	24.0	50.0	31.06	35.85	6.4	50.61	45.28	48.75	35.74	33.38	39.81	39.12	15.3	42.38	9.22	33.24	31.4	44.72	23.26	30.89	28.02	41.11	25.3	14.56	52.43	34.0	17.89	60.14	31.78	25.08	32.65	
30.53	38.21	19.03	20.22	16.16	19.85	16.28	20.59	5.1	22.0	8.54	9.85	21.21	34.06	41.87	32.65	37.22	20.52	15.3	17.0	23.26	33.24	14.76	29.07	15.23	4.47	22.63	23.41	21.21	22.85	34.67	0.0	24.33	22.8	13.42	10.44	17.46	16.28	36.25	14.32	29.53	24.04	24.84	29.12	16.76	33.97	21.59	7.62	26.31	10.82	27.17	9.49	27.46	10.82	35.38	6.32	22.56	24.08	27.66	8.0	28.65	29.7	5.39	20.62	19.72	14.87	25.5	16.12	10.77	23.35	11.7	25.08	21.84	11.18	27.31	9.85	27.29	15.0	7.62	19.65	21.02	3.61	6.4	28.3	21.1	12.65	15.13	9.43	36.77	29.0	24.17	26.31	12.08	25.94	23.85	26.83	18.6	12.04	4.47	6.71	34.06	27.46	21.21	24.02	19.65	17.03	26.63	26.08	27.66	10.0	
20.1	32.06	43.1	4.12	21.1	15.56	29.0	36.77	19.24	30.0	32.02	17.0	40.52	10.2	32.02	29.15	24.35	40.26	9.06	37.22	14.32	9.0	19.24	7.81	20.59	22.0	44.72	36.72	31.91	13.34	23.54	24.33	0.0	31.62	24.08	34.71	40.11	29.55	21.02	23.26	31.62	43.01	44.64	45.25	22.47	27.02	31.4	17.03	41.04	15.13	7.62	16.55	11.05	18.03	30.0	18.97	34.13	32.8	10.44	26.83	30.68	25.18	29.61	33.12	36.4	37.7	34.67	29.73	31.3	33.6	25.0	38.95	3.61	32.2	15.03	33.0	8.54	39.2	21.21	29.83	30.23	21.84	29.41	19.0	31.06	29.12	39.05	31.38	14.14	16.28	42.8	8.25	36.14	16.03	9.85	8.0	41.79	20.62	23.41	19.31	18.11	36.36	21.02	32.02	37.01	18.6	42.95	39.7	3.61	16.12	
20.88	20.88	33.97	28.65	37.0	37.66	6.71	43.08	23.02	44.41	28.65	18.25	42.54	36.88	26.48	15.3	26.17	41.68	26.57	15.65	19.21	37.48	35.01	30.48	36.0	26.31	22.8	46.17	43.93	19.85	23.19	22.8	31.62	0.0	10.0	24.84	36.4	39.05	27.89	36.12	8.94	45.28	45.49	15.23	38.01	19.03	1.41	25.02	10.77	28.16	28.32	19.24	40.72	16.28	18.44	20.0	45.35	46.69	26.4	15.23	8.54	15.03	22.83	43.42	42.15	20.81	3.16	7.21	15.62	2.24	11.18	8.54	31.76	16.28	21.95	30.02	27.66	30.41	29.15	3.16	43.57	20.22	19.72	19.31	43.74	35.44	31.89	17.8	45.61	44.6	16.0	26.91	24.04	19.72	37.7	38.47	23.71	13.15	18.44	19.0	48.33	5.1	11.4	46.53	11.4	13.04	48.75	8.94	35.0	28.07	
20.4	25.61	28.18	20.52	27.0	27.89	5.0	34.0	13.04	34.53	20.52	8.54	34.21	31.3	30.02	19.85	26.93	33.42	17.49	14.32	15.13	31.38	25.02	25.08	26.0	16.49	22.36	36.77	34.21	15.3	24.04	13.42	24.08	10.0	0.0	18.36	29.07	29.41	27.17	26.17	16.12	37.01	37.54	21.26	28.02	21.95	9.06	15.03	17.2	18.25	22.85	9.49	31.91	6.71	22.8	10.0	35.74	36.88	21.84	7.21	15.26	17.49	14.87	33.84	33.12	17.12	13.04	5.66	10.2	11.18	2.24	15.26	23.43	11.18	19.03	21.93	22.47	24.19	19.24	7.07	33.73	10.44	12.21	18.25	33.96	26.0	25.24	11.7	38.21	35.34	18.87	21.54	18.38	17.0	28.65	30.0	21.02	3.61	8.94	9.0	39.45	15.03	9.49	36.67	13.04	7.07	39.96	16.12	27.66	18.11	
38.28	43.83	9.85	30.59	24.08	29.21	18.38	21.0	15.52	26.93	6.32	19.03	18.68	44.28	48.37	38.01	44.94	17.72	25.71	12.17	31.78	43.57	23.35	39.01	23.35	13.89	14.32	25.08	25.0	31.58	42.15	10.44	34.71	24.84	18.36	0.0	11.66	20.25	44.64	21.4	33.24	21.19	21.02	25.08	24.21	40.31	23.43	18.03	23.77	21.02	37.0	19.0	37.59	19.24	41.05	16.03	25.5	28.16	37.12	11.18	32.56	35.85	5.1	23.54	20.0	7.07	26.63	17.69	9.22	24.41	16.12	23.41	32.28	8.6	35.9	7.07	37.01	5.83	16.4	21.93	25.63	13.04	6.32	36.06	25.3	16.16	7.07	7.07	47.17	38.6	19.0	36.01	2.24	34.21	34.0	37.16	9.43	18.97	12.04	16.0	43.83	28.3	27.73	28.46	16.76	24.35	25.5	24.35	38.08	20.12	
47.89	54.67	6.71	36.22	23.41	30.08	29.83	12.53	21.84	21.93	8.94	27.31	8.06	50.25	58.82	48.92	54.59	7.07	31.26	23.41	40.72	49.09	23.77	45.89	23.09	18.25	23.0	17.0	19.1	40.31	51.97	17.46	40.11	36.4	29.07	11.66	0.0	15.81	53.71	20.25	44.6	10.05	9.49	35.9	22.85	50.8	35.0	23.35	35.11	25.02	44.15	26.93	39.81	28.18	51.86	23.77	18.6	22.02	44.92	21.93	43.86	46.4	14.21	17.03	11.66	17.72	38.28	29.21	20.81	36.06	26.91	34.93	37.01	20.25	44.78	7.62	44.38	7.07	19.0	33.42	20.52	21.02	16.97	45.65	19.8	13.0	5.1	18.6	50.49	39.22	29.61	43.42	13.0	43.38	36.5	40.31	18.03	28.84	21.1	24.17	44.6	39.96	38.01	22.67	28.23	34.13	15.03	35.85	43.01	24.02	
43.19	52.7	21.93	26.42	9.06	16.03	32.56	7.28	17.0	6.71	13.93	23.32	12.04	39.56	55.44	47.51	49.5	12.17	22.2	31.4	35.38	37.95	10.44	36.72	9.22	13.0	34.54	7.81	5.0	34.66	47.42	16.28	29.55	39.05	29.41	20.25	15.81	0.0	47.51	6.32	45.31	14.04	16.0	44.28	8.0	48.01	37.85	16.4	42.01	15.62	35.51	22.47	26.02	25.06	49.93	20.12	6.32	8.06	37.2	24.19	44.38	44.1	18.11	4.47	7.07	27.2	41.77	32.39	26.02	39.62	27.89	41.01	26.0	26.08	38.9	13.42	36.06	20.0	10.82	35.9	5.39	18.97	21.02	41.11	5.1	4.12	18.44	24.08	37.05	24.33	38.64	35.23	22.47	38.21	23.19	27.29	29.55	27.31	20.62	21.02	29.61	43.74	35.85	8.25	35.06	31.38	13.42	42.01	31.62	14.87	
7.07	14.76	54.41	22.2	40.36	36.06	30.02	54.2	32.25	49.58	44.78	26.4	56.6	17.03	12.04	15.62	4.12	56.08	25.46	41.0	13.0	19.0	38.21	13.6	39.62	36.36	49.01	55.23	50.91	13.42	5.66	36.25	21.02	27.89	27.17	44.64	53.71	47.51	0.0	41.73	21.95	59.36	60.54	43.01	41.77	11.31	28.64	31.62	38.6	31.89	13.42	26.83	31.62	25.63	14.21	29.97	53.04	52.4	10.82	33.73	21.47	13.42	40.16	51.66	53.6	44.28	29.73	31.02	37.34	30.08	29.27	36.4	24.19	38.33	8.94	46.1	12.53	50.29	37.2	28.28	49.52	32.7	38.33	9.0	50.21	45.8	50.92	38.64	29.02	37.0	43.57	13.04	45.12	10.44	30.87	28.46	48.17	25.71	32.89	29.55	37.66	30.46	18.0	51.74	38.21	20.4	60.61	36.69	21.84	32.65	
37.8	47.89	25.55	20.25	3.16	10.05	30.0	13.6	13.15	8.54	15.56	18.97	18.03	33.24	50.22	42.95	43.93	18.0	16.28	31.02	30.0	31.62	4.12	30.53	3.0	10.05	35.51	13.6	9.22	29.21	42.01	14.32	23.26	36.12	26.17	21.4	20.25	6.32	41.73	0.0	41.48	20.22	22.09	43.42	2.83	43.05	35.06	11.7	40.61	10.0	29.41	18.03	20.02	20.88	45.18	16.28	11.31	11.18	31.24	22.2	40.52	39.36	17.89	10.0	13.34	27.78	39.05	30.02	25.0	37.01	25.02	39.32	19.7	25.3	33.3	15.62	30.0	22.8	7.0	33.06	8.06	16.0	20.25	35.81	8.6	7.28	21.63	23.41	31.0	18.97	38.28	29.21	23.6	32.8	17.03	21.1	30.81	23.54	18.03	17.26	24.35	41.05	31.38	10.77	33.96	26.93	19.7	40.31	25.3	9.43	
15.62	12.17	42.64	29.61	41.77	41.01	14.87	50.12	28.46	50.0	36.4	22.56	50.22	34.41	18.03	7.07	19.31	49.41	29.02	24.6	17.46	35.51	39.62	28.3	40.79	32.31	31.62	52.8	49.98	18.38	16.55	29.53	31.62	8.94	16.12	33.24	44.6	45.31	21.95	41.48	0.0	53.01	53.41	22.09	42.95	11.4	10.3	29.83	18.0	32.39	26.42	23.54	41.98	20.62	10.0	25.3	51.62	52.5	23.85	22.8	1.0	8.6	30.61	49.77	49.24	29.68	9.06	15.62	24.08	10.44	18.03	16.03	32.76	24.84	18.6	37.8	25.55	38.95	34.79	11.4	49.34	26.4	27.66	14.87	49.65	42.05	40.31	26.17	44.72	46.53	24.33	25.06	32.65	16.64	39.46	39.29	32.65	18.03	25.06	24.35	49.48	9.06	11.05	52.2	20.25	15.03	56.08	16.0	34.54	32.56	
54.2	62.24	16.12	39.56	23.09	30.07	38.59	7.07	27.2	17.72	16.64	33.42	2.83	53.16	65.86	56.64	60.8	3.61	34.93	33.24	46.62	51.66	24.33	49.77	23.19	23.02	33.02	10.3	14.56	46.04	58.41	24.04	43.01	45.28	37.01	21.19	10.05	14.04	59.36	20.22	53.01	0.0	2.24	45.89	22.02	58.0	43.91	27.78	44.92	28.23	48.33	32.8	40.05	34.71	59.41	29.83	13.0	16.55	49.65	30.23	52.2	53.74	22.47	12.37	7.0	27.66	47.41	38.08	29.97	45.18	35.0	44.6	39.56	29.55	50.48	15.26	48.75	17.12	22.36	42.19	16.49	27.59	25.55	52.01	15.52	13.93	15.13	27.73	51.09	38.12	39.62	47.85	22.8	49.41	37.22	41.3	28.07	36.07	28.32	30.48	43.29	49.19	45.25	17.46	37.95	41.04	5.39	45.54	45.35	27.31	
55.22	62.94	15.0	41.11	25.02	32.02	38.83	9.22	28.3	19.92	17.03	34.41	4.12	54.82	66.71	57.28	61.85	4.47	36.4	32.89	47.71	53.37	26.17	51.26	25.08	24.19	32.14	12.53	16.76	47.17	59.41	24.84	44.64	45.49	37.54	21.02	9.49	16.0	60.54	22.09	53.41	2.24	0.0	45.35	24.0	58.8	44.1	29.07	44.6	29.73	49.77	33.84	42.01	35.61	60.11	30.81	15.23	18.79	50.99	30.61	52.63	54.49	22.8	14.56	9.06	27.2	47.51	38.28	30.02	45.28	35.47	44.38	41.23	29.53	51.62	15.62	50.16	16.49	23.77	42.44	18.68	28.43	25.81	53.01	17.72	15.52	14.56	27.78	53.04	40.2	39.05	49.24	22.47	50.48	39.12	43.19	27.29	36.8	29.0	31.4	45.4	49.24	46.01	19.7	37.7	41.87	7.21	45.31	47.07	28.79	
36.06	34.0	31.02	41.77	45.22	47.85	16.28	46.04	31.78	50.64	31.0	29.41	43.57	51.61	40.01	29.15	41.0	42.58	38.6	13.0	34.13	52.01	43.66	45.22	44.27	33.53	14.42	50.0	49.25	34.67	38.08	29.12	45.25	15.23	21.26	25.08	35.9	44.28	43.01	43.42	22.09	45.89	45.35	0.0	45.88	33.38	14.76	34.44	4.47	38.01	43.01	30.23	53.01	27.8	32.06	29.53	50.09	52.35	41.34	21.54	22.2	29.83	26.17	48.09	45.04	18.25	13.34	15.62	18.44	13.0	20.81	6.71	44.69	18.25	37.12	32.02	42.44	28.86	36.69	15.81	49.5	28.23	23.35	34.54	49.37	40.2	30.81	20.22	59.4	56.08	6.32	41.62	23.19	34.89	49.65	51.22	18.38	24.84	26.0	28.65	60.46	13.04	26.42	52.47	9.49	27.02	50.49	6.32	48.8	37.58	
38.28	48.75	28.3	19.85	1.41	8.06	32.06	15.13	15.0	7.81	18.38	20.4	20.02	32.2	50.77	44.01	44.2	20.1	16.4	33.62	30.53	30.46	3.61	30.0	2.24	12.37	38.28	14.32	9.43	29.68	42.44	16.76	22.47	38.01	28.02	24.21	22.85	8.0	41.77	2.83	42.95	22.02	24.0	45.88	0.0	43.83	37.0	13.15	42.95	10.77	29.07	19.42	18.03	22.36	46.1	18.03	11.66	10.63	31.11	24.52	41.98	40.31	20.59	10.77	15.03	30.53	41.0	32.14	27.51	39.01	27.02	41.59	18.87	27.86	33.6	18.44	29.73	25.61	9.22	35.0	7.81	18.11	22.85	36.36	8.6	9.85	24.41	26.0	29.07	16.49	40.85	29.0	26.4	33.29	15.3	19.42	33.6	25.18	20.22	19.03	21.84	43.0	32.57	10.0	36.4	28.16	20.88	42.58	24.17	10.44	
7.07	5.1	50.12	26.48	42.49	39.85	23.09	53.91	31.24	51.48	42.01	24.84	55.17	26.57	8.06	4.47	8.06	54.49	27.86	33.96	13.6	28.16	40.25	21.38	41.59	35.47	41.59	55.8	52.15	14.56	5.66	33.97	27.02	19.03	21.95	40.31	50.8	48.01	11.31	43.05	11.4	58.0	58.8	33.38	43.83	0.0	20.1	31.62	29.15	33.12	20.1	25.61	38.05	23.35	3.16	28.32	54.08	54.2	17.12	29.15	11.18	4.47	36.62	52.43	53.15	38.28	20.1	24.04	31.78	21.0	24.19	27.07	29.27	32.7	12.0	43.42	19.1	46.14	37.2	20.4	51.11	30.41	34.13	8.06	51.62	45.45	47.17	33.54	38.08	43.19	35.01	19.03	40.25	11.18	36.35	35.01	41.76	22.02	29.83	27.59	45.01	20.4	12.81	53.71	30.27	16.97	60.21	27.17	29.07	33.62	
21.59	22.14	32.56	28.3	36.01	36.88	5.39	41.79	22.0	43.29	27.29	17.46	41.18	37.01	27.66	16.49	27.07	40.31	26.0	14.32	19.42	37.54	34.06	30.61	35.01	25.18	21.59	44.92	42.76	20.0	24.08	21.59	31.4	1.41	9.06	23.43	35.0	37.85	28.64	35.06	10.3	43.91	44.1	14.76	37.0	20.1	0.0	24.08	10.3	27.29	28.43	18.44	40.25	15.52	19.65	19.03	44.15	45.54	26.63	13.93	9.85	16.0	21.47	42.2	40.85	19.42	4.0	5.83	14.21	2.24	10.05	8.06	31.38	14.87	22.36	28.65	27.8	29.0	28.07	2.0	42.43	19.1	18.36	19.92	42.58	34.21	30.48	16.4	45.45	44.01	15.03	27.02	22.63	20.12	37.16	38.08	22.36	12.37	17.26	18.03	47.85	6.0	11.66	45.4	10.2	12.81	47.42	8.6	34.83	27.17	
26.87	36.36	26.08	13.0	12.04	13.42	19.42	22.67	2.83	20.25	15.0	7.28	25.06	27.02	39.05	31.3	33.3	24.6	8.0	23.43	19.1	26.02	10.0	22.56	11.05	5.1	29.83	24.21	20.59	18.44	31.11	7.62	17.03	25.02	15.03	18.03	23.35	16.4	31.62	11.7	29.83	27.78	29.07	34.44	13.15	31.62	24.08	0.0	31.02	3.61	20.88	6.32	20.0	9.22	33.62	5.1	22.47	22.85	21.93	13.04	28.86	27.78	13.0	20.81	22.02	22.2	28.07	19.65	17.03	26.17	14.32	29.41	14.32	17.69	22.8	16.03	21.19	22.2	5.66	22.09	19.7	6.4	13.6	24.76	20.12	14.21	22.02	16.28	29.15	22.02	30.23	20.25	19.7	21.93	16.4	19.24	26.08	12.04	8.6	6.08	26.87	30.07	19.7	22.47	25.06	15.23	29.07	30.36	20.22	3.16	
31.62	30.07	30.89	37.64	42.2	44.38	12.21	44.41	28.46	48.17	29.27	25.55	42.45	47.2	36.01	25.02	36.67	41.48	34.67	11.7	29.68	47.63	40.52	40.8	41.23	30.59	15.62	48.17	47.01	30.23	33.73	26.31	41.04	10.77	17.2	23.77	35.11	42.01	38.6	40.61	18.0	44.92	44.6	4.47	42.95	29.15	10.3	31.02	0.0	34.54	38.6	26.42	49.09	23.85	28.0	26.0	48.01	50.04	36.89	18.44	18.03	25.5	24.02	46.01	43.42	17.46	9.06	11.66	16.0	8.54	17.0	2.24	40.61	16.03	32.65	30.41	38.01	28.23	33.73	11.4	47.1	25.0	21.0	30.08	47.04	38.0	30.08	18.03	55.17	52.35	7.21	37.2	22.14	30.41	45.79	47.2	18.6	20.81	22.8	25.08	56.6	9.06	21.95	50.09	7.07	22.67	49.24	2.0	44.55	34.18	
27.8	38.01	28.44	11.4	9.49	9.85	22.8	22.47	6.4	18.36	17.26	10.0	25.63	25.32	40.22	33.24	33.97	25.3	6.71	27.02	20.0	24.08	7.28	21.54	8.54	7.28	33.3	23.35	19.21	19.21	32.02	10.82	15.13	28.16	18.25	21.02	25.02	15.62	31.89	10.0	32.39	28.23	29.73	38.01	10.77	33.12	27.29	3.61	34.54	0.0	20.12	9.0	16.64	12.0	35.34	8.54	21.26	21.1	21.63	16.64	31.4	29.55	16.12	19.8	21.95	25.61	31.26	23.09	20.62	29.43	17.72	32.89	12.0	21.26	23.35	18.11	20.59	24.74	6.08	25.32	18.03	10.0	17.03	25.81	18.6	14.32	24.33	19.8	26.25	18.44	33.84	19.72	22.83	22.8	13.04	16.16	29.41	15.03	12.21	9.49	23.35	33.24	21.84	20.59	28.65	17.46	28.84	33.84	18.0	1.0	
13.04	25.02	46.17	9.22	27.66	22.8	27.29	42.54	22.36	36.8	35.51	18.03	45.69	8.6	24.52	22.8	16.76	45.31	13.42	37.0	9.22	9.22	25.61	2.24	27.02	25.96	44.92	43.01	38.42	8.49	16.12	27.17	7.62	28.32	22.85	37.0	44.15	35.51	13.42	29.41	26.42	48.33	49.77	43.01	29.07	20.1	28.43	20.88	38.6	20.12	0.0	18.0	18.44	18.25	23.19	21.02	40.61	39.62	3.0	27.46	25.55	18.97	32.02	39.41	42.06	38.64	31.11	28.18	31.78	30.48	24.35	36.4	10.82	32.76	8.25	36.67	1.0	42.11	26.0	27.2	36.88	24.02	31.06	12.37	37.64	34.44	42.3	32.39	18.38	23.77	41.59	1.41	38.05	9.85	17.46	15.3	42.76	19.92	25.02	21.0	25.02	32.56	16.97	38.9	35.78	16.12	48.88	37.01	9.0	21.02	
21.4	30.23	28.28	12.53	18.25	18.44	14.32	28.32	5.66	26.57	18.03	1.0	30.0	25.5	33.24	25.06	28.02	29.41	8.49	20.81	13.89	25.0	16.12	20.02	17.26	9.9	28.18	30.23	26.83	13.42	25.61	9.49	16.55	19.24	9.49	19.0	26.93	22.47	26.83	18.03	23.54	32.8	33.84	30.23	19.42	25.61	18.44	6.32	26.42	9.0	18.0	0.0	22.8	3.0	27.46	3.16	28.65	29.15	18.25	10.3	22.56	21.63	14.04	26.93	27.59	21.19	22.36	14.76	14.76	20.62	9.43	24.6	15.0	15.65	17.89	19.31	18.03	24.19	11.66	16.49	26.0	6.08	13.15	19.21	26.4	19.85	24.52	14.87	30.23	25.94	26.87	17.03	20.1	16.64	19.42	21.21	25.3	6.08	7.07	3.0	30.23	24.33	13.42	28.79	21.26	8.94	34.66	25.5	20.12	9.06	
31.14	43.1	44.27	12.37	17.0	10.0	36.89	33.14	22.8	24.04	33.24	23.6	38.0	17.03	42.95	40.05	35.17	38.01	14.42	43.14	25.08	14.87	16.12	18.03	17.03	23.71	49.82	31.78	26.68	24.08	34.53	27.46	11.05	40.72	31.91	37.59	39.81	26.02	31.62	20.02	41.98	40.05	42.01	53.01	18.03	38.05	40.25	20.0	49.09	16.64	18.44	22.8	0.0	25.24	41.01	24.04	28.86	26.57	21.38	32.53	41.0	36.06	32.76	28.44	33.06	42.2	43.86	37.44	36.8	42.49	32.2	47.17	9.22	37.54	26.08	33.84	19.42	40.85	21.54	38.47	24.74	26.25	33.6	30.02	25.71	27.17	40.16	36.24	11.05	5.39	49.58	19.24	39.45	27.0	3.61	3.16	46.04	28.3	28.32	24.76	7.62	45.69	31.05	25.63	44.05	27.86	38.64	48.02	9.85	17.49	
19.72	27.8	28.86	14.21	21.21	21.38	11.66	30.61	8.06	29.41	19.24	2.0	31.89	26.25	31.14	22.47	26.42	31.24	10.82	19.24	12.65	26.0	19.1	20.4	20.22	12.21	26.93	32.76	29.55	12.37	23.85	10.82	18.03	16.28	6.71	19.24	28.18	25.06	25.63	20.88	20.62	34.71	35.61	27.8	22.36	23.35	15.52	9.22	23.85	12.0	18.25	3.0	25.24	0.0	25.0	5.0	31.3	31.95	18.0	9.22	19.65	19.21	14.56	29.53	29.83	20.4	19.42	12.21	13.6	17.72	7.07	21.95	16.97	14.56	16.76	20.59	18.11	24.74	14.32	13.6	28.79	7.21	13.04	17.49	29.15	22.2	25.3	14.14	32.02	28.64	24.84	17.12	20.02	15.23	21.95	23.43	24.52	3.16	7.28	4.24	32.76	21.38	10.82	31.62	19.1	6.4	36.88	22.83	21.63	12.04	
10.2	2.83	50.77	29.27	44.78	42.45	23.26	55.61	33.02	53.67	43.19	26.63	56.59	29.73	8.06	3.16	10.63	55.87	30.36	33.84	16.28	31.32	42.54	24.52	43.86	37.2	41.23	57.69	54.2	17.26	8.6	35.38	30.0	18.44	22.8	41.05	51.86	49.93	14.21	45.18	10.0	59.41	60.11	32.06	46.1	3.16	19.65	33.62	28.0	35.34	23.19	27.46	41.01	25.0	0.0	30.0	56.08	56.36	20.22	30.0	10.05	5.83	37.64	54.38	54.82	38.48	19.03	24.17	32.25	20.22	25.0	26.02	32.14	33.12	15.03	44.6	22.2	46.87	39.12	20.25	53.24	31.89	35.0	11.0	53.71	47.2	48.01	34.13	41.23	46.1	34.23	22.09	40.82	14.04	39.2	38.0	41.79	23.35	31.11	29.21	48.04	19.03	14.21	55.9	29.83	18.6	61.85	26.0	32.14	35.78	
24.41	32.8	25.18	14.87	17.0	18.38	14.32	25.61	3.16	24.74	14.87	3.61	27.02	28.28	36.07	27.46	31.06	26.4	10.3	19.1	17.0	27.66	15.03	23.0	16.0	7.21	26.08	27.78	24.7	16.55	28.6	6.32	18.97	20.0	10.0	16.03	23.77	20.12	29.97	16.28	25.3	29.83	30.81	29.53	18.03	28.32	19.03	5.1	26.0	8.54	21.02	3.16	24.04	5.0	30.0	0.0	26.4	27.2	21.38	8.49	24.35	24.21	11.0	24.6	24.84	18.79	23.02	14.56	12.81	21.1	9.22	24.35	17.0	13.6	21.02	16.16	21.1	21.1	9.49	17.03	24.04	3.0	10.44	22.2	24.35	17.2	21.38	12.53	32.25	26.63	25.61	20.1	17.26	19.72	20.52	22.8	22.85	7.28	4.47	1.0	31.24	25.02	15.81	26.93	20.25	11.4	31.89	25.3	22.47	8.25	
49.04	58.83	25.24	31.4	13.04	19.31	38.83	6.4	23.26	5.0	19.24	29.53	12.21	43.83	61.4	53.71	55.23	12.81	27.59	37.12	41.23	42.05	15.0	41.62	13.6	19.31	39.56	3.0	2.24	40.46	53.26	22.56	34.13	45.35	35.74	25.5	18.6	6.32	53.04	11.31	51.62	13.0	15.23	50.09	11.66	54.08	44.15	22.47	48.01	21.26	40.61	28.65	28.86	31.3	56.08	26.4	0.0	3.61	42.52	30.41	50.7	50.25	24.0	2.0	7.07	32.56	48.05	38.64	32.02	45.89	34.21	47.1	30.53	32.0	44.6	18.44	41.23	24.17	17.0	42.2	4.12	25.3	27.02	47.01	3.16	10.05	22.36	30.0	39.81	26.08	44.28	40.46	27.66	44.05	26.57	30.68	34.48	33.62	26.93	27.31	31.0	50.01	42.06	4.47	41.0	37.59	10.0	48.09	35.78	20.62	
48.83	59.06	28.6	30.41	12.04	17.49	40.31	10.0	24.04	2.83	21.84	30.08	15.81	42.19	61.29	54.13	54.82	16.4	27.02	39.46	41.05	40.31	14.21	40.46	12.81	20.4	42.38	6.32	3.16	40.22	53.01	24.08	32.8	46.69	36.88	28.16	22.02	8.06	52.4	11.18	52.5	16.55	18.79	52.35	10.63	54.2	45.54	22.85	50.04	21.1	39.62	29.15	26.57	31.95	56.36	27.2	3.61	0.0	41.73	32.06	51.55	50.54	26.17	5.0	10.63	35.17	49.5	40.2	34.06	47.38	35.51	49.0	29.21	34.13	44.2	21.19	40.31	27.29	17.72	43.57	3.16	26.48	29.07	46.87	3.0	12.17	25.55	32.14	37.36	23.35	46.69	39.6	30.36	43.83	24.6	28.64	37.34	34.48	28.28	28.16	28.07	51.48	42.54	1.0	43.1	38.08	13.15	50.0	34.13	20.59	
10.05	22.02	46.53	11.4	29.7	25.24	26.0	44.1	23.09	38.9	36.14	18.11	46.96	10.63	21.59	19.92	13.93	46.52	15.0	36.14	7.21	11.66	27.59	4.47	29.0	26.93	44.15	44.82	40.36	6.71	13.15	27.66	10.44	26.4	21.84	37.12	44.92	37.2	10.82	31.24	23.85	49.65	50.99	41.34	31.11	17.12	26.63	21.93	36.89	21.63	3.0	18.25	21.38	18.0	20.22	21.38	42.52	41.73	0.0	27.07	23.02	16.16	32.25	41.23	43.57	38.21	29.07	26.93	31.26	28.6	23.54	34.67	13.42	32.25	5.39	37.36	2.0	42.43	27.29	25.55	38.9	24.33	31.02	9.49	39.62	35.85	42.76	32.06	21.19	26.68	40.31	2.24	38.01	7.21	20.25	18.25	42.3	19.24	25.08	21.21	28.02	30.41	15.0	41.04	34.54	14.87	50.48	35.23	12.0	22.47	
27.2	32.8	21.02	22.83	23.77	26.42	8.54	27.86	10.3	30.0	13.6	9.85	27.46	35.44	37.22	27.02	33.84	26.63	18.6	10.63	21.1	35.11	22.14	29.61	22.8	12.17	17.89	31.05	29.15	21.02	31.02	8.0	26.83	15.23	7.21	11.18	21.93	24.19	33.73	22.2	22.8	30.23	30.61	21.54	24.52	29.15	13.93	13.04	18.44	16.64	27.46	10.3	32.53	9.22	30.0	8.49	30.41	32.06	27.07	0.0	22.02	24.7	7.81	28.44	26.93	11.18	17.72	8.25	4.47	15.52	5.0	17.12	25.24	5.39	25.18	15.0	27.29	17.0	15.3	12.08	29.02	6.71	5.0	25.0	29.07	20.4	18.03	5.0	40.5	35.0	17.2	26.31	11.4	23.35	29.0	31.24	15.3	8.06	4.47	7.81	39.7	19.65	16.55	32.02	12.08	13.34	33.54	18.11	30.41	16.12	
15.0	12.37	42.01	28.64	40.79	40.01	14.21	49.24	27.51	49.04	35.61	21.59	49.41	33.6	18.11	7.0	18.97	48.6	28.02	24.17	16.55	34.67	38.64	27.46	39.81	31.38	31.32	51.89	49.04	17.46	16.16	28.65	30.68	8.54	15.26	32.56	43.86	44.38	21.47	40.52	1.0	52.2	52.63	22.2	41.98	11.18	9.85	28.86	18.03	31.4	25.55	22.56	41.0	19.65	10.05	24.35	50.7	51.55	23.02	22.02	0.0	8.06	29.83	48.85	48.37	29.15	9.0	15.0	23.43	10.2	17.2	16.0	31.78	24.21	17.8	37.01	24.7	38.29	33.84	10.82	48.38	25.5	26.91	14.14	48.7	41.15	39.62	25.5	43.83	45.54	24.19	24.19	32.02	15.81	38.47	38.33	32.2	17.09	24.19	23.41	48.51	9.22	10.05	51.24	19.92	14.04	55.23	16.03	33.62	31.58	
7.07	8.6	45.65	24.02	39.0	36.88	18.68	49.82	27.2	47.85	37.64	20.81	50.91	26.42	12.53	4.0	11.18	50.21	24.74	29.61	11.0	27.73	36.77	20.62	38.08	31.4	37.34	51.87	48.37	12.0	8.25	29.7	25.18	15.03	17.49	35.85	46.4	44.1	13.42	39.36	8.6	53.74	54.49	29.83	40.31	4.47	16.0	27.78	25.5	29.55	18.97	21.63	36.06	19.21	5.83	24.21	50.25	50.54	16.16	24.7	8.06	0.0	32.2	48.55	49.04	33.84	16.49	19.65	27.31	17.12	19.72	23.35	27.0	28.23	10.77	39.05	18.03	41.68	33.29	16.12	47.41	26.17	29.68	6.71	47.89	41.4	42.72	29.07	37.34	41.0	31.02	17.72	35.78	9.22	34.01	33.14	37.36	17.69	25.5	23.43	43.29	17.09	8.49	50.09	26.08	12.81	56.08	23.54	27.66	29.97	
34.01	40.46	14.32	25.5	20.25	24.76	16.12	20.62	10.44	24.52	5.83	14.14	19.72	39.2	44.65	34.71	40.72	18.87	20.62	13.34	27.2	38.47	19.21	34.0	19.42	9.22	17.8	24.19	23.09	26.93	38.01	5.39	29.61	22.83	14.87	5.1	14.21	18.11	40.16	17.89	30.61	22.47	22.8	26.17	20.59	36.62	21.47	13.0	24.02	16.12	32.02	14.04	32.76	14.56	37.64	11.0	24.0	26.17	32.25	7.81	29.83	32.2	0.0	22.0	19.65	10.0	25.08	15.65	8.06	22.85	12.73	23.19	27.2	8.0	31.32	7.21	32.06	10.2	12.04	19.72	23.35	8.0	3.16	31.78	23.19	14.04	10.77	6.0	42.15	34.06	20.62	31.06	6.71	29.73	29.15	32.2	13.45	14.76	7.28	11.05	39.2	26.93	23.85	26.31	17.0	20.12	26.0	24.19	32.98	15.26	
47.51	57.14	23.6	30.23	12.08	18.68	36.88	5.39	21.47	5.39	17.26	27.78	11.18	42.95	59.82	51.97	53.76	11.66	26.25	35.13	39.7	41.23	13.89	40.5	12.53	17.46	37.64	3.61	2.24	38.95	51.74	20.62	33.12	43.42	33.84	23.54	17.03	4.47	51.66	10.0	49.77	12.37	14.56	48.09	10.77	52.43	42.2	20.81	46.01	19.8	39.41	26.93	28.44	29.53	54.38	24.6	2.0	5.0	41.23	28.44	48.85	48.55	22.0	0.0	5.83	30.59	46.1	36.67	30.02	43.93	32.28	45.1	29.53	30.0	43.14	16.49	40.0	22.36	15.26	40.26	4.12	23.41	25.02	45.45	3.16	8.06	20.59	28.0	39.46	26.0	42.3	39.2	25.71	42.52	25.96	30.08	32.57	31.78	25.0	25.5	31.06	48.05	40.31	5.66	39.0	35.85	10.2	46.1	34.93	19.1	
48.84	57.63	18.36	33.11	16.12	23.09	35.47	1.0	21.93	11.18	14.14	28.32	5.39	46.49	60.83	52.2	55.32	5.83	28.65	32.06	41.11	44.92	17.46	43.38	16.28	17.69	33.54	5.39	8.06	40.46	53.08	19.72	36.4	42.15	33.12	20.0	11.66	7.07	53.6	13.34	49.24	7.0	9.06	45.04	15.03	53.15	40.85	22.02	43.42	21.95	42.06	27.59	33.06	29.83	54.82	24.84	7.07	10.63	43.57	26.93	48.37	49.04	19.65	5.83	0.0	27.02	44.6	35.11	27.66	42.38	31.3	42.76	32.89	27.46	44.82	13.04	42.54	17.72	16.4	39.0	9.85	23.02	22.8	46.69	8.94	7.81	15.81	25.5	44.1	31.14	39.0	41.68	22.02	43.93	30.27	34.37	28.44	31.62	24.19	25.61	36.35	46.49	40.61	11.4	36.35	36.24	7.07	43.74	38.6	21.1	
37.48	41.15	13.6	33.62	30.23	34.66	15.23	28.02	19.42	33.84	13.34	20.88	25.32	46.57	46.24	35.34	43.93	24.33	29.07	5.83	32.0	46.17	29.21	40.79	29.41	19.1	7.81	32.14	32.02	32.02	41.0	14.87	37.7	20.81	17.12	7.07	17.72	27.2	44.28	27.78	29.68	27.66	27.2	18.25	30.53	38.28	19.42	22.2	17.46	25.61	38.64	21.19	42.2	20.4	38.48	18.79	32.56	35.17	38.21	11.18	29.15	33.84	10.0	30.59	27.02	0.0	21.93	14.32	7.0	19.85	15.03	17.49	35.78	6.0	36.01	14.14	38.47	10.77	22.02	18.36	32.57	16.12	8.6	35.36	32.28	23.09	12.65	6.32	51.0	43.86	12.04	37.48	5.0	34.06	38.6	41.34	4.12	19.03	14.32	18.38	48.92	23.35	26.48	35.44	10.82	24.02	32.25	18.36	41.23	24.84	
22.85	21.21	35.38	31.76	40.01	40.79	9.22	45.54	26.0	47.27	30.87	21.38	44.72	39.62	27.07	16.0	27.66	43.83	29.73	16.4	21.93	40.31	38.05	33.24	39.01	29.15	22.85	48.76	46.69	22.63	24.74	25.5	34.67	3.16	13.04	26.63	38.28	41.77	29.73	39.05	9.06	47.41	47.51	13.34	41.0	20.1	4.0	28.07	9.06	31.26	31.11	22.36	43.86	19.42	19.03	23.02	48.05	49.5	29.07	17.72	9.0	16.49	25.08	46.1	44.6	21.93	0.0	9.49	17.49	2.24	14.04	7.0	34.89	18.03	24.41	32.2	30.41	32.02	32.06	6.0	46.39	23.09	21.93	21.47	46.53	38.08	33.6	19.72	48.6	47.76	15.3	29.7	25.61	22.2	40.85	41.59	24.41	16.28	21.21	22.02	51.48	2.0	14.14	49.37	11.66	16.12	51.08	7.07	38.01	31.14	
24.0	26.83	27.02	26.17	31.26	32.89	1.0	36.06	17.26	38.05	21.47	13.89	35.36	36.72	31.95	21.02	30.15	34.48	23.02	10.05	19.92	36.89	29.43	30.41	30.27	20.0	18.0	39.29	37.34	20.25	27.17	16.12	29.73	7.21	5.66	17.69	29.21	32.39	31.02	30.02	15.62	38.08	38.28	15.62	32.14	24.04	5.83	19.65	11.66	23.09	28.18	14.76	37.44	12.21	24.17	14.56	38.64	40.2	26.93	8.25	15.0	19.65	15.65	36.67	35.11	14.32	9.49	0.0	8.49	7.28	5.39	9.85	29.07	9.22	23.54	22.83	27.73	23.35	23.02	4.24	37.12	14.04	12.53	22.02	37.22	28.64	24.76	10.63	43.86	40.71	13.42	26.83	17.03	21.38	34.13	35.61	17.72	9.22	12.0	13.6	44.94	11.4	13.04	40.11	7.62	12.08	41.63	10.77	33.3	22.8	
30.59	34.99	18.6	27.29	26.93	30.23	9.22	28.64	14.21	32.25	13.6	14.32	27.31	39.85	39.81	29.15	37.11	26.4	23.02	6.4	25.0	39.56	25.5	33.96	26.0	15.23	13.42	32.25	31.02	25.02	34.21	10.77	31.3	15.62	10.2	9.22	20.81	26.02	37.34	25.0	24.08	29.97	30.02	18.44	27.51	31.78	14.21	17.03	16.0	20.62	31.78	14.76	36.8	13.6	32.25	12.81	32.02	34.06	31.26	4.47	23.43	27.31	8.06	30.02	27.66	7.0	17.49	8.49	0.0	15.26	8.06	15.13	29.68	1.0	29.02	14.87	31.58	14.87	18.38	12.73	31.14	10.63	5.0	28.44	31.06	22.0	16.28	2.24	44.94	39.05	13.42	30.59	8.6	27.07	33.24	35.61	11.05	12.04	8.49	12.21	43.86	19.24	19.65	34.13	9.06	17.03	33.84	16.12	34.89	20.0	
23.09	22.56	33.24	30.53	38.05	39.05	7.07	43.32	24.02	45.18	28.64	19.65	42.49	39.05	28.28	17.12	28.28	41.59	28.23	14.42	21.4	39.62	36.12	32.65	37.05	27.07	21.19	46.57	44.55	22.02	25.32	23.35	33.6	2.24	11.18	24.41	36.06	39.62	30.08	37.01	10.44	45.18	45.28	13.0	39.01	21.0	2.24	26.17	8.54	29.43	30.48	20.62	42.49	17.72	20.22	21.1	45.89	47.38	28.6	15.52	10.2	17.12	22.85	43.93	42.38	19.85	2.24	7.28	15.26	0.0	12.0	6.32	33.62	15.81	24.19	29.97	29.83	29.83	30.02	4.12	44.28	21.02	19.7	21.54	44.41	35.9	31.4	17.49	47.63	46.24	14.04	29.07	23.43	21.95	39.4	40.31	22.47	14.56	19.1	20.1	50.09	4.12	13.6	47.27	9.85	15.0	48.85	6.71	37.01	29.27	
22.56	27.8	25.94	21.26	26.08	27.51	5.1	32.2	12.04	33.24	18.44	8.6	32.2	32.7	32.25	22.02	29.12	31.4	17.8	12.65	17.03	32.65	24.19	26.57	25.08	15.13	20.62	35.11	32.76	17.12	26.25	11.7	25.0	11.18	2.24	16.12	26.91	27.89	29.27	25.02	18.03	35.0	35.47	20.81	27.02	24.19	10.05	14.32	17.0	17.72	24.35	9.43	32.2	7.07	25.0	9.22	34.21	35.51	23.54	5.0	17.2	19.72	12.73	32.28	31.3	15.03	14.04	5.39	8.06	12.0	0.0	15.23	24.04	9.06	21.0	19.85	24.04	21.95	18.03	8.06	32.39	9.06	10.0	20.4	32.56	24.35	23.02	9.49	39.05	35.36	17.8	23.09	16.16	19.03	28.84	30.48	19.0	4.47	7.28	8.25	39.66	16.03	11.7	35.36	12.04	9.0	38.08	16.16	28.6	17.46	
29.41	28.16	31.06	35.61	40.79	42.72	10.3	43.74	26.93	47.04	28.64	23.71	42.06	45.0	34.06	23.0	34.53	41.11	32.76	11.66	27.46	45.45	39.05	38.6	39.81	29.27	16.64	47.38	46.01	28.02	31.58	25.08	38.95	8.54	15.26	23.41	34.93	41.01	36.4	39.32	16.03	44.6	44.38	6.71	41.59	27.07	8.06	29.41	2.24	32.89	36.4	24.6	47.17	21.95	26.02	24.35	47.1	49.0	34.67	17.12	16.0	23.35	23.19	45.1	42.76	17.49	7.0	9.85	15.13	6.32	15.23	0.0	38.6	15.3	30.41	29.83	35.81	28.18	32.39	9.22	46.01	23.54	20.1	27.86	46.0	37.05	29.97	17.26	53.08	50.54	8.54	35.0	21.93	28.18	43.91	45.22	19.1	18.87	21.38	23.41	54.71	7.28	19.72	49.01	6.71	20.52	48.76	1.0	42.45	32.57	
22.56	34.37	40.31	3.16	17.49	12.04	28.43	33.24	16.76	26.4	29.15	15.62	37.11	13.6	34.79	31.0	27.31	36.88	6.71	35.81	16.0	12.17	15.65	11.31	17.0	19.1	43.05	33.12	28.3	15.0	26.25	21.84	3.61	31.76	23.43	32.28	37.01	26.0	24.19	19.7	32.76	39.56	41.23	44.69	18.87	29.27	31.38	14.32	40.61	12.0	10.82	15.0	9.22	16.97	32.14	17.0	30.53	29.21	13.42	25.24	31.78	27.0	27.2	29.53	32.89	35.78	34.89	29.07	29.68	33.62	24.04	38.6	0.0	30.53	17.46	30.07	11.66	36.5	18.03	29.68	26.63	19.7	27.31	21.21	27.46	25.71	36.22	29.53	15.26	14.0	41.77	11.18	33.84	18.11	7.07	6.71	39.81	19.85	21.47	17.49	16.76	36.67	21.84	28.43	36.07	18.79	39.4	39.41	6.0	13.0	
31.58	35.85	17.8	28.18	27.31	30.81	10.0	28.44	14.87	32.39	13.34	15.23	26.93	40.8	40.72	30.02	38.08	26.0	23.85	5.83	26.0	40.5	25.94	34.93	26.4	15.65	12.53	32.14	31.06	26.02	35.17	11.18	32.2	16.28	11.18	8.6	20.25	26.08	38.33	25.3	24.84	29.55	29.53	18.25	27.86	32.7	14.87	17.69	16.03	21.26	32.76	15.65	37.54	14.56	33.12	13.6	32.0	34.13	32.25	5.39	24.21	28.23	8.0	30.0	27.46	6.0	18.03	9.22	1.0	15.81	9.06	15.3	30.53	0.0	30.02	14.56	32.56	14.14	18.79	13.45	31.26	11.31	5.1	29.43	31.14	22.02	15.62	2.0	45.79	39.7	13.0	31.58	7.81	28.07	33.97	36.4	10.05	13.04	9.22	13.04	44.55	19.72	20.62	34.23	9.0	18.03	33.53	16.28	35.78	20.62	
5.1	17.03	45.61	14.87	32.2	28.64	22.56	45.45	23.32	41.4	35.85	17.46	47.71	15.81	17.46	14.56	10.63	47.17	17.2	33.24	4.12	17.0	30.0	9.85	31.4	27.46	41.3	46.67	42.52	4.47	8.94	27.31	15.03	21.95	19.03	35.9	44.78	38.9	8.94	33.3	18.6	50.48	51.62	37.12	33.6	12.0	22.36	22.8	32.65	23.35	8.25	17.89	26.08	16.76	15.03	21.02	44.6	44.2	5.39	25.18	17.8	10.77	31.32	43.14	44.82	36.01	24.41	23.54	29.02	24.19	21.0	30.41	17.46	30.02	0.0	37.16	7.28	41.48	28.43	21.54	41.23	23.77	29.61	4.12	41.87	37.01	42.06	30.15	26.57	31.26	36.69	7.07	36.5	2.24	24.52	23.02	40.0	17.12	24.04	20.62	33.02	25.61	10.77	43.6	31.05	12.0	51.86	30.89	17.12	24.04	
40.31	47.42	10.44	29.02	18.6	24.6	23.32	14.04	14.32	20.12	1.41	19.7	12.53	43.05	51.4	41.73	47.01	11.66	24.02	19.03	33.11	42.0	18.36	38.47	18.03	11.0	21.19	18.03	18.03	32.7	44.42	9.85	33.0	30.02	21.93	7.07	7.62	13.42	46.1	15.62	37.8	15.26	15.62	32.02	18.44	43.42	28.65	16.03	30.41	18.11	36.67	19.31	33.84	20.59	44.6	16.16	18.44	21.19	37.36	15.0	37.01	39.05	7.21	16.49	13.04	14.14	32.2	22.83	14.87	29.97	19.85	29.83	30.07	14.56	37.16	0.0	36.88	7.21	12.37	26.93	18.79	13.42	10.3	38.08	18.38	9.43	6.32	12.65	44.15	34.0	26.02	35.9	9.22	35.78	30.36	33.96	16.16	21.4	13.6	16.55	39.36	34.01	30.61	21.54	23.35	26.63	18.97	30.81	36.06	17.12	
12.04	24.02	46.27	9.9	28.32	23.6	26.83	43.05	22.56	37.48	35.69	18.0	46.1	9.22	23.54	21.84	15.81	45.69	13.89	36.69	8.49	10.0	26.25	2.83	27.66	26.25	44.64	43.6	39.05	7.81	15.13	27.29	8.54	27.66	22.47	37.01	44.38	36.06	12.53	30.0	25.55	48.75	50.16	42.44	29.73	19.1	27.8	21.19	38.01	20.59	1.0	18.03	19.42	18.11	22.2	21.1	41.23	40.31	2.0	27.29	24.7	18.03	32.06	40.0	42.54	38.47	30.41	27.73	31.58	29.83	24.04	35.81	11.66	32.56	7.28	36.88	0.0	42.19	26.4	26.63	37.54	24.08	31.02	11.4	38.29	34.89	42.43	32.25	19.31	24.74	41.15	1.0	38.01	8.94	18.38	16.28	42.58	19.65	25.0	21.02	26.02	31.83	16.28	39.6	35.34	15.65	49.4	36.4	10.0	21.47	
44.01	49.65	4.12	35.13	25.81	31.76	24.08	18.68	20.02	26.63	7.62	24.33	15.0	49.04	54.2	43.83	50.7	14.0	30.15	16.55	37.36	48.17	25.55	44.05	25.24	17.46	16.03	23.09	24.19	37.11	47.93	15.0	39.2	30.41	24.19	5.83	7.07	20.0	50.29	22.8	38.95	17.12	16.49	28.86	25.61	46.14	29.0	22.2	28.23	24.74	42.11	24.19	40.85	24.74	46.87	21.1	24.17	27.29	42.43	17.0	38.29	41.68	10.2	22.36	17.72	10.77	32.02	23.35	14.87	29.83	21.95	28.18	36.5	14.14	41.48	7.21	42.19	0.0	19.31	27.59	25.24	18.11	12.08	41.79	24.7	16.28	2.0	12.81	50.96	41.18	22.56	41.19	6.4	39.85	37.34	40.8	11.0	24.7	17.46	21.21	46.53	33.6	33.54	27.78	21.47	30.08	22.0	29.07	42.43	23.77	
32.53	41.88	22.8	17.46	8.54	12.81	23.0	17.03	6.32	15.3	11.7	12.53	19.7	31.4	44.69	36.72	38.95	19.31	12.65	24.6	24.76	30.15	7.21	27.51	7.62	3.16	29.83	18.6	15.23	24.08	36.77	7.62	21.21	29.15	19.24	16.4	19.0	10.82	37.2	7.0	34.79	22.36	23.77	36.69	9.22	37.2	28.07	5.66	33.73	6.08	26.0	11.66	21.54	14.32	39.12	9.49	17.0	17.72	27.29	15.3	33.84	33.29	12.04	15.26	16.4	22.02	32.06	23.02	18.38	30.02	18.03	32.39	18.03	18.79	28.43	12.37	26.4	19.31	0.0	26.08	14.56	9.0	13.89	30.41	14.87	8.6	18.68	17.0	31.78	22.2	31.78	25.5	18.44	27.59	18.03	21.59	25.46	16.76	11.05	10.44	27.46	34.06	25.06	17.46	27.2	20.59	23.43	33.38	24.02	5.1	
21.21	22.85	31.24	26.63	34.01	34.93	3.61	39.92	20.0	41.3	25.55	15.52	39.45	35.81	28.16	17.09	27.0	38.59	24.17	13.6	18.36	36.24	32.06	29.41	33.02	23.19	21.21	43.01	40.79	18.87	24.0	19.65	29.83	3.16	7.07	21.93	33.42	35.9	28.28	33.06	11.4	42.19	42.44	15.81	35.0	20.4	2.0	22.09	11.4	25.32	27.2	16.49	38.47	13.6	20.25	17.03	42.2	43.57	25.55	12.08	10.82	16.12	19.72	40.26	39.0	18.36	6.0	4.24	12.73	4.12	8.06	9.22	29.68	13.45	21.54	26.93	26.63	27.59	26.08	0.0	40.45	17.12	16.64	19.42	40.61	32.28	29.0	14.87	43.93	42.15	15.3	25.81	21.26	19.31	35.34	36.36	21.54	10.44	15.3	16.03	46.07	8.0	10.77	43.42	10.0	11.31	45.62	9.9	33.3	25.18	
45.8	55.95	26.91	27.66	9.22	15.23	37.22	9.49	20.88	1.41	19.31	26.93	15.23	39.82	58.25	50.99	51.86	15.65	24.08	36.67	38.01	38.01	11.31	37.8	9.9	17.26	39.92	7.07	2.0	37.2	50.0	21.02	30.23	43.57	33.73	25.63	20.52	5.39	49.52	8.06	49.34	16.49	18.68	49.5	7.81	51.11	42.43	19.7	47.1	18.03	36.88	26.0	24.74	28.79	53.24	24.04	4.12	3.16	38.9	29.02	48.38	47.41	23.35	4.12	9.85	32.57	46.39	37.12	31.14	44.28	32.39	46.01	26.63	31.26	41.23	18.79	37.54	25.24	14.56	40.45	0.0	23.35	26.17	43.83	1.0	9.49	23.6	29.27	35.69	22.02	43.93	36.8	27.86	40.8	22.47	26.57	34.93	31.32	25.18	25.0	27.02	48.37	39.4	3.0	40.2	34.93	14.04	47.01	31.76	17.49	
26.93	34.71	22.2	17.72	17.26	19.72	14.0	23.85	3.61	24.19	12.08	6.32	24.76	31.26	38.29	29.21	33.62	24.08	13.0	17.03	19.7	30.59	15.52	26.0	16.28	6.08	23.6	26.4	23.77	19.31	31.06	3.61	21.84	20.22	10.44	13.04	21.02	18.97	32.7	16.0	26.4	27.59	28.43	28.23	18.11	30.41	19.1	6.4	25.0	10.0	24.02	6.08	26.25	7.21	31.89	3.0	25.3	26.48	24.33	6.71	25.5	26.17	8.0	23.41	23.02	16.12	23.09	14.04	10.63	21.02	9.06	23.54	19.7	11.31	23.77	13.42	24.08	18.11	9.0	17.12	23.35	0.0	7.62	24.7	23.54	15.65	18.44	10.0	34.89	28.43	23.85	23.09	14.32	22.36	22.67	25.24	20.12	8.6	2.24	3.16	33.24	25.08	17.69	26.31	18.79	13.45	30.0	24.52	25.3	9.43	
31.95	37.8	16.16	25.3	22.36	26.25	13.04	23.77	10.82	27.29	8.94	13.04	22.83	38.64	42.19	32.02	38.63	21.95	20.62	10.77	25.5	38.08	21.1	33.14	21.47	10.82	16.28	27.29	26.02	25.32	35.85	6.4	29.41	19.72	12.21	6.32	16.97	21.02	38.33	20.25	27.66	25.55	25.81	23.35	22.85	34.13	18.36	13.6	21.0	17.03	31.06	13.15	33.6	13.04	35.0	10.44	27.02	29.07	31.02	5.0	26.91	29.68	3.16	25.02	22.8	8.6	21.93	12.53	5.0	19.7	10.0	20.1	27.31	5.1	29.61	10.3	31.02	12.08	13.89	16.64	26.17	7.62	0.0	29.73	26.08	17.0	13.04	3.16	42.49	35.36	18.03	30.02	7.0	27.89	30.0	32.76	12.53	12.65	6.08	10.2	40.36	23.77	21.47	29.15	14.04	18.03	29.15	21.1	32.89	16.28	
2.24	13.15	45.88	18.44	34.99	31.95	21.02	47.38	24.84	44.1	36.72	18.6	49.2	19.72	14.42	10.44	8.94	48.6	20.12	32.0	5.83	21.02	32.76	13.93	34.13	29.07	40.01	48.92	45.0	6.71	6.4	28.3	19.0	19.31	18.25	36.06	45.65	41.11	9.0	35.81	14.87	52.01	53.01	34.54	36.36	8.06	19.92	24.76	30.08	25.81	12.37	19.21	30.02	17.49	11.0	22.2	47.01	46.87	9.49	25.0	14.14	6.71	31.78	45.45	46.69	35.36	21.47	22.02	28.44	21.54	20.4	27.86	21.21	29.43	4.12	38.08	11.4	41.79	30.41	19.42	43.83	24.7	29.73	0.0	44.41	38.9	42.54	29.83	30.68	35.13	34.71	11.18	36.4	3.16	28.28	27.0	39.2	17.09	24.6	21.63	37.05	22.47	9.0	46.32	29.27	11.7	53.76	28.23	21.21	26.4	
46.4	56.44	26.25	28.43	10.0	16.16	37.34	8.54	21.19	2.24	18.97	27.31	14.32	40.71	58.82	51.43	52.5	14.76	24.76	36.5	38.6	38.91	12.04	38.6	10.63	17.46	39.56	6.08	1.0	37.8	50.61	21.1	31.06	43.74	33.96	25.3	19.8	5.1	50.21	8.6	49.65	15.52	17.72	49.37	8.6	51.62	42.58	20.12	47.04	18.6	37.64	26.4	25.71	29.15	53.71	24.35	3.16	3.0	39.62	29.07	48.7	47.89	23.19	3.16	8.94	32.28	46.53	37.22	31.06	44.41	32.56	46.0	27.46	31.14	41.87	18.38	38.29	24.7	14.87	40.61	1.0	23.54	26.08	44.41	0.0	9.22	23.02	29.15	36.67	23.02	43.74	37.54	27.51	41.4	23.41	27.51	34.54	31.62	25.32	25.3	28.02	48.51	39.81	3.16	40.11	35.34	13.04	47.0	32.65	18.03	
41.04	50.0	18.6	25.63	10.44	17.26	28.86	8.49	14.21	10.77	9.85	20.62	11.4	39.29	53.08	44.65	47.51	11.18	21.02	27.29	33.3	37.85	11.05	35.85	10.2	10.0	30.46	10.77	9.06	32.65	45.28	12.65	29.12	35.44	26.0	16.16	13.0	4.12	45.8	7.28	42.05	13.93	15.52	40.2	9.85	45.45	34.21	14.21	38.0	14.32	34.44	19.85	27.17	22.2	47.2	17.2	10.05	12.17	35.85	20.4	41.15	41.4	14.04	8.06	7.81	23.09	38.08	28.64	22.0	35.9	24.35	37.05	25.71	22.02	37.01	9.43	34.89	16.28	8.6	32.28	9.49	15.65	17.0	38.9	9.22	0.0	14.87	20.02	38.05	26.25	34.53	34.0	18.38	36.12	24.02	28.0	25.5	24.19	17.09	18.03	31.62	40.02	33.02	12.37	31.02	28.6	14.87	38.05	31.58	13.42	
44.78	50.8	4.12	35.01	24.7	30.87	25.46	16.76	20.02	25.0	7.07	24.74	13.0	49.0	55.23	45.0	51.48	12.0	30.02	18.38	37.95	48.04	24.6	44.18	24.19	17.12	18.03	21.19	22.47	37.64	48.75	15.13	39.05	31.89	25.24	7.07	5.1	18.44	50.92	21.63	40.31	15.13	14.56	30.81	24.41	47.17	30.48	22.02	30.08	24.33	42.3	24.52	40.16	25.3	48.01	21.38	22.36	25.55	42.76	18.03	39.62	42.72	10.77	20.59	15.81	12.65	33.6	24.76	16.28	31.4	23.02	29.97	36.22	15.62	42.06	6.32	42.43	2.0	18.68	29.0	23.6	18.44	13.04	42.54	23.02	14.87	0.0	14.14	50.45	40.25	24.52	41.44	8.06	40.5	36.69	40.26	13.0	25.5	18.03	21.59	45.62	35.23	34.48	26.08	23.26	30.87	20.0	30.87	42.19	23.35	
32.02	36.89	16.64	27.31	25.5	29.21	11.31	26.48	13.45	30.41	11.4	14.56	25.08	40.26	41.59	31.06	38.6	24.17	22.83	7.62	26.08	39.85	24.19	34.53	24.6	13.89	13.6	30.15	29.07	26.02	35.74	9.43	31.38	17.8	11.7	7.07	18.6	24.08	38.64	23.41	26.17	27.73	27.78	20.22	26.0	33.54	16.4	16.28	18.03	19.8	32.39	14.87	36.24	14.14	34.13	12.53	30.0	32.14	32.06	5.0	25.5	29.07	6.0	28.0	25.5	6.32	19.72	10.63	2.24	17.49	9.49	17.26	29.53	2.0	30.15	12.65	32.25	12.81	17.0	14.87	29.27	10.0	3.16	29.83	29.15	20.02	14.14	0.0	44.78	38.21	14.87	31.26	6.71	28.28	32.65	35.23	10.44	13.04	8.06	12.08	43.14	21.47	21.19	32.25	11.0	18.25	31.62	18.25	34.93	19.1	
31.05	42.76	54.57	17.8	28.02	21.02	43.14	44.18	31.78	34.93	43.42	30.81	49.01	12.0	41.05	41.11	33.06	49.0	21.95	51.04	27.29	10.05	27.02	16.76	28.0	33.53	58.31	42.76	37.66	26.42	33.38	36.77	14.14	45.61	38.21	47.17	50.49	37.05	29.02	31.0	44.72	51.09	53.04	59.4	29.07	38.08	45.45	29.15	55.17	26.25	18.38	30.23	11.05	32.02	41.23	32.25	39.81	37.36	21.19	40.5	43.83	37.34	42.15	39.46	44.1	51.0	48.6	43.86	44.94	47.63	39.05	53.08	15.26	45.79	26.57	44.15	19.31	50.96	31.78	43.93	35.69	34.89	42.49	30.68	36.67	38.05	50.45	44.78	0.0	14.32	56.85	19.7	48.85	28.23	14.04	10.2	55.01	34.71	36.72	32.76	11.31	50.22	34.67	36.4	51.09	32.65	49.65	53.81	10.63	27.2	
36.35	48.26	44.28	17.03	15.81	9.43	40.25	31.06	24.84	21.1	33.62	26.83	36.35	22.2	48.27	45.0	40.52	36.5	18.03	45.45	30.0	20.0	15.65	23.41	16.16	24.84	51.62	29.07	24.02	29.0	39.81	29.0	16.28	44.6	35.34	38.6	39.22	24.33	37.0	18.97	46.53	38.12	40.2	56.08	16.49	43.19	44.01	22.02	52.35	18.44	23.77	25.94	5.39	28.64	46.1	26.63	26.08	23.35	26.68	35.0	45.54	41.0	34.06	26.0	31.14	43.86	47.76	40.71	39.05	46.24	35.36	50.54	14.0	39.7	31.26	34.0	24.74	41.18	22.2	42.15	22.02	28.43	35.36	35.13	23.02	26.25	40.25	38.21	14.32	0.0	52.2	24.52	40.61	32.06	7.07	8.54	47.51	31.78	30.61	27.46	5.39	49.65	35.51	22.36	46.87	32.02	36.06	51.43	15.23	19.1	
36.5	36.5	24.7	39.05	40.31	43.57	14.32	40.0	27.46	45.12	25.08	26.17	37.34	50.12	42.3	31.14	42.11	36.35	35.36	7.28	33.24	50.25	38.91	43.83	39.4	28.64	8.49	44.05	43.57	33.62	39.12	24.17	42.8	16.0	18.87	19.0	29.61	38.64	43.57	38.28	24.33	39.62	39.05	6.32	40.85	35.01	15.03	30.23	7.21	33.84	41.59	26.87	49.58	24.84	34.23	25.61	44.28	46.69	40.31	17.2	24.19	31.02	20.62	42.3	39.0	12.04	15.3	13.42	13.42	14.04	17.8	8.54	41.77	13.0	36.69	26.02	41.15	22.56	31.78	15.3	43.93	23.85	18.03	34.71	43.74	34.53	24.52	14.87	56.85	52.2	0.0	40.25	17.03	34.48	46.1	48.08	12.08	22.2	21.63	24.84	56.85	15.81	25.96	46.87	5.83	25.5	44.28	8.94	46.4	33.29	
12.0	24.0	45.28	9.22	27.59	23.02	25.94	42.19	21.59	36.77	34.71	17.0	45.19	10.0	23.77	21.59	16.16	44.78	13.04	35.74	7.81	10.63	25.5	3.61	26.91	25.3	43.68	42.8	38.29	7.07	15.3	26.31	8.25	26.91	21.54	36.01	43.42	35.23	13.04	29.21	25.06	47.85	49.24	41.62	29.0	19.03	27.02	20.25	37.2	19.72	1.41	17.03	19.24	17.12	22.09	20.1	40.46	39.6	2.24	26.31	24.19	17.72	31.06	39.2	41.68	37.48	29.7	26.83	30.59	29.07	23.09	35.0	11.18	31.58	7.07	35.9	1.0	41.19	25.5	25.81	36.8	23.09	30.02	11.18	37.54	34.0	41.44	31.26	19.7	24.52	40.25	0.0	37.01	8.54	18.03	16.12	41.59	18.68	24.0	20.02	26.0	31.14	15.56	38.9	34.44	14.76	48.55	35.61	10.05	20.59	
38.6	43.57	10.0	32.02	26.25	31.24	17.8	23.02	17.09	29.15	8.54	20.02	20.4	45.54	48.3	37.74	45.22	19.42	27.2	10.44	32.39	44.91	25.46	40.11	25.5	15.81	12.08	27.17	27.2	32.25	42.38	12.08	36.14	24.04	18.38	2.24	13.0	22.47	45.12	23.6	32.65	22.8	22.47	23.19	26.4	40.25	22.63	19.7	22.14	22.83	38.05	20.1	39.45	20.02	40.82	17.26	27.66	30.36	38.01	11.4	32.02	35.78	6.71	25.71	22.02	5.0	25.61	17.03	8.6	23.43	16.16	21.93	33.84	7.81	36.5	9.22	38.01	6.4	18.44	21.26	27.86	14.32	7.0	36.4	27.51	18.38	8.06	6.71	48.85	40.61	17.03	37.01	0.0	34.71	35.85	38.91	7.21	19.42	13.04	17.12	45.8	27.2	27.86	30.68	15.23	24.74	27.29	22.85	39.56	21.95	
5.0	16.28	43.97	15.3	31.91	28.79	20.4	44.6	22.2	41.05	34.44	16.12	46.62	17.8	17.49	13.15	11.4	46.04	17.0	31.14	2.83	18.87	29.68	11.66	31.06	26.4	39.2	46.01	42.01	3.61	9.22	25.94	16.03	19.72	17.0	34.21	43.38	38.21	10.44	32.8	16.64	49.41	50.48	34.89	33.29	11.18	20.12	21.93	30.41	22.8	9.85	16.64	27.0	15.23	14.04	19.72	44.05	43.83	7.21	23.35	15.81	9.22	29.73	42.52	43.93	34.06	22.2	21.38	27.07	21.95	19.03	28.18	18.11	28.07	2.24	35.78	8.94	39.85	27.59	19.31	40.8	22.36	27.89	3.16	41.4	36.12	40.5	28.28	28.23	32.06	34.48	8.54	34.71	0.0	25.18	24.02	38.01	15.3	22.47	19.24	34.13	23.43	8.54	43.27	28.86	10.05	50.99	28.65	18.44	23.43	
29.61	41.44	40.8	10.0	14.14	7.28	33.62	30.41	19.21	21.93	29.73	20.25	35.06	17.8	41.76	38.01	34.18	35.01	11.18	39.6	23.02	15.81	13.0	17.49	14.04	20.12	46.23	29.41	24.35	22.02	33.24	23.85	9.85	37.7	28.65	34.0	36.5	23.19	30.87	17.03	39.46	37.22	39.12	49.65	15.3	36.35	37.16	16.4	45.79	13.04	17.46	19.42	3.61	21.95	39.2	20.52	26.57	24.6	20.25	29.0	38.47	34.01	29.15	25.96	30.27	38.6	40.85	34.13	33.24	39.4	28.84	43.91	7.07	33.97	24.52	30.36	18.38	37.34	18.03	35.34	22.47	22.67	30.0	28.28	23.41	24.02	36.69	32.65	14.04	7.07	46.1	18.03	35.85	25.18	0.0	4.12	42.44	25.06	24.76	21.26	10.82	42.72	28.44	23.71	40.61	25.0	36.14	44.78	9.9	13.89	
28.07	40.05	44.38	9.85	18.25	11.4	35.0	34.53	21.95	26.0	33.24	21.93	39.12	14.14	39.81	37.12	32.02	39.05	12.73	41.87	22.2	12.04	17.03	14.87	18.11	23.41	48.83	33.53	28.46	21.21	31.4	26.83	8.0	38.47	30.0	37.16	40.31	27.29	28.46	21.1	39.29	41.3	43.19	51.22	19.42	35.01	38.08	19.24	47.2	16.16	15.3	21.21	3.16	23.43	38.0	22.8	30.68	28.64	18.25	31.24	38.33	33.14	32.2	30.08	34.37	41.34	41.59	35.61	35.61	40.31	30.48	45.22	6.71	36.4	23.02	33.96	16.28	40.8	21.59	36.36	26.57	25.24	32.76	27.0	27.51	28.0	40.26	35.23	10.2	8.54	48.08	16.12	38.91	24.02	4.12	0.0	45.28	26.4	27.2	23.43	10.2	43.38	28.46	27.73	42.45	25.5	40.26	46.04	6.71	17.09	
41.3	44.38	12.65	37.7	33.42	38.21	18.68	29.43	23.32	36.25	15.65	25.0	26.0	50.7	49.65	38.63	47.68	25.0	33.11	8.06	36.01	50.29	32.56	44.91	32.65	22.67	5.1	33.73	34.18	36.06	44.72	18.6	41.79	23.71	21.02	9.43	18.03	29.55	48.17	30.81	32.65	28.07	27.29	18.38	33.6	41.76	22.36	26.08	18.6	29.41	42.76	25.3	46.04	24.52	41.79	22.85	34.48	37.34	42.3	15.3	32.2	37.36	13.45	32.57	28.44	4.12	24.41	17.72	11.05	22.47	19.0	19.1	39.81	10.05	40.0	16.16	42.58	11.0	25.46	21.54	34.93	20.12	12.53	39.2	34.54	25.5	13.0	10.44	55.01	47.51	12.08	41.59	7.21	38.01	42.44	45.28	0.0	23.09	18.38	22.47	52.63	25.61	30.27	37.7	12.81	28.0	33.0	19.85	45.31	28.6	
19.31	26.17	28.79	16.97	24.08	24.52	8.6	32.45	10.44	32.02	20.0	5.1	33.24	28.23	30.0	20.62	26.0	32.53	13.89	17.09	13.04	28.18	22.02	22.14	23.09	14.32	25.0	34.89	31.95	13.0	23.26	12.04	20.62	13.15	3.61	18.97	28.84	27.31	25.71	23.54	18.03	36.07	36.8	24.84	25.18	22.02	12.37	12.04	20.81	15.03	19.92	6.08	28.3	3.16	23.35	7.28	33.62	34.48	19.24	8.06	17.09	17.69	14.76	31.78	31.62	19.03	16.28	9.22	12.04	14.56	4.47	18.87	19.85	13.04	17.12	21.4	19.65	24.7	16.76	10.44	31.32	8.6	12.65	17.09	31.62	24.19	25.5	13.04	34.71	31.78	22.2	18.68	19.42	15.3	25.06	26.4	23.09	0.0	7.81	6.32	35.85	18.25	9.22	34.21	16.4	5.39	38.6	19.72	24.21	15.0	
26.83	33.94	21.59	19.31	19.42	21.95	12.04	25.06	5.83	26.08	12.21	7.0	25.5	32.56	37.8	28.32	33.54	24.76	14.76	14.87	19.92	32.02	17.72	27.07	18.44	8.0	21.63	27.86	25.5	19.65	30.89	4.47	23.41	18.44	8.94	12.04	21.1	20.62	32.89	18.03	25.06	28.32	29.0	26.0	20.22	29.83	17.26	8.6	22.8	12.21	25.02	7.07	28.32	7.28	31.11	4.47	26.93	28.28	25.08	4.47	24.19	25.5	7.28	25.0	24.19	14.32	21.21	12.0	8.49	19.1	7.28	21.38	21.47	9.22	24.04	13.6	25.0	17.46	11.05	15.3	25.18	2.24	6.08	24.6	25.32	17.09	18.03	8.06	36.72	30.61	21.63	24.0	13.04	22.47	24.76	27.2	18.38	7.81	0.0	4.12	35.38	23.19	17.03	28.16	16.55	13.04	31.06	22.36	26.93	11.66	
23.85	32.02	25.32	15.23	18.0	19.31	13.34	26.4	4.12	25.71	15.23	3.16	27.66	28.44	35.38	26.63	30.53	27.02	10.82	18.44	16.55	27.89	16.03	23.02	17.0	8.06	25.55	28.65	25.63	16.16	28.02	6.71	19.31	19.0	9.0	16.0	24.17	21.02	29.55	17.26	24.35	30.48	31.4	28.65	19.03	27.59	18.03	6.08	25.08	9.49	21.0	3.0	24.76	4.24	29.21	1.0	27.31	28.16	21.21	7.81	23.41	23.43	11.05	25.5	25.61	18.38	22.02	13.6	12.21	20.1	8.25	23.41	17.49	13.04	20.62	16.55	21.02	21.21	10.44	16.03	25.0	3.16	10.2	21.63	25.3	18.03	21.59	12.08	32.76	27.46	24.84	20.02	17.12	19.24	21.26	23.43	22.47	6.32	4.12	0.0	32.02	24.02	15.0	27.89	19.42	10.63	32.65	24.35	22.85	9.22	
38.0	50.0	49.66	19.92	21.19	14.76	44.42	36.22	29.7	26.0	38.95	31.06	41.59	21.54	49.37	47.27	41.44	41.77	21.95	50.25	32.39	19.31	21.02	24.19	21.54	30.0	56.64	34.0	29.02	31.4	41.11	34.06	18.11	48.33	39.45	43.83	44.6	29.61	37.66	24.35	49.48	43.29	45.4	60.46	21.84	45.01	47.85	26.87	56.6	23.35	25.02	30.23	7.62	32.76	48.04	31.24	31.0	28.07	28.02	39.7	48.51	43.29	39.2	31.06	36.35	48.92	51.48	44.94	43.86	50.09	39.66	54.71	16.76	44.55	33.02	39.36	26.02	46.53	27.46	46.07	27.02	33.24	40.36	37.05	28.02	31.62	45.62	43.14	11.31	5.39	56.85	26.0	45.8	34.13	10.82	10.2	52.63	35.85	35.38	32.02	0.0	53.31	38.6	27.07	51.4	35.47	41.0	55.57	16.03	24.08	
23.71	21.02	36.88	33.54	42.01	42.76	11.18	47.43	28.0	49.25	32.7	23.35	46.52	41.01	27.0	16.12	28.16	45.62	31.62	17.69	23.35	41.77	40.05	34.66	41.01	31.14	23.71	50.7	48.66	24.08	25.3	27.46	36.36	5.1	15.03	28.3	39.96	43.74	30.46	41.05	9.06	49.19	49.24	13.04	43.0	20.4	6.0	30.07	9.06	33.24	32.56	24.33	45.69	21.38	19.03	25.02	50.01	51.48	30.41	19.65	9.22	17.09	26.93	48.05	46.49	23.35	2.0	11.4	19.24	4.12	16.03	7.28	36.67	19.72	25.61	34.01	31.83	33.6	34.06	8.0	48.37	25.08	23.77	22.47	48.51	40.02	35.23	21.47	50.22	49.65	15.81	31.14	27.2	23.43	42.72	43.38	25.61	18.25	23.19	24.02	53.31	0.0	15.62	51.35	12.81	17.89	52.92	7.07	39.66	33.14	
11.05	17.03	37.58	18.68	31.32	30.07	12.04	41.4	18.87	39.92	29.21	12.53	42.43	25.5	20.81	11.66	17.46	41.73	18.0	23.0	7.81	26.17	29.12	19.1	30.36	23.02	31.02	43.57	40.25	8.49	14.56	21.21	21.02	11.4	9.49	27.73	38.01	35.85	18.0	31.38	11.05	45.25	46.01	26.42	32.57	12.81	11.66	19.7	21.95	21.84	16.97	13.42	31.05	10.82	14.21	15.81	42.06	42.54	15.0	16.55	10.05	8.49	23.85	40.31	40.61	26.48	14.14	13.04	19.65	13.6	11.7	19.72	21.84	20.62	10.77	30.61	16.28	33.54	25.06	10.77	39.4	17.69	21.47	9.0	39.81	33.02	34.48	21.19	34.67	35.51	25.96	15.56	27.86	8.54	28.44	28.46	30.27	9.22	17.03	15.0	38.6	15.62	0.0	42.15	20.4	4.47	47.63	20.25	24.19	22.14	
48.26	58.59	29.21	29.7	11.4	16.64	40.2	10.82	23.77	2.24	22.14	29.73	16.64	41.34	60.75	53.71	54.2	17.2	26.4	39.62	40.5	39.45	13.6	39.7	12.21	20.22	42.72	7.28	3.61	39.66	52.43	24.02	32.02	46.53	36.67	28.46	22.67	8.25	51.74	10.77	52.2	17.46	19.7	52.47	10.0	53.71	45.4	22.47	50.09	20.59	38.9	28.79	25.63	31.62	55.9	26.93	4.47	1.0	41.04	32.02	51.24	50.09	26.31	5.66	11.4	35.44	49.37	40.11	34.13	47.27	35.36	49.01	28.43	34.23	43.6	21.54	39.6	27.78	17.46	43.42	3.0	26.31	29.15	46.32	3.16	12.37	26.08	32.25	36.4	22.36	46.87	38.9	30.68	43.27	23.71	27.73	37.7	34.21	28.16	27.89	27.07	51.35	42.15	0.0	43.19	37.7	14.14	50.01	33.29	20.12	
31.14	32.28	24.41	33.3	35.74	38.47	8.54	37.34	22.36	41.3	22.2	20.52	35.44	44.29	37.85	26.68	37.0	34.48	29.73	5.0	27.51	44.42	34.18	38.01	34.79	24.04	11.4	41.11	40.05	27.86	34.0	19.65	37.01	11.4	13.04	16.76	28.23	35.06	38.21	33.96	20.25	37.95	37.7	9.49	36.4	30.27	10.2	25.06	7.07	28.65	35.78	21.26	44.05	19.1	29.83	20.25	41.0	43.1	34.54	12.08	19.92	26.08	17.0	39.0	36.35	10.82	11.66	7.62	9.06	9.85	12.04	6.71	36.07	9.0	31.05	23.35	35.34	21.47	27.2	10.0	40.2	18.79	14.04	29.27	40.11	31.02	23.26	11.0	51.09	46.87	5.83	34.44	15.23	28.86	40.61	42.45	12.81	16.4	16.55	19.42	51.4	12.81	20.4	43.19	0.0	19.7	42.2	7.62	40.61	28.18	
13.93	21.4	34.18	15.65	26.93	26.0	11.18	37.01	14.42	35.47	25.24	8.06	38.21	24.7	24.84	16.12	20.62	37.54	14.14	21.38	8.06	25.0	24.74	18.36	25.96	18.6	29.43	39.12	35.78	8.25	17.89	17.03	18.6	13.04	7.07	24.35	34.13	31.38	20.4	26.93	15.03	41.04	41.87	27.02	28.16	16.97	12.81	15.23	22.67	17.46	16.12	8.94	27.86	6.4	18.6	11.4	37.59	38.08	14.87	13.34	14.04	12.81	20.12	35.85	36.24	24.02	16.12	12.08	17.03	15.0	9.0	20.52	18.79	18.03	12.0	26.63	15.65	30.08	20.59	11.31	34.93	13.45	18.03	11.7	35.34	28.6	30.87	18.25	32.65	32.02	25.5	14.76	24.74	10.05	25.0	25.5	28.0	5.39	13.04	10.63	35.47	17.89	4.47	37.7	19.7	0.0	43.28	21.21	22.02	17.72	
55.9	64.66	21.38	39.82	22.14	28.86	42.05	6.4	29.0	15.0	20.25	35.38	7.0	52.92	67.9	59.2	62.37	8.0	35.51	37.66	48.17	51.26	23.77	50.12	22.47	24.76	38.01	7.0	12.04	47.51	60.14	26.63	42.95	48.75	39.96	25.5	15.03	13.42	60.61	19.7	56.08	5.39	7.21	50.49	20.88	60.21	47.42	29.07	49.24	28.84	48.88	34.66	38.64	36.88	61.85	31.89	10.0	13.15	50.48	33.54	55.23	56.08	26.0	10.2	7.07	32.25	51.08	41.63	33.84	48.85	38.08	48.76	39.4	33.53	51.86	18.97	49.4	22.0	23.43	45.62	14.04	30.0	29.15	53.76	13.04	14.87	20.0	31.62	49.65	36.06	44.28	48.55	27.29	50.99	36.14	40.26	33.0	38.6	31.06	32.65	41.0	52.92	47.63	14.14	42.2	43.28	0.0	49.73	44.94	28.02	
29.73	28.07	31.91	36.4	41.77	43.66	11.18	44.72	27.89	48.04	29.61	24.6	43.01	45.61	34.01	23.02	34.71	42.06	33.62	12.53	28.02	46.1	40.02	39.2	40.79	30.27	17.2	48.37	47.01	28.6	31.78	26.08	39.7	8.94	16.12	24.35	35.85	42.01	36.69	40.31	16.0	45.54	45.31	6.32	42.58	27.17	8.6	30.36	2.0	33.84	37.01	25.5	48.02	22.83	26.0	25.3	48.09	50.0	35.23	18.11	16.03	23.54	24.19	46.1	43.74	18.36	7.07	10.77	16.12	6.71	16.16	1.0	39.41	16.28	30.89	30.81	36.4	29.07	33.38	9.9	47.01	24.52	21.1	28.23	47.0	38.05	30.87	18.25	53.81	51.43	8.94	35.61	22.85	28.65	44.78	46.04	19.85	19.72	22.36	24.35	55.57	7.07	20.25	50.01	7.62	21.21	49.73	0.0	43.19	33.53	
22.02	34.01	46.27	7.62	22.85	16.64	32.56	38.9	22.56	31.38	35.13	20.59	42.95	8.06	33.38	31.58	25.5	42.76	12.37	40.82	17.09	6.32	21.19	8.25	22.47	25.08	48.3	38.48	33.54	16.16	25.08	27.66	3.61	35.0	27.66	38.08	43.01	31.62	21.84	25.3	34.54	45.35	47.07	48.8	24.17	29.07	34.83	20.22	44.55	18.0	9.0	20.12	9.85	21.63	32.14	22.47	35.78	34.13	12.0	30.41	33.62	27.66	32.98	34.93	38.6	41.23	38.01	33.3	34.89	37.01	28.6	42.45	6.0	35.78	17.12	36.06	10.0	42.43	24.02	33.3	31.76	25.3	32.89	21.21	32.65	31.58	42.19	34.93	10.63	15.23	46.4	10.05	39.56	18.44	9.9	6.71	45.31	24.21	26.93	22.85	16.03	39.66	24.19	33.29	40.61	22.02	44.94	43.19	0.0	19.0	
28.43	38.47	27.46	12.37	9.22	10.3	22.56	21.63	5.83	17.89	16.28	10.05	24.7	26.31	40.8	33.62	34.66	24.35	7.62	26.4	20.62	25.08	7.07	22.47	8.25	6.32	32.56	22.63	18.6	19.85	32.65	10.0	16.12	28.07	18.11	20.12	24.02	14.87	32.65	9.43	32.56	27.31	28.79	37.58	10.44	33.62	27.17	3.16	34.18	1.0	21.02	9.06	17.49	12.04	35.78	8.25	20.62	20.59	22.47	16.12	31.58	29.97	15.26	19.1	21.1	24.84	31.14	22.8	20.0	29.27	17.46	32.57	13.0	20.62	24.04	17.12	21.47	23.77	5.1	25.18	17.49	9.43	16.28	26.4	18.03	13.42	23.35	19.1	27.2	19.1	33.29	20.59	21.95	23.43	13.89	17.09	28.6	15.0	11.66	9.22	24.08	33.14	22.14	20.12	28.18	17.72	28.02	33.53	19.0	0.0	
