100
0.0	17.09	35.13	6.08	9.22	23.54	13.04	20.81	6.08	17.03	27.2	31.06	21.02	24.7	6.08	30.87	17.26	34.53	34.23	21.95	44.29	30.23	26.25	17.46	43.38	20.62	7.21	15.81	21.0	17.03	9.0	38.95	15.03	8.54	17.26	39.96	5.39	41.15	14.56	15.81	26.31	22.85	14.32	44.65	41.63	39.05	30.41	26.25	29.68	20.12	10.44	26.31	31.95	24.76	28.18	12.08	6.08	24.6	22.85	35.0	21.93	21.93	20.22	27.46	35.69	8.06	22.2	8.94	28.6	22.14	27.86	15.13	13.89	16.03	21.1	5.0	38.08	23.09	25.0	36.62	17.46	22.67	34.48	8.06	38.63	16.12	30.41	39.01	25.55	10.3	41.79	20.25	39.12	24.21	23.02	5.0	30.27	42.54	38.91	19.24	
17.09	0.0	19.24	22.56	25.94	31.02	23.54	11.7	23.09	17.26	22.8	25.08	35.36	16.55	12.21	22.47	21.95	21.63	20.59	25.5	27.46	31.02	26.02	10.05	33.97	22.2	12.0	23.71	7.81	19.65	16.28	30.81	5.1	13.15	3.16	32.45	21.1	24.19	14.42	11.05	10.2	36.8	15.26	37.44	24.6	26.63	16.16	23.35	23.77	25.0	24.84	14.14	14.87	12.04	21.02	12.08	11.18	18.03	5.83	29.55	9.0	22.02	29.07	11.4	23.02	25.08	10.82	12.17	13.04	35.47	18.87	27.66	13.6	7.0	24.52	19.1	21.02	34.13	9.85	30.41	1.0	9.06	26.93	12.04	28.28	28.43	22.83	23.54	19.92	13.04	24.7	12.08	24.7	25.02	9.9	16.4	17.2	32.53	21.95	31.4	
35.13	19.24	0.0	41.05	42.95	39.7	42.76	26.93	41.19	26.08	23.02	21.93	49.19	16.97	29.27	17.46	40.5	9.06	7.07	32.56	18.44	33.29	29.21	19.31	22.36	29.07	31.14	34.99	14.32	28.84	35.51	22.02	20.1	32.39	18.0	24.02	37.85	15.13	32.89	21.54	9.06	50.12	33.84	28.07	14.32	12.37	22.2	25.0	21.47	33.42	40.16	11.4	9.43	23.43	18.87	25.3	29.07	19.1	15.23	25.0	22.47	27.59	39.41	16.97	10.0	42.58	14.32	31.4	18.44	48.37	15.81	41.15	25.08	19.42	31.89	38.01	12.0	45.22	19.21	24.52	19.42	21.63	20.62	31.26	17.03	41.59	18.79	4.47	20.62	27.2	12.65	27.78	7.21	29.73	12.65	32.76	8.6	20.4	14.0	43.91	
6.08	22.56	41.05	0.0	7.07	26.4	10.05	24.08	2.0	22.47	32.76	36.72	20.22	30.68	12.17	36.77	16.28	40.61	40.31	26.25	49.24	34.71	31.14	23.54	49.24	25.5	11.18	19.42	27.02	22.02	10.0	44.72	21.0	11.4	23.09	45.65	7.21	46.24	16.4	21.84	32.14	22.2	15.81	50.25	46.82	45.12	34.41	31.62	35.36	24.21	11.4	32.39	37.36	28.6	34.01	18.03	12.0	30.46	28.16	40.5	26.08	27.02	22.85	32.2	41.77	5.1	28.28	12.21	33.12	22.02	33.84	16.49	19.7	22.09	25.5	4.24	43.32	24.33	29.53	42.19	22.8	26.93	40.25	11.66	44.6	17.46	36.25	45.0	31.3	16.16	47.13	23.35	45.18	29.0	29.07	10.3	36.35	48.47	44.01	20.22	
9.22	25.94	42.95	7.07	0.0	20.81	17.0	29.83	5.1	20.62	30.68	34.79	13.15	30.15	13.93	35.69	23.35	41.0	41.05	22.2	53.34	30.61	27.78	24.08	47.8	22.36	16.28	15.0	28.64	19.31	16.55	43.01	23.09	17.2	25.63	43.66	5.1	50.12	22.83	22.02	34.48	15.13	22.36	47.93	50.54	45.1	39.62	29.15	33.53	20.0	5.66	33.06	40.72	33.94	32.76	18.03	14.76	29.43	31.76	38.08	31.14	24.17	17.2	36.62	42.01	2.0	29.15	17.8	37.8	15.0	33.24	10.3	19.03	23.54	21.63	10.77	46.96	17.72	34.21	39.92	26.42	31.89	38.6	17.03	43.74	11.18	34.93	46.53	29.83	16.03	50.57	29.21	46.1	25.55	30.41	10.2	37.05	47.3	47.89	13.6	
23.54	31.02	39.7	26.4	20.81	0.0	36.06	40.61	24.6	14.42	18.38	21.84	14.56	22.8	22.02	25.08	40.79	33.62	34.67	7.21	55.61	12.17	12.37	22.47	34.23	10.63	29.02	8.0	28.02	11.66	32.39	29.27	26.0	31.06	28.64	29.07	19.31	52.01	37.01	20.59	34.21	14.14	37.05	32.06	51.86	35.85	47.17	16.16	21.19	6.4	15.26	28.32	42.2	42.72	22.36	18.97	24.02	20.81	35.78	23.09	39.56	12.21	3.61	42.05	34.0	22.47	26.25	31.02	43.86	12.17	24.7	10.63	17.46	24.6	7.81	28.16	48.41	7.0	40.85	25.08	31.95	39.85	25.71	30.02	32.28	9.9	23.77	41.62	19.72	18.44	50.99	40.45	39.45	10.77	28.43	19.1	31.4	34.53	50.0	8.94	
13.04	23.54	42.76	10.05	17.0	36.06	0.0	19.92	12.04	29.73	39.62	43.28	30.07	36.06	17.69	42.44	7.21	44.38	43.66	34.99	47.07	43.27	39.2	28.3	54.92	33.6	12.08	28.64	30.08	30.0	7.28	50.8	24.17	10.44	25.3	52.01	16.76	44.55	11.4	27.2	33.73	32.06	10.44	56.85	45.4	49.24	30.68	38.9	41.87	33.12	21.38	36.25	37.0	25.0	40.0	24.08	16.4	36.4	28.07	47.42	23.35	34.83	32.57	30.27	45.69	15.0	32.2	11.4	30.59	32.0	39.12	26.48	26.17	25.94	34.13	8.06	42.19	34.37	27.29	48.92	23.35	24.33	46.4	11.7	49.74	27.46	42.2	47.07	37.64	22.63	46.17	18.97	48.08	37.2	32.31	18.03	39.92	53.85	42.43	30.27	
20.81	11.7	26.93	24.08	29.83	40.61	19.92	0.0	25.46	28.02	34.48	36.77	41.68	28.23	18.97	34.0	15.0	31.83	30.41	36.01	27.29	42.3	37.34	21.59	45.0	33.02	13.6	32.76	19.24	30.02	14.42	42.19	16.28	12.73	14.87	43.91	26.08	25.02	8.54	22.2	19.1	43.42	9.49	48.88	26.0	36.77	10.77	34.93	35.47	35.13	30.89	25.24	18.97	5.1	32.7	22.02	17.09	29.73	12.04	41.23	4.47	33.14	38.08	11.18	33.24	28.32	22.36	12.04	11.0	42.49	30.41	34.93	24.0	18.44	35.01	19.85	23.09	42.38	8.25	42.05	10.77	5.39	38.47	12.81	39.2	35.85	34.44	31.38	31.62	22.2	27.07	1.0	33.6	36.12	21.1	22.85	27.66	43.42	23.0	39.0	
6.08	23.09	41.19	2.0	5.1	24.6	12.04	25.46	0.0	21.47	31.76	35.78	18.25	30.08	12.0	36.06	18.25	40.31	40.11	24.76	50.09	33.24	29.83	23.19	48.47	24.21	12.21	17.8	27.02	20.81	11.66	43.86	21.1	12.73	23.35	44.72	5.66	47.01	18.03	21.38	32.39	20.22	17.49	49.24	47.54	44.72	35.61	30.53	34.44	22.67	9.49	32.14	37.95	29.83	33.24	17.46	12.17	29.73	28.79	39.45	27.2	25.81	21.02	33.12	41.44	3.16	28.07	13.45	34.13	20.02	33.24	14.56	18.97	22.0	24.04	5.83	44.01	22.36	30.53	41.18	23.41	28.02	39.4	12.81	43.97	15.52	35.47	45.04	30.46	15.52	47.76	24.76	45.04	27.66	29.0	9.49	36.12	47.76	44.78	18.25	
17.03	17.26	26.08	22.47	20.62	14.42	29.73	28.02	21.47	0.0	10.3	14.32	23.41	10.2	12.21	15.13	32.25	21.59	22.14	8.25	41.23	14.56	9.85	8.06	27.2	5.0	19.24	8.94	13.6	2.83	23.85	22.47	12.17	21.47	14.56	23.26	16.16	37.64	26.57	6.32	19.85	24.17	26.93	27.78	37.54	25.08	33.24	9.22	13.0	8.06	16.03	14.76	27.8	29.27	12.17	6.32	13.89	9.0	21.54	18.03	26.17	5.39	13.45	27.86	22.36	21.19	12.04	21.02	29.73	22.36	13.04	15.52	4.12	10.44	7.28	21.93	34.06	19.21	26.93	19.72	18.25	26.31	18.03	20.12	23.19	15.81	14.32	28.64	9.22	7.21	36.77	28.07	27.2	8.25	14.14	12.21	18.38	26.68	35.61	17.89	
27.2	22.8	23.02	32.76	30.68	18.38	39.62	34.48	31.76	10.3	0.0	4.12	31.14	7.07	21.93	6.71	41.4	15.62	16.97	11.4	40.72	10.3	6.4	13.0	17.26	9.0	28.43	17.03	16.03	11.4	33.3	12.37	18.38	30.61	19.65	13.0	26.4	37.16	34.99	13.04	20.4	31.4	35.51	17.49	36.67	17.46	37.0	2.24	3.0	13.15	25.71	12.65	28.16	34.37	4.24	15.56	23.35	5.0	25.02	7.81	31.58	7.0	19.42	31.02	15.81	31.38	13.0	30.0	33.02	29.43	7.21	24.02	13.45	16.16	11.18	32.02	33.62	25.0	31.06	9.43	23.77	31.4	8.06	29.21	14.14	24.0	5.39	24.04	3.0	17.03	35.36	34.79	21.4	7.62	15.03	22.47	14.42	17.03	35.47	25.18	
31.06	25.08	21.93	36.72	34.79	21.84	43.28	36.77	35.78	14.32	4.12	0.0	35.06	8.54	25.61	4.47	44.69	13.6	15.26	15.13	40.16	12.04	9.49	15.81	13.15	13.04	31.83	21.1	17.72	15.52	36.77	8.25	21.1	33.97	21.93	8.94	30.46	36.69	38.01	16.28	21.0	35.23	38.6	13.6	36.06	14.42	38.21	6.0	1.41	17.03	29.83	13.0	28.28	36.14	4.12	19.21	26.91	7.21	26.48	4.47	33.53	11.05	23.19	32.14	13.45	35.47	14.56	33.3	34.13	33.24	7.0	28.07	17.2	18.87	15.03	35.81	33.24	28.64	32.56	5.66	26.0	33.24	4.0	32.56	10.44	28.02	3.16	22.2	5.66	20.81	34.54	37.16	19.1	11.18	16.28	26.42	13.6	13.0	35.17	29.07	
21.02	35.36	49.19	20.22	13.15	14.56	30.07	41.68	18.25	23.41	31.14	35.06	0.0	33.53	23.43	37.48	36.5	44.92	45.54	20.0	62.48	26.68	26.02	30.02	48.0	22.2	28.18	14.56	35.51	20.88	29.41	43.0	31.24	29.55	34.06	43.05	15.65	59.03	35.47	27.78	41.88	2.0	35.11	46.39	59.2	48.05	50.61	29.07	34.13	18.03	10.82	38.08	49.2	45.22	34.53	24.41	25.0	32.02	41.04	37.05	42.2	24.19	12.04	46.69	45.61	15.13	34.89	29.97	48.17	2.83	36.14	8.06	24.19	30.81	20.02	23.77	55.61	8.06	44.69	39.05	36.07	42.8	39.05	29.07	45.28	7.62	36.35	52.0	31.58	22.8	58.82	41.18	50.6	24.0	36.72	19.21	41.79	48.04	56.85	6.0	
24.7	16.55	16.97	30.68	30.15	22.8	36.06	28.23	30.08	10.2	7.07	8.54	33.53	0.0	18.79	6.4	36.77	11.4	12.08	15.62	34.0	17.09	12.53	7.81	18.87	12.21	24.21	18.97	9.22	12.65	29.21	14.87	12.81	26.25	13.42	16.28	25.32	30.41	29.83	8.94	13.34	34.18	30.48	21.26	30.02	15.0	30.02	8.54	7.28	16.64	26.02	5.83	21.19	27.66	4.47	12.65	19.72	2.24	18.11	13.0	25.0	10.63	22.83	24.0	12.17	30.41	6.08	25.5	26.0	32.31	3.16	25.71	11.18	10.63	15.0	29.07	26.83	28.65	24.19	13.89	17.46	24.74	10.63	24.84	13.93	25.96	6.4	18.87	4.12	14.56	28.84	28.64	17.09	12.81	8.0	20.62	8.6	17.89	28.64	27.86	
6.08	12.21	29.27	12.17	13.93	22.02	17.69	18.97	12.0	12.21	21.93	25.61	23.43	18.79	0.0	25.06	20.12	28.44	28.16	18.68	39.66	26.4	21.95	11.4	37.59	16.55	7.28	14.04	15.03	13.0	11.66	33.29	9.22	9.49	11.7	34.41	8.94	36.36	15.13	9.85	20.62	25.0	15.3	39.2	36.72	32.98	27.2	21.26	24.21	17.26	12.73	20.22	26.83	21.95	22.47	6.4	2.0	18.87	18.03	29.73	18.87	17.49	19.24	23.35	29.61	13.34	16.12	9.22	24.76	23.85	21.93	16.12	8.49	10.0	17.72	10.3	33.12	23.41	21.26	31.24	12.81	19.42	28.84	8.25	32.7	17.0	24.7	33.06	20.0	5.0	36.67	18.68	33.06	20.12	17.0	4.24	24.19	36.67	34.13	20.12	
30.87	22.47	17.46	36.77	35.69	25.08	42.44	34.0	36.06	15.13	6.71	4.47	37.48	6.4	25.06	0.0	43.14	9.22	10.82	18.03	35.74	16.28	13.04	14.21	12.53	15.3	30.61	23.09	14.76	17.0	35.61	8.49	19.1	32.65	19.42	10.0	31.05	32.28	36.12	15.26	17.12	37.85	36.8	15.0	31.62	10.77	34.53	8.94	4.24	19.65	31.14	9.22	24.08	32.89	3.0	18.79	26.08	6.32	23.09	8.0	30.46	13.34	25.96	28.44	9.22	36.14	11.66	31.89	30.41	35.9	3.61	30.07	17.09	16.97	17.72	35.36	28.86	31.62	29.12	8.25	23.32	30.08	4.47	31.24	8.06	30.15	1.41	17.8	6.0	20.62	30.08	34.48	14.87	14.32	13.0	26.57	9.22	11.7	30.81	31.58	
17.26	21.95	40.5	16.28	23.35	40.79	7.21	15.0	18.25	32.25	41.4	44.69	36.5	36.77	20.12	43.14	0.0	43.57	42.54	38.63	42.19	46.52	42.06	29.0	55.32	36.67	13.04	32.98	29.41	33.11	8.54	51.62	24.08	10.82	24.41	53.04	22.02	40.01	7.62	28.43	31.78	38.47	6.71	58.0	41.0	48.55	25.32	41.05	43.28	37.0	27.0	35.81	33.54	20.02	41.04	26.08	18.36	37.54	25.3	49.04	19.1	37.59	37.48	26.08	44.94	21.38	32.02	11.4	26.0	38.21	39.62	32.02	28.3	26.17	37.7	13.0	38.05	40.01	23.09	50.33	21.47	20.1	47.38	12.21	49.82	33.02	43.14	44.94	39.05	25.06	42.05	14.0	46.52	40.25	31.62	21.84	39.12	54.04	38.0	36.0	
34.53	21.63	9.06	40.61	41.0	33.62	44.38	31.83	40.31	21.59	15.62	13.6	44.92	11.4	28.44	9.22	43.57	0.0	2.0	26.42	27.46	25.5	22.02	17.12	13.93	23.26	32.31	30.36	14.32	24.04	37.16	13.0	20.25	34.01	19.24	15.0	36.01	24.19	36.06	19.03	12.81	45.54	36.89	19.24	23.35	5.0	29.55	17.8	13.45	27.73	37.22	8.25	17.46	29.41	11.4	23.02	28.86	13.0	19.85	16.16	27.66	21.47	34.01	23.71	1.41	41.05	12.37	33.11	25.5	43.66	8.94	37.11	22.02	18.68	25.94	38.33	21.02	39.81	25.24	15.52	22.2	27.02	11.7	32.7	8.25	37.36	10.63	8.6	13.89	25.02	21.59	32.53	5.83	23.02	12.08	31.06	4.47	12.08	23.02	39.22	
34.23	20.59	7.07	40.31	41.05	34.67	43.66	30.41	40.11	22.14	16.97	15.26	45.54	12.08	28.16	10.82	42.54	2.0	0.0	27.46	25.5	27.02	23.35	17.0	15.81	24.19	31.62	31.02	13.6	24.7	36.4	15.0	19.65	33.24	18.38	17.0	36.01	22.2	34.99	19.03	11.31	46.24	35.85	21.21	21.38	6.4	27.73	19.1	15.0	28.65	37.48	8.0	15.52	27.8	12.73	23.02	28.44	13.89	18.38	18.03	26.17	22.47	34.89	21.95	3.16	41.0	12.04	32.31	23.71	44.38	10.0	37.64	22.2	18.25	26.93	37.85	19.03	40.71	23.6	17.46	21.1	25.5	13.6	31.95	10.2	37.95	12.21	7.07	15.0	25.02	19.65	31.14	5.1	24.21	11.4	31.0	4.0	13.93	21.02	39.92	
21.95	25.5	32.56	26.25	22.2	7.21	34.99	36.01	24.76	8.25	11.4	15.13	20.0	15.62	18.68	18.03	38.63	26.42	27.46	0.0	48.83	8.49	6.08	16.16	28.0	3.61	25.96	7.21	21.47	6.0	30.08	23.0	20.4	28.16	22.8	23.09	19.1	45.22	33.73	14.56	27.46	20.1	33.96	26.68	45.0	28.79	41.48	9.22	14.32	2.24	16.64	21.21	35.51	37.48	15.23	14.0	20.62	13.6	29.73	17.12	34.37	5.0	8.06	36.06	26.83	23.43	19.42	27.89	37.95	18.11	17.49	13.6	12.04	18.68	1.0	26.93	41.62	13.6	35.17	19.1	26.48	34.53	19.1	26.93	25.5	13.34	16.76	34.41	12.53	14.14	44.05	36.0	32.25	4.0	21.63	17.0	24.21	28.07	43.27	14.0	
44.29	27.46	18.44	49.24	53.34	55.61	47.07	27.29	50.09	41.23	40.72	40.16	62.48	34.0	39.66	35.74	42.19	27.46	25.5	48.83	0.0	50.99	46.53	33.3	40.0	45.22	38.08	49.52	27.66	44.05	40.8	40.31	31.24	38.28	28.43	42.3	48.55	3.61	35.69	35.38	21.4	63.78	36.67	46.04	4.12	30.02	17.0	42.49	39.56	49.2	52.2	28.18	13.45	22.2	36.77	38.21	38.59	36.24	21.63	43.42	23.77	44.1	54.56	17.09	28.28	52.35	29.41	37.34	16.49	62.29	33.62	54.56	38.9	31.83	48.01	45.31	7.21	60.14	19.92	42.95	26.93	22.8	39.05	37.7	35.13	55.23	37.0	20.0	38.01	39.7	6.0	28.28	24.0	46.65	27.2	43.83	26.57	38.0	5.66	58.0	
30.23	31.02	33.29	34.71	30.61	12.17	43.27	42.3	33.24	14.56	10.3	12.04	26.68	17.09	26.4	16.28	46.52	25.5	27.02	8.49	50.99	0.0	5.0	21.0	22.8	9.85	33.62	15.62	25.32	13.42	38.01	18.03	26.08	35.85	28.0	17.46	27.59	47.42	41.11	20.1	30.36	26.31	41.44	20.0	46.96	26.4	46.27	8.54	12.04	10.63	25.0	22.85	38.28	43.0	14.42	20.88	28.23	14.87	34.23	11.7	40.01	9.22	14.87	40.45	25.46	31.89	22.56	35.47	42.43	24.33	17.49	21.47	18.68	24.02	9.22	35.23	43.86	19.1	40.11	13.6	32.02	40.0	15.26	34.54	21.95	21.02	14.87	34.06	13.0	21.54	45.65	42.43	31.11	6.32	24.74	25.24	24.7	23.41	45.69	20.88	
26.25	26.02	29.21	31.14	27.78	12.37	39.2	37.34	29.83	9.85	6.4	9.49	26.02	12.53	21.95	13.04	42.06	22.02	23.35	6.08	46.53	5.0	0.0	16.0	22.02	5.66	29.07	13.0	20.4	9.22	33.62	17.03	21.1	31.3	23.0	17.03	24.21	42.94	36.4	15.13	25.63	26.02	36.77	20.62	42.54	23.71	41.3	4.24	8.94	8.25	22.36	18.36	33.62	38.0	10.63	16.16	23.71	10.3	29.27	11.05	35.01	4.47	14.0	35.51	22.2	28.84	17.72	30.87	37.48	24.02	13.45	19.65	13.93	19.03	6.32	31.24	39.36	19.24	35.13	13.04	27.02	35.0	13.34	29.97	19.92	19.42	11.66	30.41	8.6	17.0	41.34	37.48	27.8	2.24	19.92	21.26	20.62	22.2	41.15	20.02	
17.46	10.05	19.31	23.54	24.08	22.47	28.3	21.59	23.19	8.06	13.0	15.81	30.02	7.81	11.4	14.21	29.0	17.12	17.0	16.16	33.3	21.0	16.0	0.0	26.63	12.65	16.4	16.28	5.66	10.82	21.4	22.67	5.39	18.44	7.0	24.04	19.03	29.73	22.2	2.24	12.04	31.06	22.8	29.0	29.7	21.59	25.5	13.34	14.42	16.12	20.88	9.0	19.85	22.0	12.04	6.08	12.08	8.6	13.6	20.25	19.03	12.17	21.26	19.92	18.25	24.0	5.1	17.69	21.84	29.41	10.82	21.95	5.83	3.16	15.23	21.54	26.17	26.87	19.24	21.4	11.05	19.0	18.38	17.03	21.47	22.47	14.14	22.56	10.3	8.06	29.07	21.84	22.02	15.13	6.71	14.0	13.0	25.55	27.66	25.0	
43.38	33.97	22.36	49.24	47.8	34.23	54.92	45.0	48.47	27.2	17.26	13.15	48.0	18.87	37.59	12.53	55.32	13.93	15.81	28.0	40.0	22.8	22.02	26.63	0.0	26.17	43.01	34.23	26.17	28.64	48.01	5.0	31.24	45.0	31.11	5.39	43.32	37.05	48.1	27.78	26.42	48.04	48.84	6.32	36.01	10.05	43.46	19.1	14.32	30.02	42.95	19.85	31.32	43.05	15.23	31.3	38.59	18.79	33.29	11.18	41.05	24.19	36.01	37.58	12.65	48.38	23.35	44.2	39.4	46.04	15.81	41.19	29.55	29.21	28.02	47.89	34.23	41.19	38.95	9.22	34.71	40.5	9.22	43.6	5.83	41.11	13.0	20.0	18.03	33.11	34.0	45.61	16.0	24.0	24.08	39.0	17.49	2.0	36.22	42.0	
20.62	22.2	29.07	25.5	22.36	10.63	33.6	33.02	24.21	5.0	9.0	13.04	22.2	12.21	16.55	15.3	36.67	23.26	24.19	3.61	45.22	9.85	5.66	12.65	26.17	0.0	23.77	8.06	17.89	3.61	28.18	21.21	17.12	26.0	19.42	21.59	18.6	41.62	31.32	11.18	23.85	22.56	31.62	25.63	41.4	25.96	38.08	7.07	12.0	4.47	17.09	17.69	31.91	34.23	12.37	11.18	18.38	10.3	26.25	15.81	31.14	2.0	10.77	32.57	23.77	23.32	15.81	25.63	34.48	20.62	14.32	15.03	9.06	15.3	2.83	25.61	38.01	16.55	31.78	17.72	23.19	31.26	17.03	24.7	23.09	15.0	14.14	31.06	9.49	11.7	40.46	33.06	29.07	3.61	18.03	15.62	20.81	26.02	39.66	16.28	
7.21	12.0	31.14	11.18	16.28	29.02	12.08	13.6	12.21	19.24	28.43	31.83	28.18	24.21	7.28	30.61	13.04	32.31	31.62	25.96	38.08	33.62	29.07	16.4	43.01	23.77	0.0	21.02	18.03	20.25	5.0	39.05	12.08	2.24	13.34	40.36	12.53	35.11	8.0	15.56	22.09	29.97	8.06	45.28	35.74	37.16	23.43	28.02	30.41	24.52	17.46	24.17	26.48	17.69	28.32	13.04	5.39	24.76	17.26	36.12	15.0	24.6	26.02	21.02	33.62	14.87	20.12	2.0	21.95	29.15	27.2	21.84	15.26	13.89	25.0	7.28	32.28	29.61	18.36	37.48	12.04	15.81	34.71	1.0	37.74	22.8	30.48	35.36	26.17	12.08	36.14	13.04	36.14	27.31	20.25	10.05	27.86	41.88	32.89	25.96	
15.81	23.71	34.99	19.42	15.0	8.0	28.64	32.76	17.8	8.94	17.03	21.1	14.56	18.97	14.04	23.09	32.98	30.36	31.02	7.21	49.52	15.62	13.0	16.28	34.23	8.06	21.02	0.0	21.93	6.32	24.52	29.27	18.87	23.09	21.63	29.61	12.21	45.97	29.02	14.14	28.32	15.23	29.07	33.53	45.97	33.54	39.81	15.13	20.02	5.0	9.43	23.71	36.07	35.11	20.1	11.66	16.03	17.46	28.84	23.77	31.95	10.05	5.39	34.99	31.05	16.28	20.81	23.02	36.72	13.42	21.59	7.0	10.63	17.8	6.71	20.62	42.43	10.63	33.54	25.71	24.6	32.31	25.08	22.02	31.02	7.07	22.02	37.58	17.12	10.77	45.34	32.56	36.06	10.77	22.8	11.18	27.31	34.06	43.86	8.94	
21.0	7.81	14.32	27.02	28.64	28.02	30.08	19.24	27.02	13.6	16.03	17.72	35.51	9.22	15.03	14.76	29.41	14.32	13.6	21.47	27.66	25.32	20.4	5.66	26.17	17.89	18.03	21.93	0.0	16.4	22.85	23.02	6.08	19.7	5.0	24.7	23.54	24.08	22.02	7.81	6.4	36.62	22.8	29.68	24.04	19.24	21.02	17.03	16.49	21.63	26.0	6.4	14.21	18.44	13.6	11.18	15.03	11.05	9.0	22.14	15.81	17.09	26.91	15.13	15.65	28.28	3.16	18.79	17.12	35.0	11.18	27.46	11.4	5.1	20.59	24.33	20.52	32.53	15.03	22.85	8.6	15.52	19.24	18.38	20.52	28.02	15.23	18.03	13.04	13.0	23.43	19.72	18.25	19.92	2.24	18.44	9.85	24.76	22.02	30.61	
17.03	19.65	28.84	22.02	19.31	11.66	30.0	30.02	20.81	2.83	11.4	15.52	20.88	12.65	13.0	17.0	33.11	24.04	24.7	6.0	44.05	13.42	9.22	10.82	28.64	3.61	20.25	6.32	16.4	0.0	24.6	23.77	14.56	22.47	17.09	24.35	15.26	40.46	27.89	8.94	22.67	21.54	28.16	28.64	40.36	27.29	35.74	9.85	14.32	5.39	14.32	17.49	30.61	31.58	14.0	8.0	14.87	11.18	24.17	18.79	28.44	5.0	10.63	30.46	24.74	20.12	14.87	22.14	32.31	19.7	15.3	13.15	6.08	13.0	5.0	22.02	36.88	16.4	29.41	20.62	20.62	28.64	19.42	21.19	25.02	13.34	16.03	31.3	11.0	8.25	39.6	30.0	29.73	7.21	16.97	12.04	21.02	28.28	38.42	15.23	
9.0	16.28	35.51	10.0	16.55	32.39	7.28	14.42	11.66	23.85	33.3	36.77	29.41	29.21	11.66	35.61	8.54	37.16	36.4	30.08	40.8	38.01	33.62	21.4	48.01	28.18	5.0	24.52	22.85	24.6	0.0	44.05	17.0	3.16	18.03	45.34	14.14	38.08	6.4	20.52	26.48	31.32	5.83	50.25	38.83	42.05	25.06	32.8	35.36	28.46	19.24	29.07	30.07	19.24	33.3	17.8	10.0	29.73	21.0	41.04	17.09	29.15	29.15	23.77	38.48	14.76	25.06	4.12	24.35	30.81	32.2	24.08	20.0	18.87	29.15	5.83	35.51	32.06	20.88	42.43	16.12	18.03	39.7	4.47	42.72	25.08	35.47	39.81	31.11	16.64	39.46	13.6	40.8	31.76	25.08	13.34	32.7	46.87	35.9	28.16	
38.95	30.81	22.02	44.72	43.01	29.27	50.8	42.19	43.86	22.47	12.37	8.25	43.0	14.87	33.29	8.49	51.62	13.0	15.0	23.0	40.31	18.03	17.03	22.67	5.0	21.21	39.05	29.27	23.02	23.77	44.05	0.0	27.59	41.11	27.8	2.0	38.63	37.12	44.6	23.6	24.35	43.05	45.28	6.71	36.22	10.77	41.76	14.14	9.49	25.02	38.08	17.0	30.27	40.72	10.82	26.93	34.41	14.42	30.87	6.32	38.47	19.24	31.02	35.74	12.04	43.66	20.0	40.36	37.64	41.05	12.04	36.22	25.06	25.46	23.02	43.57	34.01	36.22	36.77	4.47	31.62	38.01	4.47	39.7	5.39	36.12	8.6	20.62	13.42	28.65	34.37	42.72	16.76	19.0	21.1	34.44	15.52	5.39	36.01	37.0	
15.03	5.1	20.1	21.0	23.09	26.0	24.17	16.28	21.1	12.17	18.38	21.1	31.24	12.81	9.22	19.1	24.08	20.25	19.65	20.4	31.24	26.08	21.1	5.39	31.24	17.12	12.08	18.87	6.08	14.56	17.0	27.59	0.0	13.89	2.83	29.07	18.03	27.8	17.03	6.0	11.4	32.56	17.69	34.06	28.02	25.08	21.19	18.68	19.72	19.92	21.1	12.08	18.03	17.12	17.2	7.21	9.0	13.89	10.0	25.55	14.04	17.0	24.19	16.12	21.54	22.56	8.06	13.04	17.89	31.11	15.56	23.35	8.54	2.24	19.42	18.25	24.41	29.41	14.87	26.63	6.08	14.14	23.43	12.53	25.81	24.04	19.21	24.0	15.65	8.49	27.78	16.49	24.33	20.0	8.25	13.0	15.81	30.0	25.61	26.91	
8.54	13.15	32.39	11.4	17.2	31.06	10.44	12.73	12.73	21.47	30.61	33.97	29.55	26.25	9.49	32.65	10.82	34.01	33.24	28.16	38.28	35.85	31.3	18.44	45.0	26.0	2.24	23.09	19.7	22.47	3.16	41.11	13.89	0.0	14.87	42.45	13.93	35.44	6.08	17.69	23.35	31.38	6.0	47.38	36.14	38.91	23.02	30.23	32.56	26.68	18.97	25.94	27.17	17.2	30.41	15.26	7.62	26.87	18.03	38.29	14.76	26.83	28.0	21.19	35.34	15.62	21.95	1.0	21.93	30.68	29.21	23.54	17.49	15.81	27.2	7.21	32.76	31.4	18.38	39.62	13.04	15.65	36.8	1.41	39.66	24.52	32.56	36.67	28.32	14.32	36.67	12.04	37.64	29.55	21.93	12.0	29.55	43.83	33.24	27.66	
17.26	3.16	18.0	23.09	25.63	28.64	25.3	14.87	23.35	14.56	19.65	21.93	34.06	13.42	11.7	19.42	24.41	19.24	18.38	22.8	28.43	28.0	23.0	7.0	31.11	19.42	13.34	21.63	5.0	17.09	18.03	27.8	2.83	14.87	0.0	29.41	20.62	25.0	17.03	8.25	9.06	35.38	17.8	34.41	25.24	24.19	18.68	20.22	20.62	22.47	23.85	11.4	15.26	15.0	17.89	10.0	11.18	14.87	7.21	26.4	12.04	19.1	26.93	13.42	20.59	25.0	7.81	13.93	15.23	33.94	15.81	26.17	11.18	4.12	21.84	20.02	21.63	32.2	12.37	27.29	4.12	12.0	23.85	13.6	25.5	26.87	19.72	22.09	16.76	11.31	25.06	15.23	22.8	22.09	7.21	15.65	14.76	29.73	22.8	29.73	
39.96	32.45	24.02	45.65	43.66	29.07	52.01	43.91	44.72	23.26	13.0	8.94	43.05	16.28	34.41	10.0	53.04	15.0	17.0	23.09	42.3	17.46	17.03	24.04	5.39	21.59	40.36	29.61	24.7	24.35	45.34	2.0	29.07	42.45	29.41	0.0	39.4	39.12	46.1	24.84	26.25	43.0	46.75	5.0	38.21	12.65	43.68	14.56	10.3	25.18	38.6	18.79	32.25	42.54	12.04	28.02	35.61	15.62	32.7	6.0	40.25	19.65	31.02	37.64	14.04	44.38	21.63	41.73	39.56	41.0	13.6	36.5	26.08	26.91	23.19	44.65	36.01	36.06	38.63	4.0	33.29	39.81	5.66	41.04	7.28	36.35	9.9	22.56	14.42	29.68	36.35	44.42	18.68	19.1	22.83	35.36	17.46	6.4	38.01	37.05	
5.39	21.1	37.85	7.21	5.1	19.31	16.76	26.08	5.66	16.16	26.4	30.46	15.65	25.32	8.94	31.05	22.02	36.01	36.01	19.1	48.55	27.59	24.21	19.03	43.32	18.6	12.53	12.21	23.54	15.26	14.14	38.63	18.03	13.93	20.62	39.4	0.0	45.28	19.92	17.0	29.41	17.46	19.65	43.83	45.65	40.2	35.38	25.06	29.15	17.03	5.1	28.02	35.78	29.83	28.16	13.0	10.0	24.74	26.93	34.0	26.91	20.25	15.81	32.02	37.05	5.1	24.08	14.32	33.3	16.76	28.44	10.0	14.14	18.44	18.38	9.06	42.06	18.0	29.73	35.78	21.63	27.59	34.18	13.42	39.05	11.0	30.36	41.44	25.3	11.0	45.62	25.55	41.05	22.02	25.32	5.1	32.02	42.72	43.05	14.04	
41.15	24.19	15.13	46.24	50.12	52.01	44.55	25.02	47.01	37.64	37.16	36.69	59.03	30.41	36.36	32.28	40.01	24.19	22.2	45.22	3.61	47.42	42.94	29.73	37.05	41.62	35.11	45.97	24.08	40.46	38.08	37.12	27.8	35.44	25.0	39.12	45.28	0.0	33.24	31.83	17.8	60.31	34.23	43.0	1.41	27.02	15.3	38.91	36.06	45.61	48.83	24.6	9.9	20.0	33.24	34.71	35.36	32.65	18.36	40.02	21.21	40.5	50.99	14.32	25.08	49.19	25.81	34.48	14.04	58.8	30.08	51.09	35.36	28.32	44.41	42.38	3.61	56.59	17.26	39.62	23.71	20.22	35.69	34.79	32.02	51.74	33.53	17.12	34.44	36.24	3.61	26.02	21.1	43.05	23.6	40.5	23.09	35.06	2.24	54.49	
14.56	14.42	32.89	16.4	22.83	37.01	11.4	8.54	18.03	26.57	34.99	38.01	35.47	29.83	15.13	36.12	7.62	36.06	34.99	33.73	35.69	41.11	36.4	22.2	48.1	31.32	8.0	29.02	22.02	27.89	6.4	44.6	17.03	6.08	17.03	46.1	19.92	33.24	0.0	21.95	24.17	37.34	1.0	51.09	34.13	41.05	19.31	34.89	36.62	32.39	25.0	28.43	26.17	13.6	34.21	20.25	13.15	30.81	17.72	42.44	12.04	31.95	34.01	19.03	37.44	21.1	24.76	6.0	19.24	36.69	32.56	29.61	22.47	19.21	32.76	12.21	31.02	37.48	16.03	43.6	13.89	13.04	40.46	7.0	42.52	30.59	36.24	37.34	32.45	19.65	35.01	7.62	38.91	34.79	24.21	18.03	31.62	46.75	31.14	33.73	
15.81	11.05	21.54	21.84	22.02	20.59	27.2	22.2	21.38	6.32	13.04	16.28	27.78	8.94	9.85	15.26	28.43	19.03	19.03	14.56	35.38	20.1	15.13	2.24	27.78	11.18	15.56	14.14	7.81	8.94	20.52	23.6	6.0	17.69	8.25	24.84	17.0	31.83	21.95	0.0	14.21	28.84	22.47	29.73	31.83	23.35	26.93	13.0	14.87	14.32	18.68	11.05	21.93	23.09	12.81	4.0	10.82	9.22	15.23	20.62	20.02	11.0	19.21	21.54	20.1	22.02	7.28	17.03	23.41	27.2	12.08	19.72	3.61	4.12	13.6	20.12	28.28	24.76	20.62	21.93	12.04	20.1	19.21	16.28	22.85	20.25	15.0	24.74	10.63	6.0	31.24	22.36	24.08	14.0	8.94	12.04	15.03	26.83	29.73	22.8	
26.31	10.2	9.06	32.14	34.48	34.21	33.73	19.1	32.39	19.85	20.4	21.0	41.88	13.34	20.62	17.12	31.78	12.81	11.31	27.46	21.4	30.36	25.63	12.04	26.42	23.85	22.09	28.32	6.4	22.67	26.48	24.35	11.4	23.35	9.06	26.25	29.41	17.8	24.17	14.21	0.0	43.01	25.08	31.02	17.69	17.69	17.46	21.84	20.02	27.8	32.2	8.0	8.06	16.64	17.03	17.49	20.22	15.52	7.07	25.08	14.87	22.83	33.24	11.4	14.21	33.96	8.06	22.36	13.34	41.4	14.0	33.84	17.8	11.18	26.63	29.0	14.21	38.9	12.53	25.32	10.44	14.21	21.38	22.2	20.59	34.41	18.03	13.34	17.46	19.24	17.03	19.85	14.76	25.5	5.83	24.35	8.94	24.7	15.81	37.01	
22.85	36.8	50.12	22.2	15.13	14.14	32.06	43.42	20.22	24.17	31.4	35.23	2.0	34.18	25.0	37.85	38.47	45.54	46.24	20.1	63.78	26.31	26.02	31.06	48.04	22.56	29.97	15.23	36.62	21.54	31.32	43.05	32.56	31.38	35.38	43.0	17.46	60.31	37.34	28.84	43.01	0.0	37.0	46.17	60.44	48.51	52.2	29.27	34.37	18.25	12.53	38.91	50.45	46.87	34.93	25.61	26.63	32.57	42.43	37.0	43.83	24.52	12.04	48.17	46.17	17.12	35.85	31.78	49.68	2.0	36.69	9.22	25.24	32.02	20.22	25.71	56.85	7.28	46.23	39.0	37.54	44.41	39.2	30.87	45.54	8.6	36.67	52.8	32.02	24.08	60.0	42.94	51.26	24.08	37.74	20.81	42.54	48.17	58.14	6.32	
14.32	15.26	33.84	15.81	22.36	37.05	10.44	9.49	17.49	26.93	35.51	38.6	35.11	30.48	15.3	36.8	6.71	36.89	35.85	33.96	36.67	41.44	36.77	22.8	48.84	31.62	8.06	29.07	22.8	28.16	5.83	45.28	17.69	6.0	17.8	46.75	19.65	34.23	1.0	22.47	25.08	37.0	0.0	51.74	35.13	41.88	20.25	35.36	37.2	32.56	24.74	29.21	27.17	14.56	34.83	20.62	13.34	31.4	18.68	43.01	13.04	32.31	34.0	20.02	38.28	20.59	25.5	6.08	20.22	36.4	33.24	29.43	22.85	19.85	32.98	11.66	32.02	37.34	17.03	44.2	14.76	14.04	41.11	7.07	43.28	30.41	36.88	38.28	33.02	19.92	36.01	8.54	39.81	35.11	25.0	18.0	32.45	47.51	32.14	33.54	
44.65	37.44	28.07	50.25	47.93	32.06	56.85	48.88	49.24	27.78	17.49	13.6	46.39	21.26	39.2	15.0	58.0	19.24	21.21	26.68	46.04	20.0	20.62	29.0	6.32	25.63	45.28	33.53	29.68	28.64	50.25	6.71	34.06	47.38	34.41	5.0	43.83	43.0	51.09	29.73	31.02	46.17	51.74	0.0	42.01	16.03	48.38	18.79	15.0	28.86	42.72	23.71	36.67	47.42	16.97	32.8	40.46	20.52	37.58	9.85	45.18	23.77	34.37	42.38	18.11	48.75	26.63	46.67	44.27	44.18	18.6	40.26	30.81	31.89	26.93	49.41	40.05	39.05	43.46	8.06	38.28	44.72	10.63	45.97	11.05	40.02	14.87	26.08	19.21	34.41	40.05	49.4	22.09	22.8	27.78	39.96	22.14	8.25	42.05	40.45	
41.63	24.6	14.32	46.82	50.54	51.86	45.4	26.0	47.54	37.54	36.67	36.06	59.2	30.02	36.72	31.62	41.0	23.35	21.38	45.0	4.12	46.96	42.54	29.7	36.01	41.4	35.74	45.97	24.04	40.36	38.83	36.22	28.02	36.14	25.24	38.21	45.65	1.41	34.13	31.83	17.69	60.44	35.13	42.01	0.0	26.0	16.49	38.47	35.47	45.45	49.09	24.19	10.0	21.02	32.7	34.83	35.78	32.25	18.79	39.29	22.09	40.22	50.93	15.13	24.19	49.66	25.61	35.17	15.0	58.9	29.55	51.22	35.38	28.43	44.2	43.01	3.61	56.57	18.11	38.83	24.17	21.1	34.93	35.44	31.06	51.86	32.89	16.03	34.0	36.4	2.24	27.0	20.02	42.72	23.43	40.82	22.47	34.01	3.0	54.56	
39.05	26.63	12.37	45.12	45.1	35.85	49.24	36.77	44.72	25.08	17.46	14.42	48.05	15.0	32.98	10.77	48.55	5.0	6.4	28.79	30.02	26.4	23.71	21.59	10.05	25.96	37.16	33.54	19.24	27.29	42.05	10.77	25.08	38.91	24.19	12.65	40.2	27.02	41.05	23.35	17.69	48.51	41.88	16.03	26.0	0.0	34.0	19.7	14.76	30.36	41.01	13.0	21.54	34.21	13.6	27.29	33.53	16.12	24.76	15.62	32.56	24.04	36.69	28.3	3.61	45.28	17.09	38.01	30.02	46.57	12.04	40.45	26.08	23.41	28.46	43.01	24.19	42.38	30.0	14.42	27.2	31.89	11.31	37.58	5.39	40.61	12.08	10.05	16.49	29.27	24.02	37.48	6.08	25.08	17.0	35.36	9.43	8.06	26.17	42.2	
30.41	16.16	22.2	34.41	39.62	47.17	30.68	10.77	35.61	33.24	37.0	38.21	50.61	30.02	27.2	34.53	25.32	29.55	27.73	41.48	17.0	46.27	41.3	25.5	43.46	38.08	23.43	39.81	21.02	35.74	25.06	41.76	21.19	23.02	18.68	43.68	35.38	15.3	19.31	26.93	17.46	52.2	20.25	48.38	16.49	34.0	0.0	38.05	37.12	41.11	39.82	25.32	12.81	5.83	34.13	28.23	25.61	32.0	12.04	42.43	8.49	37.66	45.19	6.08	30.87	38.29	24.0	22.2	4.12	51.04	31.26	43.27	29.73	22.8	40.52	30.23	14.32	50.12	6.32	42.76	15.23	7.81	38.83	22.8	37.7	44.1	35.36	26.25	34.0	29.07	18.03	11.7	29.41	40.61	22.02	31.4	26.25	41.63	13.6	47.17	
26.25	23.35	25.0	31.62	29.15	16.16	38.9	34.93	30.53	9.22	2.24	6.0	29.07	8.54	21.26	8.94	41.05	17.8	19.1	9.22	42.49	8.54	4.24	13.34	19.1	7.07	28.02	15.13	17.03	9.85	32.8	14.14	18.68	30.23	20.22	14.56	25.06	38.91	34.89	13.0	21.84	29.27	35.36	18.79	38.47	19.7	38.05	0.0	5.1	11.05	24.04	14.32	29.73	35.13	6.4	15.0	22.8	6.32	26.02	8.94	32.25	5.1	17.26	32.14	18.03	29.97	14.14	29.68	34.13	27.29	9.22	22.09	12.81	16.49	9.06	31.14	35.34	22.8	32.0	10.77	24.33	32.14	10.0	28.84	16.28	22.02	7.62	26.17	4.47	16.28	37.22	35.17	23.6	5.39	16.28	21.4	16.4	19.0	37.16	23.09	
29.68	23.77	21.47	35.36	33.53	21.19	41.87	35.47	34.44	13.0	3.0	1.41	34.13	7.28	24.21	4.24	43.28	13.45	15.0	14.32	39.56	12.04	8.94	14.42	14.32	12.0	30.41	20.02	16.49	14.32	35.36	9.49	19.72	32.56	20.62	10.3	29.15	36.06	36.62	14.87	20.02	34.37	37.2	15.0	35.47	14.76	37.12	5.1	0.0	16.12	28.64	12.04	27.46	34.93	3.0	17.8	25.5	5.83	25.32	5.83	32.28	10.0	22.36	31.06	13.45	34.18	13.34	31.89	33.06	32.39	6.08	27.02	15.81	17.49	14.14	34.41	32.57	27.89	31.4	7.07	24.7	32.02	5.1	31.14	11.18	27.0	2.83	22.02	4.24	19.42	34.01	35.85	19.1	10.44	15.13	25.06	13.0	14.04	34.48	28.16	
20.12	25.0	33.42	24.21	20.0	6.4	33.12	35.13	22.67	8.06	13.15	17.03	18.03	16.64	17.26	19.65	37.0	27.73	28.65	2.24	49.2	10.63	8.25	16.12	30.02	4.47	24.52	5.0	21.63	5.39	28.46	25.02	19.92	26.68	22.47	25.18	17.03	45.61	32.39	14.32	27.8	18.25	32.56	28.86	45.45	30.36	41.11	11.05	16.12	0.0	14.42	22.02	35.81	36.88	16.76	13.15	19.24	14.76	29.55	19.24	33.73	6.32	6.32	35.85	28.23	21.26	19.85	26.48	37.7	16.28	18.79	11.4	11.4	18.38	2.0	25.06	42.01	12.08	34.79	21.21	25.96	33.96	21.02	25.5	27.29	11.18	18.44	35.51	13.93	13.0	44.6	35.06	33.54	6.08	22.02	15.23	25.24	30.02	43.6	12.04	
10.44	24.84	40.16	11.4	5.66	15.26	21.38	30.89	9.49	16.03	25.71	29.83	10.82	26.02	12.73	31.14	27.0	37.22	37.48	16.64	52.2	25.0	22.36	20.88	42.95	17.09	17.46	9.43	26.0	14.32	19.24	38.08	21.1	18.97	23.85	38.6	5.1	48.83	25.0	18.68	32.2	12.53	24.74	42.72	49.09	41.01	39.82	24.04	28.64	14.42	0.0	29.61	39.12	34.41	28.16	14.87	14.21	25.02	30.61	32.89	31.4	18.97	11.66	36.07	38.12	7.21	25.96	19.31	37.48	11.7	29.0	5.1	15.3	21.02	16.12	14.0	45.49	13.04	33.97	34.79	25.5	32.02	33.73	18.38	39.2	6.08	30.27	43.42	25.18	13.0	48.88	30.41	42.58	20.12	27.51	8.49	33.54	42.58	46.62	9.0	
26.31	14.14	11.4	32.39	33.06	28.32	36.25	25.24	32.14	14.76	12.65	13.0	38.08	5.83	20.22	9.22	35.81	8.25	8.0	21.21	28.18	22.85	18.36	9.0	19.85	17.69	24.17	23.71	6.4	17.49	29.07	17.0	12.08	25.94	11.4	18.79	28.02	24.6	28.43	11.05	8.0	38.91	29.21	23.71	24.19	13.0	25.32	14.32	12.04	22.02	29.61	0.0	15.52	23.77	9.06	15.03	20.62	8.06	13.93	17.12	21.47	16.28	28.02	19.24	9.49	33.0	4.12	25.06	21.21	37.12	6.0	30.08	14.32	10.44	20.52	30.08	21.02	33.84	19.92	17.46	14.87	21.02	13.6	24.6	14.14	30.46	10.05	13.93	9.85	17.03	23.02	25.81	13.04	18.6	4.24	23.0	4.0	18.38	22.85	32.65	
31.95	14.87	9.43	37.36	40.72	42.2	37.0	18.97	37.95	27.8	28.16	28.28	49.2	21.19	26.83	24.08	33.54	17.46	15.52	35.51	13.45	38.28	33.62	19.85	31.32	31.91	26.48	36.07	14.21	30.61	30.07	30.27	18.03	27.17	15.26	32.25	35.78	9.9	26.17	21.93	8.06	50.45	27.17	36.67	10.0	21.54	12.81	29.73	27.46	35.81	39.12	15.52	0.0	14.76	24.52	24.84	26.0	23.41	9.22	32.06	14.56	30.89	41.11	8.06	18.68	39.92	16.12	26.17	9.22	48.92	21.38	41.23	25.46	18.44	34.67	33.73	6.4	46.69	10.77	32.0	14.56	13.6	28.0	26.31	25.71	41.87	25.18	13.45	25.3	26.4	9.85	19.92	16.64	33.54	13.89	30.89	15.0	29.41	7.81	44.6	
24.76	12.04	23.43	28.6	33.94	42.72	25.0	5.1	29.83	29.27	34.37	36.14	45.22	27.66	21.95	32.89	20.02	29.41	27.8	37.48	22.2	43.0	38.0	22.0	43.05	34.23	17.69	35.11	18.44	31.58	19.24	40.72	17.12	17.2	15.0	42.54	29.83	20.0	13.6	23.09	16.64	46.87	14.56	47.42	21.02	34.21	5.83	35.13	34.93	36.88	34.41	23.77	14.76	0.0	32.02	23.77	20.25	29.43	9.85	40.52	3.16	34.06	40.5	6.71	30.81	32.56	21.59	16.4	6.08	45.79	29.41	38.08	25.5	19.03	36.5	24.41	18.25	45.19	4.24	41.11	11.05	3.0	37.34	17.03	37.22	38.95	33.53	27.8	31.4	24.35	22.2	6.08	30.41	37.05	19.92	26.08	25.55	41.34	18.03	42.06	
28.18	21.02	18.87	34.01	32.76	22.36	40.0	32.7	33.24	12.17	4.24	4.12	34.53	4.47	22.47	3.0	41.04	11.4	12.73	15.23	36.77	14.42	10.63	12.04	15.23	12.37	28.32	20.1	13.6	14.0	33.3	10.82	17.2	30.41	17.89	12.04	28.16	33.24	34.21	12.81	17.03	34.93	34.83	16.97	32.7	13.6	34.13	6.4	3.0	16.76	28.16	9.06	24.52	32.02	0.0	16.12	23.6	3.61	22.36	8.54	29.41	10.44	23.09	28.07	11.66	33.24	10.44	29.7	30.07	32.98	3.16	27.07	14.32	15.0	14.87	32.76	29.73	28.79	28.44	9.43	21.93	29.12	6.4	29.0	11.05	27.17	2.24	19.8	3.0	17.89	31.3	33.11	17.2	11.66	12.17	23.77	10.3	14.56	31.62	28.64	
12.08	12.08	25.3	18.03	18.03	18.97	24.08	22.02	17.46	6.32	15.56	19.21	24.41	12.65	6.4	18.79	26.08	23.02	23.02	14.0	38.21	20.88	16.16	6.08	31.3	11.18	13.04	11.66	11.18	8.0	17.8	26.93	7.21	15.26	10.0	28.02	13.0	34.71	20.25	4.0	17.49	25.61	20.62	32.8	34.83	27.29	28.23	15.0	17.8	13.15	14.87	15.03	24.84	23.77	16.12	0.0	7.81	12.53	17.2	23.35	20.62	11.7	17.0	23.32	24.08	18.03	11.18	14.76	25.06	24.08	15.81	16.4	2.24	6.4	13.0	16.64	31.24	22.2	21.93	24.84	13.0	20.88	22.47	13.89	26.57	17.03	18.36	28.64	13.6	2.0	34.41	22.0	28.07	14.56	12.65	8.06	19.03	30.46	32.56	19.8	
6.08	11.18	29.07	12.0	14.76	24.02	16.4	17.09	12.17	13.89	23.35	26.91	25.0	19.72	2.0	26.08	18.36	28.86	28.44	20.62	38.59	28.23	23.71	12.08	38.59	18.38	5.39	16.03	15.03	14.87	10.0	34.41	9.0	7.62	11.18	35.61	10.0	35.36	13.15	10.82	20.22	26.63	13.34	40.46	35.78	33.53	25.61	22.8	25.5	19.24	14.21	20.62	26.0	20.25	23.6	7.81	0.0	20.0	17.0	31.11	17.2	19.24	21.21	22.02	30.08	13.93	16.49	7.28	23.35	25.55	22.83	17.89	10.0	10.2	19.65	9.49	32.2	25.3	19.8	32.56	11.66	17.8	30.0	6.32	33.54	18.79	25.81	33.0	21.26	6.71	35.85	16.76	33.24	21.93	17.12	5.83	24.52	37.59	33.12	21.93	
24.6	18.03	19.1	30.46	29.43	20.81	36.4	29.73	29.73	9.0	5.0	7.21	32.02	2.24	18.87	6.32	37.54	13.0	13.89	13.6	36.24	14.87	10.3	8.6	18.79	10.3	24.76	17.46	11.05	11.18	29.73	14.42	13.89	26.87	14.87	15.62	24.74	32.65	30.81	9.22	15.52	32.57	31.4	20.52	32.25	16.12	32.0	6.32	5.83	14.76	25.02	8.06	23.41	29.43	3.61	12.53	20.0	0.0	20.02	11.66	26.68	8.6	21.02	26.02	13.6	29.83	8.0	26.17	28.02	30.68	4.12	24.33	10.77	11.66	13.04	29.15	29.07	26.83	26.08	12.81	18.97	26.48	10.0	25.46	14.32	24.52	5.83	20.81	2.0	14.32	31.06	30.08	18.79	10.63	10.05	20.25	10.63	18.03	30.87	26.25	
22.85	5.83	15.23	28.16	31.76	35.78	28.07	12.04	28.79	21.54	25.02	26.48	41.04	18.11	18.03	23.09	25.3	19.85	18.38	29.73	21.63	34.23	29.27	13.6	33.29	26.25	17.26	28.84	9.0	24.17	21.0	30.87	10.0	18.03	7.21	32.7	26.93	18.36	17.72	15.23	7.07	42.43	18.68	37.58	18.79	24.76	12.04	26.02	25.32	29.55	30.61	13.93	9.22	9.85	22.36	17.2	17.0	20.02	0.0	30.81	7.81	25.71	34.13	6.32	21.26	30.87	12.04	17.03	8.25	41.04	19.65	33.24	18.36	11.18	28.79	24.52	15.23	39.41	6.08	31.32	5.39	7.21	27.51	17.12	27.46	33.97	23.77	19.7	22.02	18.44	18.97	12.81	21.63	28.64	10.2	22.2	15.81	31.62	16.12	36.88	
35.0	29.55	25.0	40.5	38.08	23.09	47.42	41.23	39.45	18.03	7.81	4.47	37.05	13.0	29.73	8.0	49.04	16.16	18.03	17.12	43.42	11.7	11.05	20.25	11.18	15.81	36.12	23.77	22.14	18.79	41.04	6.32	25.55	38.29	26.4	6.0	34.0	40.02	42.44	20.62	25.08	37.0	43.01	9.85	39.29	15.62	42.43	8.94	5.83	19.24	32.89	17.12	32.06	40.52	8.54	23.35	31.11	11.66	30.81	0.0	37.95	13.93	25.02	36.35	15.65	38.91	18.97	37.64	38.33	35.0	11.18	30.59	21.26	23.32	17.26	39.82	36.67	30.07	36.88	2.0	30.46	37.64	4.47	36.88	10.63	30.41	7.07	24.6	10.0	24.84	37.64	41.63	21.1	13.15	20.62	30.23	17.12	11.7	38.64	31.06	
21.93	9.0	22.47	26.08	31.14	39.56	23.35	4.47	27.2	26.17	31.58	33.53	42.2	25.0	18.87	30.46	19.1	27.66	26.17	34.37	23.77	40.01	35.01	19.03	41.05	31.14	15.0	31.95	15.81	28.44	17.09	38.47	14.04	14.76	12.04	40.25	26.91	21.21	12.04	20.02	14.87	43.83	13.04	45.18	22.09	32.56	8.49	32.25	32.28	33.73	31.4	21.47	14.56	3.16	29.41	20.62	17.2	26.68	7.81	37.95	0.0	31.02	37.34	7.0	29.07	29.83	18.97	13.89	7.28	42.72	26.93	34.99	22.36	16.0	33.38	21.95	19.0	42.05	4.0	38.63	8.0	1.0	34.93	14.42	35.23	35.85	31.02	26.93	28.64	21.19	23.0	5.39	29.21	34.01	17.46	23.02	23.6	39.41	19.1	38.95	
21.93	22.02	27.59	27.02	24.17	12.21	34.83	33.14	25.81	5.39	7.0	11.05	24.19	10.63	17.49	13.34	37.59	21.47	22.47	5.0	44.1	9.22	4.47	12.17	24.19	2.0	24.6	10.05	17.09	5.0	29.15	19.24	17.0	26.83	19.1	19.65	20.25	40.5	31.95	11.0	22.83	24.52	32.31	23.77	40.22	24.04	37.66	5.1	10.0	6.32	18.97	16.28	30.89	34.06	10.44	11.7	19.24	8.6	25.71	13.93	31.02	0.0	12.65	32.02	21.93	25.06	14.76	26.4	33.96	22.56	12.53	17.03	9.49	15.03	4.47	26.91	36.89	18.38	31.4	15.81	23.02	31.06	15.03	25.5	21.1	17.0	12.17	29.41	7.62	12.53	39.2	33.24	27.29	3.0	17.0	16.97	19.21	24.02	38.59	18.25	
20.22	29.07	39.41	22.85	17.2	3.61	32.57	38.08	21.02	13.45	19.42	23.19	12.04	22.83	19.24	25.96	37.48	34.01	34.89	8.06	54.56	14.87	14.0	21.26	36.01	10.77	26.02	5.39	26.91	10.63	29.15	31.02	24.19	28.0	26.93	31.02	15.81	50.99	34.01	19.21	33.24	12.04	34.0	34.37	50.93	36.69	45.19	17.26	22.36	6.32	11.66	28.02	41.11	40.5	23.09	17.0	21.21	21.02	34.13	25.02	37.34	12.65	0.0	40.31	34.54	18.87	25.5	28.02	42.06	10.05	25.08	7.07	15.81	23.02	8.25	24.74	47.42	5.83	38.91	27.02	29.97	37.7	27.17	27.02	33.54	6.4	24.74	41.68	20.25	16.16	50.21	37.85	39.81	12.04	27.59	16.0	31.38	36.12	48.92	6.08	
27.46	11.4	16.97	32.2	36.62	42.05	30.27	11.18	33.12	27.86	31.02	32.14	46.69	24.0	23.35	28.44	26.08	23.71	21.95	36.06	17.09	40.45	35.51	19.92	37.58	32.57	21.02	34.99	15.13	30.46	23.77	35.74	16.12	21.19	13.42	37.64	32.02	14.32	19.03	21.54	11.4	48.17	20.02	42.38	15.13	28.3	6.08	32.14	31.06	35.85	36.07	19.24	8.06	6.71	28.07	23.32	22.02	26.02	6.32	36.35	7.0	32.02	40.31	0.0	25.06	35.51	18.03	20.25	2.0	46.86	25.18	39.05	24.6	17.46	35.11	28.23	12.0	45.49	3.0	36.67	10.63	6.0	32.76	20.62	31.78	39.82	29.27	21.26	28.02	24.41	16.0	12.17	24.08	34.93	16.0	27.59	20.25	35.78	12.17	42.8	
35.69	23.02	10.0	41.77	42.01	34.0	45.69	33.24	41.44	22.36	15.81	13.45	45.61	12.17	29.61	9.22	44.94	1.41	3.16	26.83	28.28	25.46	22.2	18.25	12.65	23.77	33.62	31.05	15.65	24.74	38.48	12.04	21.54	35.34	20.59	14.04	37.05	25.08	37.44	20.1	14.21	46.17	38.28	18.11	24.19	3.61	30.87	18.03	13.45	28.23	38.12	9.49	18.68	30.81	11.66	24.08	30.08	13.6	21.26	15.65	29.07	21.93	34.54	25.06	0.0	42.11	13.6	34.44	26.83	44.27	9.49	37.85	23.0	19.92	26.4	39.56	22.0	40.31	26.63	14.87	23.6	28.43	11.18	34.01	7.07	38.08	10.63	8.94	14.32	26.08	22.36	33.94	5.66	23.32	13.42	32.14	5.83	10.77	24.0	39.85	
8.06	25.08	42.58	5.1	2.0	22.47	15.0	28.32	3.16	21.19	31.38	35.47	15.13	30.41	13.34	36.14	21.38	41.05	41.0	23.43	52.35	31.89	28.84	24.0	48.38	23.32	14.87	16.28	28.28	20.12	14.76	43.66	22.56	15.62	25.0	44.38	5.1	49.19	21.1	22.02	33.96	17.12	20.59	48.75	49.66	45.28	38.29	29.97	34.18	21.26	7.21	33.0	39.92	32.56	33.24	18.03	13.93	29.83	30.87	38.91	29.83	25.06	18.87	35.51	42.11	0.0	29.02	16.28	36.62	17.0	33.54	12.08	19.24	23.19	22.8	8.94	46.1	19.65	33.02	40.72	25.5	30.61	39.22	15.56	44.15	13.0	35.44	46.27	30.36	16.03	49.77	27.66	46.01	26.63	30.15	10.0	37.0	47.8	46.96	15.52	
22.2	10.82	14.32	28.28	29.15	26.25	32.2	22.36	28.07	12.04	13.0	14.56	34.89	6.08	16.12	11.66	32.02	12.37	12.04	19.42	29.41	22.56	17.72	5.1	23.35	15.81	20.12	20.81	3.16	14.87	25.06	20.0	8.06	21.95	7.81	21.63	24.08	25.81	24.76	7.28	8.06	35.85	25.5	26.63	25.61	17.09	24.0	14.14	13.34	19.85	25.96	4.12	16.12	21.59	10.44	11.18	16.49	8.0	12.04	18.97	18.97	14.76	25.5	18.03	13.6	29.02	0.0	21.1	20.02	34.13	8.06	26.83	10.77	6.32	18.6	25.96	22.2	31.24	18.11	19.7	11.66	18.68	16.12	20.59	17.8	27.29	12.08	17.46	10.0	13.15	24.76	22.83	17.0	17.46	2.24	19.03	8.06	22.02	23.85	29.68	
8.94	12.17	31.4	12.21	17.8	31.02	11.4	12.04	13.45	21.02	30.0	33.3	29.97	25.5	9.22	31.89	11.4	33.11	32.31	27.89	37.34	35.47	30.87	17.69	44.2	25.63	2.0	23.02	18.79	22.14	4.12	40.36	13.04	1.0	13.93	41.73	14.32	34.48	6.0	17.03	22.36	31.78	6.08	46.67	35.17	38.01	22.2	29.68	31.89	26.48	19.31	25.06	26.17	16.4	29.7	14.76	7.28	26.17	17.03	37.64	13.89	26.4	28.02	20.25	34.44	16.28	21.1	0.0	21.02	31.02	28.43	23.77	17.0	15.0	26.93	8.06	31.78	31.58	17.46	38.95	12.04	14.76	36.07	1.0	38.83	24.74	31.83	35.69	27.66	13.93	35.69	11.4	36.69	29.15	21.02	12.04	28.64	43.01	32.28	27.89	
28.6	13.04	18.44	33.12	37.8	43.86	30.59	11.0	34.13	29.73	33.02	34.13	48.17	26.0	24.76	30.41	26.0	25.5	23.71	37.95	16.49	42.43	37.48	21.84	39.4	34.48	21.95	36.72	17.12	32.31	24.35	37.64	17.89	21.93	15.23	39.56	33.3	14.04	19.24	23.41	13.34	49.68	20.22	44.27	15.0	30.02	4.12	34.13	33.06	37.7	37.48	21.21	9.22	6.08	30.07	25.06	23.35	28.02	8.25	38.33	7.28	33.96	42.06	2.0	26.83	36.62	20.02	21.02	0.0	48.41	27.17	40.61	26.4	19.31	37.0	29.07	12.17	47.17	3.61	38.64	12.21	6.32	34.71	21.47	33.62	41.4	31.26	22.63	30.02	26.08	16.12	12.0	25.61	36.88	18.0	29.0	22.14	37.58	12.0	44.41	
22.14	35.47	48.37	22.02	15.0	12.17	32.0	42.49	20.02	22.36	29.43	33.24	2.83	32.31	23.85	35.9	38.21	43.66	44.38	18.11	62.29	24.33	24.02	29.41	46.04	20.62	29.15	13.42	35.0	19.7	30.81	41.05	31.11	30.68	33.94	41.0	16.76	58.8	36.69	27.2	41.4	2.0	36.4	44.18	58.9	46.57	51.04	27.29	32.39	16.28	11.7	37.12	48.92	45.79	32.98	24.08	25.55	30.68	41.04	35.0	42.72	22.56	10.05	46.86	44.27	17.0	34.13	31.02	48.41	0.0	34.79	7.81	23.6	30.48	18.25	25.32	55.32	5.39	45.0	37.0	36.24	43.27	37.22	30.08	43.57	7.07	34.71	50.99	30.08	22.63	58.41	42.05	49.4	22.09	36.06	19.72	40.72	46.17	56.64	4.47	
27.86	18.87	15.81	33.84	33.24	24.7	39.12	30.41	33.24	13.04	7.21	7.0	36.14	3.16	21.93	3.61	39.62	8.94	10.0	17.49	33.62	17.49	13.45	10.82	15.81	14.32	27.2	21.59	11.18	15.3	32.2	12.04	15.56	29.21	15.81	13.6	28.44	30.08	32.56	12.08	14.0	36.69	33.24	18.6	29.55	12.04	31.26	9.22	6.08	18.79	29.0	6.0	21.38	29.41	3.16	15.81	22.83	4.12	19.65	11.18	26.93	12.53	25.08	25.18	9.49	33.54	8.06	28.43	27.17	34.79	0.0	28.44	14.32	13.45	17.0	32.2	26.57	30.87	25.71	11.7	19.72	26.57	8.06	27.8	10.77	28.64	4.12	17.03	5.0	17.72	28.18	30.89	14.76	14.21	9.49	23.77	7.21	14.76	28.46	30.36	
15.13	27.66	41.15	16.49	10.3	10.63	26.48	34.93	14.56	15.52	24.02	28.07	8.06	25.71	16.12	30.07	32.02	37.11	37.64	13.6	54.56	21.47	19.65	21.95	41.19	15.03	21.84	7.0	27.46	13.15	24.08	36.22	23.35	23.54	26.17	36.5	10.0	51.09	29.61	19.72	33.84	9.22	29.43	40.26	51.22	40.45	43.27	22.09	27.02	11.4	5.1	30.08	41.23	38.08	27.07	16.4	17.89	24.33	33.24	30.59	34.99	17.03	7.07	39.05	37.85	12.08	26.83	23.77	40.61	7.81	28.44	0.0	16.12	22.8	13.34	19.03	47.63	8.0	37.2	32.56	28.43	35.51	32.06	22.8	38.01	1.0	29.02	44.01	24.08	14.87	50.8	34.54	42.72	17.46	28.65	12.08	33.84	41.05	48.92	4.12	
13.89	13.6	25.08	19.7	19.03	17.46	26.17	24.0	18.97	4.12	13.45	17.2	24.19	11.18	8.49	17.09	28.3	22.02	22.2	12.04	38.9	18.68	13.93	5.83	29.55	9.06	15.26	10.63	11.4	6.08	20.0	25.06	8.54	17.49	11.18	26.08	14.14	35.36	22.47	3.61	17.8	25.24	22.85	30.81	35.38	26.08	29.73	12.81	15.81	11.4	15.3	14.32	25.46	25.5	14.32	2.24	10.0	10.77	18.36	21.26	22.36	9.49	15.81	24.6	23.0	19.24	10.77	17.0	26.4	23.6	14.32	16.12	0.0	7.21	11.05	18.6	31.83	21.26	23.41	22.8	14.56	22.56	20.59	16.12	25.0	16.64	16.55	28.16	11.66	3.61	34.83	24.02	27.29	12.37	12.53	9.49	18.25	28.79	33.24	19.21	
16.03	7.0	19.42	22.09	23.54	24.6	25.94	18.44	22.0	10.44	16.16	18.87	30.81	10.63	10.0	16.97	26.17	18.68	18.25	18.68	31.83	24.02	19.03	3.16	29.21	15.3	13.89	17.8	5.1	13.0	18.87	25.46	2.24	15.81	4.12	26.91	18.44	28.32	19.21	4.12	11.18	32.02	19.85	31.89	28.43	23.41	22.8	16.49	17.49	18.38	21.02	10.44	18.44	19.03	15.0	6.4	10.2	11.66	11.18	23.32	16.0	15.03	23.02	17.46	19.92	23.19	6.32	15.0	19.31	30.48	13.45	22.8	7.21	0.0	17.72	19.65	24.84	28.43	16.49	24.41	8.0	16.03	21.26	14.42	23.85	23.43	17.03	23.09	13.42	8.06	28.02	18.68	23.09	18.03	7.0	13.34	14.32	28.02	26.17	26.17	
21.1	24.52	31.89	25.5	21.63	7.81	34.13	35.01	24.04	7.28	11.18	15.03	20.02	15.0	17.72	17.72	37.7	25.94	26.93	1.0	48.01	9.22	6.32	15.23	28.02	2.83	25.0	6.71	20.59	5.0	29.15	23.02	19.42	27.2	21.84	23.19	18.38	44.41	32.76	13.6	26.63	20.22	32.98	26.93	44.2	28.46	40.52	9.06	14.14	2.0	16.12	20.52	34.67	36.5	14.87	13.0	19.65	13.04	28.79	17.26	33.38	4.47	8.25	35.11	26.4	22.8	18.6	26.93	37.0	18.25	17.0	13.34	11.05	17.72	0.0	26.08	40.8	13.93	34.21	19.24	25.5	33.54	19.03	25.96	25.32	13.15	16.49	33.84	12.08	13.15	43.28	35.0	31.76	4.12	20.81	16.12	23.6	28.02	42.44	14.04	
5.0	19.1	38.01	4.24	10.77	28.16	8.06	19.85	5.83	21.93	32.02	35.81	23.77	29.07	10.3	35.36	13.0	38.33	37.85	26.93	45.31	35.23	31.24	21.54	47.89	25.61	7.28	20.62	24.33	22.02	5.83	43.57	18.25	7.21	20.02	44.65	9.06	42.38	12.21	20.12	29.0	25.71	11.66	49.41	43.01	43.01	30.23	31.14	34.41	25.06	14.0	30.08	33.73	24.41	32.76	16.64	9.49	29.15	24.52	39.82	21.95	26.91	24.74	28.23	39.56	8.94	25.96	8.06	29.07	25.32	32.2	19.03	18.6	19.65	26.08	0.0	39.56	27.02	25.5	41.4	19.24	22.83	39.12	7.62	42.95	20.02	34.99	42.11	30.23	15.0	43.42	19.1	42.58	29.21	26.48	10.0	33.96	46.96	40.16	23.0	
38.08	21.02	12.0	43.32	46.96	48.41	42.19	23.09	44.01	34.06	33.62	33.24	55.61	26.83	33.12	28.86	38.05	21.02	19.03	41.62	7.21	43.86	39.36	26.17	34.23	38.01	32.28	42.43	20.52	36.88	35.51	34.01	24.41	32.76	21.63	36.01	42.06	3.61	31.02	28.28	14.21	56.85	32.02	40.05	3.61	24.19	14.32	35.34	32.57	42.01	45.49	21.02	6.4	18.25	29.73	31.24	32.2	29.07	15.23	36.67	19.0	36.89	47.42	12.0	22.0	46.1	22.2	31.78	12.17	55.32	26.57	47.63	31.83	24.84	40.8	39.56	0.0	53.04	15.0	36.35	20.62	18.0	32.39	32.02	29.02	48.27	30.08	14.56	30.87	32.8	4.0	24.08	18.44	39.45	20.0	37.22	19.65	32.25	2.0	50.99	
23.09	34.13	45.22	24.33	17.72	7.0	34.37	42.38	22.36	19.21	25.0	28.64	8.06	28.65	23.41	31.62	40.01	39.81	40.71	13.6	60.14	19.1	19.24	26.87	41.19	16.55	29.61	10.63	32.53	16.4	32.06	36.22	29.41	31.4	32.2	36.06	18.0	56.59	37.48	24.76	38.9	7.28	37.34	39.05	56.57	42.38	50.12	22.8	27.89	12.08	13.04	33.84	46.69	45.19	28.79	22.2	25.3	26.83	39.41	30.07	42.05	18.38	5.83	45.49	40.31	19.65	31.24	31.58	47.17	5.39	30.87	8.0	21.26	28.43	13.93	27.02	53.04	0.0	43.91	32.06	34.99	42.49	32.56	30.59	39.05	7.0	30.36	47.51	26.0	21.1	55.9	42.06	45.62	17.46	33.3	19.65	37.22	41.44	54.49	4.12	
25.0	9.85	19.21	29.53	34.21	40.85	27.29	8.25	30.53	26.93	31.06	32.56	44.69	24.19	21.26	29.12	23.09	25.24	23.6	35.17	19.92	40.11	35.13	19.24	38.95	31.78	18.36	33.54	15.03	29.41	20.88	36.77	14.87	18.38	12.37	38.63	29.73	17.26	16.03	20.62	12.53	46.23	17.03	43.46	18.11	30.0	6.32	32.0	31.4	34.79	33.97	19.92	10.77	4.24	28.44	21.93	19.8	26.08	6.08	36.88	4.0	31.4	38.91	3.0	26.63	33.02	18.11	17.46	3.61	45.0	25.71	37.2	23.41	16.49	34.21	25.5	15.0	43.91	0.0	37.36	8.94	3.0	33.53	17.89	33.12	38.01	29.83	23.6	28.07	22.83	19.0	9.22	26.17	34.37	16.28	25.5	21.47	37.22	15.13	41.05	
36.62	30.41	24.52	42.19	39.92	25.08	48.92	42.05	41.18	19.72	9.43	5.66	39.05	13.89	31.24	8.25	50.33	15.52	17.46	19.1	42.95	13.6	13.04	21.4	9.22	17.72	37.48	25.71	22.85	20.62	42.43	4.47	26.63	39.62	27.29	4.0	35.78	39.62	43.6	21.93	25.32	39.0	44.2	8.06	38.83	14.42	42.76	10.77	7.07	21.21	34.79	17.46	32.0	41.11	9.43	24.84	32.56	12.81	31.32	2.0	38.63	15.81	27.02	36.67	14.87	40.72	19.7	38.95	38.64	37.0	11.7	32.56	22.8	24.41	19.24	41.4	36.35	32.06	37.36	0.0	31.3	38.28	4.0	38.21	9.22	32.39	7.62	23.77	11.31	26.4	37.11	42.49	20.12	15.13	21.19	31.91	17.0	9.85	38.33	33.06	
17.46	1.0	19.42	22.8	26.42	31.95	23.35	10.77	23.41	18.25	23.77	26.0	36.07	17.46	12.81	23.32	21.47	22.2	21.1	26.48	26.93	32.02	27.02	11.05	34.71	23.19	12.04	24.6	8.6	20.62	16.12	31.62	6.08	13.04	4.12	33.29	21.63	23.71	13.89	12.04	10.44	37.54	14.76	38.28	24.17	27.2	15.23	24.33	24.7	25.96	25.5	14.87	14.56	11.05	21.93	13.0	11.66	18.97	5.39	30.46	8.0	23.02	29.97	10.63	23.6	25.5	11.66	12.04	12.21	36.24	19.72	28.43	14.56	8.0	25.5	19.24	20.62	34.99	8.94	31.3	0.0	8.06	27.78	12.0	29.0	29.21	23.71	23.77	20.88	13.89	24.35	11.18	25.08	26.02	10.63	17.03	17.8	33.24	21.47	32.2	
22.67	9.06	21.63	26.93	31.89	39.85	24.33	5.39	28.02	26.31	31.4	33.24	42.8	24.74	19.42	30.08	20.1	27.02	25.5	34.53	22.8	40.0	35.0	19.0	40.5	31.26	15.81	32.31	15.52	28.64	18.03	38.01	14.14	15.65	12.0	39.81	27.59	20.22	13.04	20.1	14.21	44.41	14.04	44.72	21.1	31.89	7.81	32.14	32.02	33.96	32.02	21.02	13.6	3.0	29.12	20.88	17.8	26.48	7.21	37.64	1.0	31.06	37.7	6.0	28.43	30.61	18.68	14.76	6.32	43.27	26.57	35.51	22.56	16.03	33.54	22.83	18.0	42.49	3.0	38.28	8.06	0.0	34.54	15.26	34.67	36.36	30.68	26.08	28.44	21.54	22.0	6.32	28.43	34.06	17.09	23.6	23.02	38.83	18.11	39.45	
34.48	26.93	20.62	40.25	38.6	25.71	46.4	38.47	39.4	18.03	8.06	4.0	39.05	10.63	28.84	4.47	47.38	11.7	13.6	19.1	39.05	15.26	13.34	18.38	9.22	17.03	34.71	25.08	19.24	19.42	39.7	4.47	23.43	36.8	23.85	5.66	34.18	35.69	40.46	19.21	21.38	39.2	41.11	10.63	34.93	11.31	38.83	10.0	5.1	21.02	33.73	13.6	28.0	37.34	6.4	22.47	30.0	10.0	27.51	4.47	34.93	15.03	27.17	32.76	11.18	39.22	16.12	36.07	34.71	37.22	8.06	32.06	20.59	21.26	19.03	39.12	32.39	32.56	33.53	4.0	27.78	34.54	0.0	35.38	6.71	32.02	4.24	20.12	8.94	24.19	33.24	38.95	16.64	15.13	17.46	29.97	13.0	9.0	34.37	33.06	
8.06	12.04	31.26	11.66	17.03	30.02	11.7	12.81	12.81	20.12	29.21	32.56	29.07	24.84	8.25	31.24	12.21	32.7	31.95	26.93	37.7	34.54	29.97	17.03	43.6	24.7	1.0	22.02	18.38	21.19	4.47	39.7	12.53	1.41	13.6	41.04	13.42	34.79	7.0	16.28	22.2	30.87	7.07	45.97	35.44	37.58	22.8	28.84	31.14	25.5	18.38	24.6	26.31	17.03	29.0	13.89	6.32	25.46	17.12	36.88	14.42	25.5	27.02	20.62	34.01	15.56	20.59	1.0	21.47	30.08	27.8	22.8	16.12	14.42	25.96	7.62	32.02	30.59	17.89	38.21	12.0	15.26	35.38	0.0	38.28	23.77	31.14	35.51	26.91	13.0	35.9	12.21	36.4	28.23	20.62	11.05	28.23	42.44	32.57	26.93	
38.63	28.28	17.03	44.6	43.74	32.28	49.74	39.2	43.97	23.19	14.14	10.44	45.28	13.93	32.7	8.06	49.82	8.25	10.2	25.5	35.13	21.95	19.92	21.47	5.83	23.09	37.74	31.02	20.52	25.02	42.72	5.39	25.81	39.66	25.5	7.28	39.05	32.02	42.52	22.85	20.59	45.54	43.28	11.05	31.06	5.39	37.7	16.28	11.18	27.29	39.2	14.14	25.71	37.22	11.05	26.57	33.54	14.32	27.46	10.63	35.23	21.1	33.54	31.78	7.07	44.15	17.8	38.83	33.62	43.57	10.77	38.01	25.0	23.85	25.32	42.95	29.02	39.05	33.12	9.22	29.0	34.67	6.71	38.28	0.0	38.05	9.0	15.3	14.04	28.46	29.15	39.82	11.4	21.59	18.38	34.48	11.66	4.24	31.02	39.32	
16.12	28.43	41.59	17.46	11.18	9.9	27.46	35.85	15.52	15.81	24.0	28.02	7.62	25.96	17.0	30.15	33.02	37.36	37.95	13.34	55.23	21.02	19.42	22.47	41.11	15.0	22.8	7.07	28.02	13.34	25.08	36.12	24.04	24.52	26.87	36.35	11.0	51.74	30.59	20.25	34.41	8.6	30.41	40.02	51.86	40.61	44.1	22.02	27.0	11.18	6.08	30.46	41.87	38.95	27.17	17.03	18.79	24.52	33.97	30.41	35.85	17.0	6.4	39.82	38.08	13.0	27.29	24.74	41.4	7.07	28.64	1.0	16.64	23.43	13.15	20.02	48.27	7.0	38.01	32.39	29.21	36.36	32.02	23.77	38.05	0.0	29.07	44.38	24.19	15.56	51.4	35.47	43.01	17.26	29.15	13.0	34.18	41.01	49.58	3.16	
30.41	22.83	18.79	36.25	34.93	23.77	42.2	34.44	35.47	14.32	5.39	3.16	36.35	6.4	24.7	1.41	43.14	10.63	12.21	16.76	37.0	14.87	11.66	14.14	13.0	14.14	30.48	22.02	15.23	16.03	35.47	8.6	19.21	32.56	19.72	9.9	30.36	33.53	36.24	15.0	18.03	36.67	36.88	14.87	32.89	12.08	35.36	7.62	2.83	18.44	30.27	10.05	25.18	33.53	2.24	18.36	25.81	5.83	23.77	7.07	31.02	12.17	24.74	29.27	10.63	35.44	12.08	31.83	31.26	34.71	4.12	29.02	16.55	17.03	16.49	34.99	30.08	30.36	29.83	7.62	23.71	30.68	4.24	31.14	9.0	29.07	0.0	19.21	5.1	20.12	31.38	34.89	16.28	13.0	13.6	26.0	10.44	12.37	32.02	30.41	
39.01	23.54	4.47	45.0	46.53	41.62	47.07	31.38	45.04	28.64	24.04	22.2	52.0	18.87	33.06	17.8	44.94	8.6	7.07	34.41	20.0	34.06	30.41	22.56	20.0	31.06	35.36	37.58	18.03	31.3	39.81	20.62	24.0	36.67	22.09	22.56	41.44	17.12	37.34	24.74	13.34	52.8	38.28	26.08	16.03	10.05	26.25	26.17	22.02	35.51	43.42	13.93	13.45	27.8	19.8	28.64	33.0	20.81	19.7	24.6	26.93	29.41	41.68	21.26	8.94	46.27	17.46	35.69	22.63	50.99	17.03	44.01	28.16	23.09	33.84	42.11	14.56	47.51	23.6	23.77	23.77	26.08	20.12	35.51	15.3	44.38	19.21	0.0	22.02	30.59	14.0	32.25	4.0	31.24	16.12	36.35	10.3	18.0	16.49	46.52	
25.55	19.92	20.62	31.3	29.83	19.72	37.64	31.62	30.46	9.22	3.0	5.66	31.58	4.12	20.0	6.0	39.05	13.89	15.0	12.53	38.01	13.0	8.6	10.3	18.03	9.49	26.17	17.12	13.04	11.0	31.11	13.42	15.65	28.32	16.76	14.42	25.3	34.44	32.45	10.63	17.46	32.02	33.02	19.21	34.0	16.49	34.0	4.47	4.24	13.93	25.18	9.85	25.3	31.4	3.0	13.6	21.26	2.0	22.02	10.0	28.64	7.62	20.25	28.02	14.32	30.36	10.0	27.66	30.02	30.08	5.0	24.08	11.66	13.42	12.08	30.23	30.87	26.0	28.07	11.31	20.88	28.44	8.94	26.91	14.04	24.19	5.1	22.02	0.0	15.26	32.76	31.95	19.72	9.22	12.04	21.02	12.04	17.46	32.7	25.71	
10.3	13.04	27.2	16.16	16.03	18.44	22.63	22.2	15.52	7.21	17.03	20.81	22.8	14.56	5.0	20.62	25.06	25.02	25.02	14.14	39.7	21.54	17.0	8.06	33.11	11.7	12.08	10.77	13.0	8.25	16.64	28.65	8.49	14.32	11.31	29.68	11.0	36.24	19.65	6.0	19.24	24.08	19.92	34.41	36.4	29.27	29.07	16.28	19.42	13.0	13.0	17.03	26.4	24.35	17.89	2.0	6.71	14.32	18.44	24.84	21.19	12.53	16.16	24.41	26.08	16.03	13.15	13.93	26.08	22.63	17.72	14.87	3.61	8.06	13.15	15.0	32.8	21.1	22.83	26.4	13.89	21.54	24.19	13.0	28.46	15.56	20.12	30.59	15.26	0.0	36.06	22.09	30.07	15.23	14.56	6.08	21.02	32.31	34.06	18.44	
41.79	24.7	12.65	47.13	50.57	50.99	46.17	27.07	47.76	36.77	35.36	34.54	58.82	28.84	36.67	30.08	42.05	21.59	19.65	44.05	6.0	45.65	41.34	29.07	34.0	40.46	36.14	45.34	23.43	39.6	39.46	34.37	27.78	36.67	25.06	36.35	45.62	3.61	35.01	31.24	17.03	60.0	36.01	40.05	2.24	24.02	18.03	37.22	34.01	44.6	48.88	23.02	9.85	22.2	31.3	34.41	35.85	31.06	18.97	37.64	23.0	39.2	50.21	16.0	22.36	49.77	24.76	35.69	16.12	58.41	28.18	50.8	34.83	28.02	43.28	43.42	4.0	55.9	19.0	37.11	24.35	22.0	33.24	35.9	29.15	51.4	31.38	14.0	32.76	36.06	0.0	28.07	18.0	41.62	22.63	40.71	21.02	32.0	4.47	54.04	
20.25	12.08	27.78	23.35	29.21	40.45	18.97	1.0	24.76	28.07	34.79	37.16	41.18	28.64	18.68	34.48	14.0	32.53	31.14	36.0	28.28	42.43	37.48	21.84	45.61	33.06	13.04	32.56	19.72	30.0	13.6	42.72	16.49	12.04	15.23	44.42	25.55	26.02	7.62	22.36	19.85	42.94	8.54	49.4	27.0	37.48	11.7	35.17	35.85	35.06	30.41	25.81	19.92	6.08	33.11	22.0	16.76	30.08	12.81	41.63	5.39	33.24	37.85	12.17	33.94	27.66	22.83	11.4	12.0	42.05	30.89	34.54	24.02	18.68	35.0	19.1	24.08	42.06	9.22	42.49	11.18	6.32	38.95	12.21	39.82	35.47	34.89	32.25	31.95	22.09	28.07	0.0	34.41	36.22	21.63	22.47	28.32	44.05	24.0	38.63	
39.12	24.7	7.21	45.18	46.1	39.45	48.08	33.6	45.04	27.2	21.4	19.1	50.6	17.09	33.06	14.87	46.52	5.83	5.1	32.25	24.0	31.11	27.8	22.02	16.0	29.07	36.14	36.06	18.25	29.73	40.8	16.76	24.33	37.64	22.8	18.68	41.05	21.1	38.91	24.08	14.76	51.26	39.81	22.09	20.02	6.08	29.41	23.6	19.1	33.54	42.58	13.04	16.64	30.41	17.2	28.07	33.24	18.79	21.63	21.1	29.21	27.29	39.81	24.08	5.66	46.01	17.0	36.69	25.61	49.4	14.76	42.72	27.29	23.09	31.76	42.58	18.44	45.62	26.17	20.12	25.08	28.43	16.64	36.4	11.4	43.01	16.28	4.0	19.72	30.07	18.0	34.41	0.0	28.84	16.12	36.01	9.06	14.0	20.4	44.94	
24.21	25.02	29.73	29.0	25.55	10.77	37.2	36.12	27.66	8.25	7.62	11.18	24.0	12.81	20.12	14.32	40.25	23.02	24.21	4.0	46.65	6.32	2.24	15.13	24.0	3.61	27.31	10.77	19.92	7.21	31.76	19.0	20.0	29.55	22.09	19.1	22.02	43.05	34.79	14.0	25.5	24.08	35.11	22.8	42.72	25.08	40.61	5.39	10.44	6.08	20.12	18.6	33.54	37.05	11.66	14.56	21.93	10.63	28.64	13.15	34.01	3.0	12.04	34.93	23.32	26.63	17.46	29.15	36.88	22.09	14.21	17.46	12.37	18.03	4.12	29.21	39.45	17.46	34.37	15.13	26.02	34.06	15.13	28.23	21.59	17.26	13.0	31.24	9.22	15.23	41.62	36.22	28.84	0.0	19.7	19.21	21.21	24.08	41.18	18.0	
23.02	9.9	12.65	29.07	30.41	28.43	32.31	21.1	29.0	14.14	15.03	16.28	36.72	8.0	17.0	13.0	31.62	12.08	11.4	21.63	27.2	24.74	19.92	6.71	24.08	18.03	20.25	22.8	2.24	16.97	25.08	21.1	8.25	21.93	7.21	22.83	25.32	23.6	24.21	8.94	5.83	37.74	25.0	27.78	23.43	17.0	22.02	16.28	15.13	22.02	27.51	4.24	13.89	19.92	12.17	12.65	17.12	10.05	10.2	20.62	17.46	17.0	27.59	16.0	13.42	30.15	2.24	21.02	18.0	36.06	9.49	28.65	12.53	7.0	20.81	26.48	20.0	33.3	16.28	21.19	10.63	17.09	17.46	20.62	18.38	29.15	13.6	16.12	12.04	14.56	22.63	21.63	16.12	19.7	0.0	20.22	7.62	22.63	21.63	31.62	
5.0	16.4	32.76	10.3	10.2	19.1	18.03	22.85	9.49	12.21	22.47	26.42	19.21	20.62	4.24	26.57	21.84	31.06	31.0	17.0	43.83	25.24	21.26	14.0	39.0	15.62	10.05	11.18	18.44	12.04	13.34	34.44	13.0	12.0	15.65	35.36	5.1	40.5	18.03	12.04	24.35	20.81	18.0	39.96	40.82	35.36	31.4	21.4	25.06	15.23	8.49	23.0	30.89	26.08	23.77	8.06	5.83	20.25	22.2	30.23	23.02	16.97	16.0	27.59	32.14	10.0	19.03	12.04	29.0	19.72	23.77	12.08	9.49	13.34	16.12	10.0	37.22	19.65	25.5	31.91	17.03	23.6	29.97	11.05	34.48	13.0	26.0	36.35	21.02	6.08	40.71	22.47	36.01	19.21	20.22	0.0	27.0	38.28	38.28	16.16	
30.27	17.2	8.6	36.35	37.05	31.4	39.92	27.66	36.12	18.38	14.42	13.6	41.79	8.6	24.19	9.22	39.12	4.47	4.0	24.21	26.57	24.7	20.62	13.0	17.49	20.81	27.86	27.31	9.85	21.02	32.7	15.52	15.81	29.55	14.76	17.46	32.02	23.09	31.62	15.03	8.94	42.54	32.45	22.14	22.47	9.43	26.25	16.4	13.0	25.24	33.54	4.0	15.0	25.55	10.3	19.03	24.52	10.63	15.81	17.12	23.6	19.21	31.38	20.25	5.83	37.0	8.06	28.64	22.14	40.72	7.21	33.84	18.25	14.32	23.6	33.96	19.65	37.22	21.47	17.0	17.8	23.02	13.0	28.23	11.66	34.18	10.44	10.3	12.04	21.02	21.02	28.32	9.06	21.21	7.62	27.0	0.0	15.81	21.59	36.25	
42.54	32.53	20.4	48.47	47.3	34.53	53.85	43.42	47.76	26.68	17.03	13.0	48.04	17.89	36.67	11.7	54.04	12.08	13.93	28.07	38.0	23.41	22.2	25.55	2.0	26.02	41.88	34.06	24.76	28.28	46.87	5.39	30.0	43.83	29.73	6.4	42.72	35.06	46.75	26.83	24.7	48.17	47.51	8.25	34.01	8.06	41.63	19.0	14.04	30.02	42.58	18.38	29.41	41.34	14.56	30.46	37.59	18.03	31.62	11.7	39.41	24.02	36.12	35.78	10.77	47.8	22.02	43.01	37.58	46.17	14.76	41.05	28.79	28.02	28.02	46.96	32.25	41.44	37.22	9.85	33.24	38.83	9.0	42.44	4.24	41.01	12.37	18.0	17.46	32.31	32.0	44.05	14.0	24.08	22.63	38.28	15.81	0.0	34.23	42.05	
38.91	21.95	14.0	44.01	47.89	50.0	42.43	23.0	44.78	35.61	35.47	35.17	56.85	28.64	34.13	30.81	38.0	23.02	21.02	43.27	5.66	45.69	41.15	27.66	36.22	39.66	32.89	43.86	22.02	38.42	35.9	36.01	25.61	33.24	22.8	38.01	43.05	2.24	31.14	29.73	15.81	58.14	32.14	42.05	3.0	26.17	13.6	37.16	34.48	43.6	46.62	22.85	7.81	18.03	31.62	32.56	33.12	30.87	16.12	38.64	19.1	38.59	48.92	12.17	24.0	46.96	23.85	32.28	12.0	56.64	28.46	48.92	33.24	26.17	42.44	40.16	2.0	54.49	15.13	38.33	21.47	18.11	34.37	32.57	31.02	49.58	32.02	16.49	32.7	34.06	4.47	24.0	20.4	41.18	21.63	38.28	21.59	34.23	0.0	52.35	
19.24	31.4	43.91	20.22	13.6	8.94	30.27	39.0	18.25	17.89	25.18	29.07	6.0	27.86	20.12	31.58	36.0	39.22	39.92	14.0	58.0	20.88	20.02	25.0	42.0	16.28	25.96	8.94	30.61	15.23	28.16	37.0	26.91	27.66	29.73	37.05	14.04	54.49	33.73	22.8	37.01	6.32	33.54	40.45	54.56	42.2	47.17	23.09	28.16	12.04	9.0	32.65	44.6	42.06	28.64	19.8	21.93	26.25	36.88	31.06	38.95	18.25	6.08	42.8	39.85	15.52	29.68	27.89	44.41	4.47	30.36	4.12	19.21	26.17	14.04	23.0	50.99	4.12	41.05	33.06	32.2	39.45	33.06	26.93	39.32	3.16	30.41	46.52	25.71	18.44	54.04	38.63	44.94	18.0	31.62	16.16	36.25	42.05	52.35	0.0	
