110
0.0	24.74	10.2	21.93	18.44	20.62	34.13	18.87	35.17	31.14	22.02	29.0	32.65	35.01	40.82	26.02	27.46	6.4	2.0	25.08	39.2	35.11	29.21	31.02	21.93	30.36	31.26	6.4	13.0	25.0	22.67	12.0	39.4	32.2	10.0	22.67	34.83	19.72	33.24	38.29	19.31	30.68	24.21	22.8	13.0	20.81	22.83	18.36	25.3	16.64	40.0	2.83	28.84	10.44	36.35	30.89	36.89	19.24	24.84	20.52	39.36	16.28	39.96	25.0	32.2	18.79	18.6	28.6	16.16	6.08	24.7	13.34	11.4	24.19	3.61	3.16	38.08	4.0	32.14	27.02	11.18	40.31	32.06	24.19	24.6	16.03	20.62	33.02	24.76	29.21	17.09	36.69	6.71	19.7	14.04	24.08	25.0	17.49	7.81	26.63	17.09	34.13	21.63	13.15	22.36	12.04	33.62	20.52	16.76	36.25	
24.74	0.0	26.31	22.47	30.46	45.35	35.51	8.94	42.72	29.15	7.28	53.34	52.4	47.01	41.11	50.25	43.93	28.02	25.3	49.65	37.0	53.08	51.04	55.66	23.77	38.08	42.06	22.83	37.48	21.38	45.28	30.0	58.0	55.9	18.11	22.14	33.06	8.06	29.0	35.01	43.97	55.36	43.93	20.88	12.04	42.72	47.17	8.54	50.0	25.0	61.22	26.31	50.0	27.29	46.1	34.21	57.49	5.83	26.25	43.83	58.69	39.81	40.11	13.0	56.65	43.32	40.82	50.22	15.0	23.0	32.65	22.14	31.91	9.0	27.29	24.7	56.59	24.08	46.62	11.4	27.8	41.19	43.91	40.36	17.12	9.43	5.39	54.2	43.42	29.61	41.76	53.91	18.25	15.23	24.35	4.0	49.37	9.49	22.47	9.22	14.42	45.18	16.97	37.22	46.82	36.67	52.33	39.81	36.4	55.15	
10.2	26.31	0.0	30.81	8.25	23.43	43.83	18.0	45.35	40.22	26.4	28.79	41.11	45.1	50.54	25.63	37.12	5.39	12.17	25.94	48.55	44.15	36.67	34.21	31.06	40.52	41.44	16.16	14.87	33.3	29.97	22.09	48.08	37.64	8.25	31.4	44.1	19.0	42.01	47.43	23.35	33.6	17.72	31.24	14.87	28.79	27.66	18.03	28.43	26.4	47.41	8.0	36.77	1.0	46.53	40.72	44.78	22.14	34.13	27.29	47.76	23.26	49.65	31.06	36.12	23.43	26.57	36.25	23.35	5.0	34.79	5.83	21.02	29.07	8.06	13.34	46.84	6.32	42.01	24.04	21.38	50.09	42.19	34.01	31.89	20.12	21.1	40.72	17.46	38.59	21.26	45.89	10.63	26.91	5.0	27.2	25.08	17.03	17.46	24.52	24.08	44.28	16.12	13.6	26.91	14.87	42.45	13.6	26.17	44.92	
21.93	22.47	30.81	0.0	38.59	37.36	14.14	25.0	20.25	9.43	15.23	47.43	34.01	25.0	20.62	44.94	24.19	28.28	20.62	43.01	17.89	33.29	34.93	45.18	1.41	15.65	20.0	15.62	32.65	4.0	31.06	16.28	38.28	42.19	25.08	1.0	13.42	25.02	11.31	16.64	34.93	45.28	46.1	2.24	20.4	28.07	36.22	24.0	40.61	7.07	43.46	24.76	33.24	31.4	23.71	12.04	39.4	18.25	4.0	31.02	39.45	28.28	19.65	11.31	45.01	33.73	27.0	33.96	9.06	25.81	10.63	30.87	19.42	14.42	25.5	19.21	36.89	24.84	25.5	32.39	14.56	20.4	22.02	21.02	7.21	16.0	23.19	37.0	46.69	8.25	33.24	33.6	20.59	7.28	32.65	18.79	43.66	24.02	14.21	30.59	9.0	23.02	33.24	33.62	36.35	31.3	33.12	42.45	21.02	35.85	
18.44	30.46	8.25	38.59	0.0	28.02	51.89	21.54	53.6	48.02	32.2	30.81	48.27	53.24	58.6	27.8	45.01	13.0	20.4	29.0	56.44	51.62	43.32	38.29	38.95	48.76	49.65	24.35	20.12	40.8	36.69	30.27	55.32	43.05	14.14	39.12	51.97	22.47	49.65	55.23	28.65	37.54	15.3	38.83	20.62	35.9	33.12	21.93	32.8	34.54	53.85	16.12	43.68	8.06	54.74	48.85	51.55	27.46	42.06	33.84	54.82	30.08	57.7	37.54	40.61	29.07	33.73	43.01	30.61	13.0	43.01	8.6	29.02	35.0	16.03	21.59	54.13	14.56	50.01	25.02	29.61	58.18	50.36	42.01	38.95	26.25	25.08	47.43	14.04	46.53	26.83	53.46	18.03	34.06	6.4	32.25	27.66	21.02	25.63	26.17	31.24	52.47	16.0	18.36	32.25	20.62	49.82	11.7	34.01	52.17	
20.62	45.35	23.43	37.36	28.02	0.0	44.94	39.0	41.01	44.78	42.19	10.3	24.52	36.62	50.8	8.49	26.63	18.87	20.22	5.83	51.11	29.12	18.11	10.82	36.69	37.64	35.38	24.0	8.6	41.23	13.0	21.19	31.26	15.23	29.07	38.33	47.41	39.92	47.54	51.0	2.83	10.3	20.02	39.05	33.53	14.42	6.0	38.63	5.0	30.36	27.29	19.31	19.42	22.67	39.82	41.34	26.0	39.81	38.63	10.3	30.07	10.0	50.22	44.05	12.73	4.24	13.45	18.25	35.01	23.71	34.13	29.21	18.03	44.05	18.38	21.1	30.41	21.93	31.91	46.53	22.8	50.0	34.83	25.5	42.43	36.5	41.11	22.02	22.09	42.05	4.12	31.32	27.2	38.12	28.32	44.55	7.07	37.7	25.02	46.52	36.01	37.01	39.41	9.9	5.0	8.94	26.93	19.65	18.6	28.44	
34.13	35.51	43.83	14.14	51.89	44.94	0.0	39.05	10.3	6.71	28.28	55.23	33.0	18.03	6.71	53.25	23.09	40.5	32.45	50.77	6.32	30.27	36.5	50.33	13.34	9.0	14.14	27.78	42.45	14.14	35.11	24.76	34.71	45.12	38.9	14.04	4.47	39.01	8.49	7.0	42.19	50.7	57.49	15.0	34.53	32.31	42.05	38.05	46.96	17.49	42.11	36.89	34.37	44.29	14.76	3.61	38.05	32.02	10.2	36.25	36.5	34.99	5.83	22.8	49.34	40.82	32.2	35.51	23.19	38.91	10.82	44.6	27.66	26.68	37.44	31.06	33.54	37.59	21.21	46.1	24.08	6.32	16.28	21.59	18.44	30.07	37.01	37.05	58.41	6.0	41.05	29.61	34.18	21.0	46.24	31.58	51.87	38.12	26.42	44.18	23.09	15.81	47.38	43.84	42.49	41.04	31.06	54.2	26.42	33.24	
18.87	8.94	18.0	25.0	21.54	39.0	39.05	0.0	44.55	33.38	12.53	46.1	49.82	47.43	45.28	42.95	42.54	20.62	20.0	42.72	41.77	51.31	47.38	49.66	26.02	39.62	42.72	19.21	30.68	25.32	41.11	27.2	56.04	51.04	10.2	25.02	37.48	1.0	33.96	40.02	38.01	49.24	35.36	24.08	6.4	38.9	41.68	1.0	43.86	25.0	58.0	19.7	46.69	19.0	47.3	37.01	54.56	7.62	29.0	39.2	56.4	35.0	44.28	18.79	51.0	37.59	36.8	46.67	16.03	15.52	33.73	13.34	28.32	15.26	20.62	19.85	54.64	17.09	46.1	8.6	25.24	45.18	44.27	38.95	21.84	9.0	3.61	50.93	34.71	33.06	35.78	52.48	12.21	18.11	15.52	11.31	42.2	1.41	19.42	7.81	16.0	45.88	8.94	30.08	41.18	30.08	50.22	31.26	33.42	53.01	
35.17	42.72	45.35	20.25	53.6	41.01	10.3	44.55	0.0	16.28	35.47	50.99	24.52	8.06	12.04	49.5	15.65	41.11	33.24	46.69	15.3	21.02	29.15	44.42	18.97	5.0	5.83	29.43	40.5	21.95	29.41	23.77	25.08	38.08	42.11	20.62	14.76	44.72	18.6	16.76	38.18	44.94	56.44	21.93	39.12	27.02	37.01	43.57	42.01	20.0	33.06	37.64	26.93	45.61	4.47	9.22	29.15	38.33	16.55	31.24	27.02	31.14	12.0	30.89	42.94	36.77	27.59	28.23	28.64	40.79	11.0	47.38	25.94	34.44	37.95	32.02	24.02	39.05	12.17	52.39	24.04	11.05	7.28	15.62	26.42	35.69	43.17	28.86	57.71	14.21	37.54	20.02	37.12	27.51	48.66	39.0	48.08	43.42	28.28	50.7	28.86	6.0	52.09	42.19	37.64	39.12	22.2	53.67	22.8	24.02	
31.14	29.15	40.22	9.43	48.02	44.78	6.71	33.38	16.28	0.0	22.02	55.04	36.5	23.32	12.0	52.77	26.31	37.54	29.7	50.57	8.54	34.48	39.0	51.42	9.22	13.42	18.79	24.76	41.05	8.06	36.5	23.71	39.22	47.17	34.44	8.94	4.12	33.24	3.0	7.21	42.15	51.66	55.17	9.49	29.41	33.54	42.72	32.39	47.43	15.0	45.89	33.97	37.01	40.8	20.62	7.21	41.77	26.08	6.4	37.11	40.8	35.11	11.0	16.28	50.8	40.85	32.98	38.0	18.03	35.23	12.0	40.25	26.83	20.22	34.66	28.28	37.95	34.21	25.63	40.0	22.47	12.04	21.02	24.02	12.04	24.52	31.06	40.2	55.87	3.0	40.72	34.18	30.02	15.3	42.06	25.18	51.43	32.56	23.35	38.01	17.72	21.1	41.98	42.2	43.01	39.66	34.93	51.62	26.93	37.36	
22.02	7.28	26.4	15.23	32.2	42.19	28.28	12.53	35.47	22.02	0.0	51.01	46.4	39.96	34.01	48.04	37.48	26.68	22.02	47.01	30.07	46.69	45.65	51.97	16.55	30.87	34.99	18.44	35.01	14.14	40.31	24.6	51.66	51.26	18.36	14.87	26.0	12.08	22.09	28.16	40.45	51.79	44.01	13.6	11.66	37.58	43.17	11.66	46.53	18.38	55.47	24.19	44.42	27.31	38.91	26.93	51.61	5.0	18.97	39.22	52.5	35.44	33.02	6.32	52.63	39.62	35.85	44.78	8.6	22.14	25.55	23.6	26.93	2.83	25.18	21.1	50.25	22.56	39.82	18.03	22.36	34.06	36.89	33.97	10.0	6.32	9.49	48.55	43.86	22.36	38.33	47.38	16.49	8.06	25.81	3.61	47.01	12.21	17.72	16.0	7.81	38.08	21.47	35.13	42.95	34.0	46.1	39.92	30.89	48.92	
29.0	53.34	28.79	47.43	30.81	10.3	55.23	46.1	50.99	55.04	51.01	0.0	32.2	46.1	61.03	3.16	36.12	25.5	29.07	4.47	61.4	37.12	25.5	11.0	46.82	47.8	45.28	33.38	16.0	51.24	22.02	31.38	38.28	19.24	35.9	48.38	57.71	47.07	57.78	61.29	13.04	10.0	18.03	49.04	41.3	24.04	14.21	45.89	9.43	40.5	32.39	27.07	27.29	27.86	49.52	51.62	32.28	48.09	48.85	19.8	36.69	20.25	60.46	53.46	14.0	14.42	23.43	25.94	44.41	30.59	44.42	34.54	28.23	53.08	26.08	30.15	37.7	29.27	41.23	52.81	32.89	60.22	44.55	35.38	52.17	45.01	48.66	28.79	20.25	52.33	14.32	39.36	35.13	47.68	33.11	53.04	4.0	44.91	34.53	53.16	45.4	46.69	44.78	16.12	13.45	17.03	34.89	19.8	28.84	35.85	
32.65	52.4	41.11	34.01	48.27	24.52	33.0	49.82	24.52	36.5	46.4	32.2	0.0	17.09	36.5	31.95	10.2	35.74	30.89	28.79	39.05	5.0	6.71	22.8	32.7	24.0	19.1	30.61	29.07	37.7	12.0	22.67	7.07	14.87	42.54	34.93	37.05	50.45	39.46	40.0	22.2	23.6	44.18	36.25	43.42	12.37	18.68	49.04	22.85	28.3	9.49	33.62	5.1	40.8	21.19	30.07	5.39	46.69	32.57	15.0	6.71	18.25	36.35	44.78	20.52	21.1	14.56	6.32	37.8	38.48	24.74	45.69	21.63	46.87	33.24	30.53	6.0	36.25	12.37	58.41	24.76	35.51	17.26	13.0	41.15	43.14	50.25	4.47	46.1	33.54	23.02	7.21	38.28	39.12	45.88	49.82	30.68	48.41	30.48	57.49	38.6	18.68	54.2	31.06	19.65	28.16	2.83	43.0	16.4	4.0	
35.01	47.01	45.1	25.0	53.24	36.62	18.03	47.43	8.06	23.32	39.96	46.1	17.09	0.0	20.0	45.0	10.0	40.31	33.02	42.01	23.35	13.15	22.47	38.42	23.6	10.0	5.0	30.15	37.7	27.59	24.08	23.02	17.03	31.38	43.29	25.61	22.47	47.76	25.94	24.74	33.84	39.05	53.85	27.02	41.48	22.2	31.89	46.49	36.8	22.47	25.18	37.12	20.25	45.18	4.12	16.12	21.38	42.05	21.93	26.4	19.0	27.29	20.02	36.24	36.62	32.45	23.32	21.63	32.2	41.0	14.42	48.04	24.33	39.41	37.22	32.0	16.0	39.01	5.0	55.71	24.02	19.0	3.16	11.7	31.89	39.0	46.62	21.54	55.36	20.81	33.62	12.0	38.33	31.91	49.0	43.57	43.6	46.17	29.27	54.23	32.65	2.24	54.13	39.56	32.65	36.4	14.56	51.55	19.92	16.12	
40.82	41.11	50.54	20.62	58.6	50.8	6.71	45.28	12.04	12.0	34.01	61.03	36.5	20.0	0.0	59.2	27.2	47.17	39.12	56.61	5.0	33.06	40.8	55.46	19.92	13.42	17.46	34.48	48.8	20.02	40.25	31.14	37.01	49.65	45.54	20.4	8.06	45.18	12.37	7.21	48.01	55.9	64.03	21.21	41.0	37.59	47.51	44.28	52.48	24.19	45.1	43.57	38.6	51.0	16.03	10.0	41.19	38.05	16.76	41.68	39.0	40.8	1.0	28.16	54.23	46.62	37.74	39.85	29.61	45.62	16.97	51.26	33.94	32.14	44.1	37.74	36.0	44.29	24.19	52.0	30.61	1.0	19.24	26.4	24.02	36.35	43.05	40.79	65.0	12.37	47.01	32.0	40.85	27.17	52.92	37.12	57.8	44.41	33.12	50.01	29.43	18.03	53.76	50.25	48.02	47.38	34.23	60.8	32.2	36.06	
26.02	50.25	25.63	44.94	27.8	8.49	53.25	42.95	49.5	52.77	48.04	3.16	31.95	45.0	59.2	0.0	35.0	22.36	26.17	3.16	59.36	36.77	25.3	12.37	44.38	46.1	43.86	30.59	13.04	48.7	21.1	29.07	38.33	20.0	32.76	45.88	55.57	43.93	55.46	59.17	11.31	11.4	15.65	46.49	38.21	22.8	13.42	42.76	9.22	38.08	33.06	24.02	26.93	24.7	48.27	49.65	32.56	45.04	46.52	18.6	36.88	18.44	58.6	50.64	15.3	12.73	21.93	25.63	41.59	27.46	42.44	31.38	25.94	50.16	23.02	27.29	37.64	26.17	40.22	49.65	30.46	58.41	43.28	33.97	49.48	42.0	45.54	28.86	17.89	50.12	12.21	39.0	32.06	44.91	29.97	50.01	1.41	41.77	31.78	50.0	42.58	45.45	41.63	13.04	12.53	14.14	34.54	17.03	27.02	35.74	
27.46	43.93	37.12	24.19	45.01	26.63	23.09	42.54	15.65	26.31	37.48	36.12	10.2	10.0	27.2	35.0	0.0	32.02	25.5	32.02	29.27	9.22	13.6	28.84	22.83	14.14	9.85	23.77	28.16	27.73	14.14	15.81	14.21	22.47	36.69	25.06	27.0	43.05	29.27	30.07	23.85	29.41	44.27	26.42	36.24	12.21	21.93	41.68	26.87	19.1	19.65	29.15	11.4	37.05	13.45	20.0	15.52	38.42	22.47	16.4	15.26	17.46	26.93	35.23	27.29	22.47	13.42	12.65	29.0	33.54	14.56	40.79	16.12	37.64	29.07	24.74	12.81	31.4	5.39	51.11	17.46	26.25	8.6	3.61	31.38	35.0	42.44	14.0	45.88	23.35	23.71	10.0	31.95	29.83	41.44	41.01	33.6	41.18	23.26	49.93	29.7	10.63	48.1	30.08	22.67	26.93	8.94	42.2	11.0	11.66	
6.4	28.02	5.39	28.28	13.0	18.87	40.5	20.62	41.11	37.54	26.68	25.5	35.74	40.31	47.17	22.36	32.02	0.0	8.06	22.14	45.61	38.83	31.3	29.68	28.32	36.4	36.88	12.81	10.3	31.24	24.6	17.46	42.72	32.56	10.44	29.0	41.23	21.59	39.6	44.69	18.44	29.15	18.03	29.07	16.0	23.41	22.63	20.4	23.85	23.02	42.06	3.61	31.38	5.1	41.98	37.22	39.4	23.09	31.24	21.95	42.38	17.89	46.32	30.46	31.4	18.38	21.19	30.87	21.95	5.1	30.87	10.63	16.03	29.12	3.16	9.43	41.48	4.12	37.01	27.73	17.09	46.65	37.48	29.02	30.53	20.4	23.19	35.34	18.44	35.61	16.28	40.61	10.2	25.55	10.3	28.16	21.59	19.42	14.21	27.86	22.83	39.62	20.62	9.49	21.93	10.0	37.11	14.21	21.02	39.56	
2.0	25.3	12.17	20.62	20.4	20.22	32.45	20.0	33.24	29.7	22.02	29.07	30.89	33.02	39.12	26.17	25.5	8.06	0.0	25.0	37.64	33.24	27.66	30.36	20.52	28.46	29.27	5.0	13.15	23.85	21.21	10.0	37.58	31.06	11.66	21.4	33.3	20.81	31.89	36.8	18.68	30.08	25.5	21.63	13.89	19.21	21.93	19.42	24.74	15.0	38.42	4.47	27.2	12.37	34.37	29.15	35.23	19.65	23.35	19.21	37.59	15.0	38.28	24.52	31.38	18.03	17.03	27.02	15.52	8.06	22.85	15.3	9.49	24.02	5.0	1.41	36.25	6.0	30.15	28.32	9.22	38.59	30.07	22.2	23.77	16.28	21.47	31.4	26.17	27.66	16.49	34.79	7.81	18.97	16.03	24.33	25.08	18.6	6.4	27.8	16.49	32.14	23.32	13.6	21.54	12.04	31.78	21.93	14.87	34.44	
25.08	49.65	25.94	43.01	29.0	5.83	50.77	42.72	46.69	50.57	47.01	4.47	28.79	42.01	56.61	3.16	32.02	22.14	25.0	0.0	56.94	33.62	22.14	9.85	42.38	43.42	41.01	29.15	12.17	46.84	18.03	26.93	35.17	17.03	32.57	43.97	53.24	43.68	53.31	56.82	8.6	8.94	18.03	44.64	37.66	19.85	10.3	42.45	6.08	36.06	30.02	23.35	23.77	25.06	45.34	47.17	29.43	44.28	44.38	15.62	33.73	15.81	56.04	49.25	12.65	10.0	19.1	22.47	40.2	27.2	39.96	31.76	23.77	49.01	22.36	26.02	34.48	25.71	37.2	49.77	28.46	55.8	40.36	31.11	47.85	41.11	45.12	25.71	20.25	47.85	9.85	35.85	31.4	43.42	30.53	49.16	2.0	41.48	30.27	49.98	41.19	42.52	42.06	12.65	9.43	13.04	31.38	18.87	24.41	32.57	
39.2	37.0	48.55	17.89	56.44	51.11	6.32	41.77	15.3	8.54	30.07	61.4	39.05	23.35	5.0	59.36	29.27	45.61	37.64	56.94	0.0	36.06	42.76	56.65	17.49	15.13	20.0	32.8	48.27	16.49	41.44	30.61	40.31	51.42	42.95	17.46	4.47	41.59	8.0	2.24	48.37	57.01	62.97	18.03	37.95	38.63	48.33	40.79	53.23	22.67	48.01	42.01	40.61	49.09	19.65	9.85	44.0	34.37	14.42	42.54	42.19	41.18	4.24	24.0	55.66	47.01	38.48	41.77	26.57	43.57	17.0	48.75	33.6	28.0	42.64	36.24	39.2	42.44	27.02	48.09	29.73	5.66	22.02	27.89	20.1	32.98	39.32	43.19	63.78	10.0	47.17	35.23	38.47	23.77	50.54	33.0	57.98	41.0	31.4	46.04	26.25	21.21	50.45	49.58	48.75	46.86	37.0	59.55	32.65	39.05	
35.11	53.08	44.15	33.29	51.62	29.12	30.27	51.31	21.02	34.48	46.69	37.12	5.0	13.15	33.06	36.77	9.22	38.83	33.24	33.62	36.06	0.0	11.66	27.8	31.91	21.38	16.12	32.25	33.02	36.72	16.28	24.19	5.0	19.8	44.78	34.13	34.53	51.87	37.36	37.22	26.68	28.6	48.51	35.51	44.94	16.0	23.41	50.48	27.73	28.32	12.04	36.4	9.85	43.93	17.26	27.66	8.25	47.51	31.3	19.24	6.32	22.0	33.02	44.41	25.5	25.5	18.03	11.18	38.18	41.11	23.26	48.38	23.77	46.86	36.14	32.7	3.61	38.9	9.06	59.91	26.08	32.06	14.04	12.73	40.5	44.05	51.4	9.22	50.36	31.62	27.29	2.24	40.25	39.05	48.76	50.21	35.47	49.93	31.91	58.82	38.9	15.03	56.36	35.01	24.35	32.0	2.24	47.1	18.38	3.0	
29.21	51.04	36.67	34.93	43.32	18.11	36.5	47.38	29.15	39.0	45.65	25.5	6.71	22.47	40.8	25.3	13.6	31.3	27.66	22.14	42.76	11.66	0.0	16.28	33.73	27.66	23.41	28.43	23.54	38.83	6.71	21.1	13.15	8.94	39.2	35.9	40.2	48.1	42.0	43.42	16.0	17.03	38.01	37.11	41.04	8.49	12.17	46.69	16.16	28.46	10.82	29.68	2.24	36.25	26.42	33.24	8.25	45.22	34.23	9.49	12.0	13.42	40.52	44.94	14.21	15.03	10.63	1.0	37.12	34.67	27.0	41.68	19.21	46.52	29.15	27.59	12.37	32.45	17.49	55.87	23.32	39.85	21.93	15.03	41.76	41.62	48.27	4.12	40.0	36.0	17.12	13.89	35.38	39.0	41.59	48.88	24.04	45.97	28.6	55.17	38.01	23.71	50.8	25.5	13.15	22.8	9.43	37.12	14.76	10.44	
31.02	55.66	34.21	45.18	38.29	10.82	50.33	49.66	44.42	51.42	51.97	11.0	22.8	38.42	55.46	12.37	28.84	29.68	30.36	9.85	56.65	27.8	16.28	0.0	44.28	42.05	38.59	33.54	19.42	49.16	15.23	29.02	28.18	8.54	39.82	46.17	53.45	50.57	54.34	56.92	11.7	1.0	27.86	47.1	44.01	18.03	9.0	49.24	5.83	38.12	21.59	29.97	18.38	33.42	42.2	46.82	21.93	50.0	45.71	14.32	26.4	17.0	55.04	53.15	3.0	12.37	18.44	16.97	44.28	34.48	39.85	40.0	26.0	53.6	29.07	31.05	27.78	32.65	33.42	57.31	31.0	54.56	37.44	29.07	51.0	46.57	51.62	18.87	30.08	48.51	13.93	30.0	37.7	47.1	39.05	54.57	11.7	48.33	34.37	57.25	45.28	39.41	50.22	20.62	9.06	19.72	25.61	28.65	24.52	26.08	
21.93	23.77	31.06	1.41	38.95	36.69	13.34	26.02	18.97	9.22	16.55	46.82	32.7	23.6	19.92	44.38	22.83	28.32	20.52	42.38	17.49	31.91	33.73	44.28	0.0	14.32	18.6	15.56	32.25	5.1	30.02	15.52	36.89	41.11	25.63	2.24	13.04	26.08	11.4	16.4	34.21	44.41	46.01	3.61	21.21	27.02	35.36	25.02	39.81	6.32	42.15	24.76	32.02	31.62	22.36	11.0	38.08	19.42	3.16	30.07	38.08	27.46	18.97	12.73	44.05	32.98	26.02	32.76	10.0	26.08	9.22	31.38	18.68	15.81	25.46	19.1	35.51	25.0	24.08	33.54	13.93	19.65	20.62	19.7	8.6	17.03	24.33	35.74	46.67	7.62	32.57	32.2	21.02	8.54	33.11	20.12	43.08	25.0	14.14	31.78	10.05	21.63	34.13	33.29	35.51	30.89	31.76	42.43	20.0	34.48	
30.36	38.08	40.52	15.65	48.76	37.64	9.0	39.62	5.0	13.42	30.87	47.8	24.0	10.0	13.42	46.1	14.14	36.4	28.46	43.42	15.13	21.38	27.66	42.05	14.32	0.0	5.39	24.52	36.4	17.8	26.83	19.24	25.96	36.4	37.12	16.12	13.15	39.81	16.16	16.0	34.83	42.49	52.15	17.49	34.13	24.19	34.13	38.64	39.12	15.0	33.14	32.89	25.5	40.8	8.06	6.32	29.07	33.53	12.21	28.3	27.66	27.66	13.0	26.63	40.85	33.42	24.41	26.68	23.77	35.9	6.0	42.43	21.63	30.02	33.24	27.2	24.74	34.21	12.37	47.54	19.31	12.53	7.62	13.0	22.2	30.81	38.33	28.07	53.34	10.82	33.97	20.88	32.14	22.85	43.74	34.44	44.69	38.47	23.35	45.88	24.04	7.81	47.1	38.01	34.67	35.0	22.09	49.24	19.1	24.33	
31.26	42.06	41.44	20.0	49.65	35.38	14.14	42.72	5.83	18.79	34.99	45.28	19.1	5.0	17.46	43.86	9.85	36.88	29.27	41.01	20.0	16.12	23.41	38.59	18.6	5.39	0.0	26.0	35.36	22.63	23.6	19.42	20.62	32.31	39.05	20.62	18.44	43.01	21.54	21.1	32.56	39.12	51.43	22.02	36.88	21.26	31.24	41.76	36.24	17.72	28.02	33.54	21.19	41.59	5.1	11.7	24.0	37.16	16.97	25.5	22.36	25.61	17.26	31.24	37.12	31.14	21.93	22.47	27.31	37.12	9.43	44.01	21.19	34.41	33.73	28.16	19.42	35.23	7.07	50.92	20.1	16.49	2.24	9.9	26.91	34.18	41.79	23.35	52.8	16.12	32.02	15.52	34.06	26.93	45.1	38.59	42.45	41.48	25.02	49.4	27.73	3.16	49.65	37.12	31.89	34.0	17.0	48.85	17.49	19.1	
6.4	22.83	16.16	15.62	24.35	24.0	27.78	19.21	29.43	24.76	18.44	33.38	30.61	30.15	34.48	30.59	23.77	12.81	5.0	29.15	32.8	32.25	28.43	33.54	15.56	24.52	26.0	0.0	17.72	18.87	22.47	8.06	36.89	33.11	13.15	16.4	28.43	19.85	26.91	31.89	22.09	33.38	30.48	16.64	12.81	20.0	24.74	18.44	28.16	10.3	38.9	9.22	27.59	16.55	31.02	24.6	35.38	17.0	18.44	21.02	37.2	17.09	33.62	20.1	34.21	21.21	18.03	27.66	11.05	11.4	18.68	18.03	9.22	20.1	9.9	3.61	35.51	9.85	27.89	27.8	6.32	34.0	27.07	20.25	18.97	13.42	19.85	31.83	31.11	22.8	20.02	33.54	8.25	14.32	19.24	21.19	29.43	17.8	1.41	26.91	12.04	29.02	24.35	18.38	24.52	16.49	31.06	26.87	14.21	33.84	
13.0	37.48	14.87	32.65	20.12	8.6	42.45	30.68	40.5	41.05	35.01	16.0	29.07	37.7	48.8	13.04	28.16	10.3	13.15	12.17	48.27	33.02	23.54	19.42	32.25	36.4	35.36	17.72	0.0	36.25	17.12	17.69	36.12	23.02	20.62	33.54	44.2	31.62	43.57	47.8	8.6	18.87	16.16	34.01	25.5	17.03	13.04	30.36	13.6	26.08	33.84	11.18	24.19	14.14	40.25	38.9	31.78	32.14	34.67	14.14	35.36	11.05	48.08	37.66	21.26	8.94	15.13	23.35	28.64	15.23	31.83	20.62	14.87	37.12	10.2	14.32	35.06	13.6	33.53	38.01	18.6	48.1	35.34	26.0	36.69	29.02	32.98	27.66	17.72	38.6	6.71	35.06	19.24	32.02	19.8	37.05	12.0	29.41	18.97	38.08	29.61	37.58	30.81	2.0	12.21	1.41	31.0	14.14	17.89	33.06	
25.0	21.38	33.3	4.0	40.8	41.23	14.14	25.32	21.95	8.06	14.14	51.24	37.7	27.59	20.02	48.7	27.73	31.24	23.85	46.84	16.49	36.72	38.83	49.16	5.1	17.8	22.63	18.87	36.25	0.0	35.06	20.22	41.68	46.17	26.93	3.0	12.17	25.18	8.94	14.87	38.83	49.25	49.2	2.24	21.54	32.06	40.2	24.33	44.55	11.05	47.17	27.8	37.11	33.97	25.81	13.0	43.08	18.03	5.66	35.01	42.94	32.25	19.03	8.94	49.01	37.66	31.0	37.85	10.3	28.32	13.6	32.76	23.35	12.65	28.6	22.47	40.31	27.59	28.6	32.02	18.44	20.0	24.76	24.7	4.47	16.49	23.02	40.8	49.68	8.25	37.11	36.89	22.8	7.28	34.67	17.46	47.43	24.52	17.49	30.07	9.85	25.5	33.96	37.12	40.31	34.93	36.67	45.45	25.02	39.36	
22.67	45.28	29.97	31.06	36.69	13.0	35.11	41.11	29.41	36.5	40.31	22.02	12.0	24.08	40.25	21.1	14.14	24.6	21.21	18.03	41.44	16.28	6.71	15.23	30.02	26.83	23.6	22.47	17.12	35.06	0.0	15.81	19.03	11.18	32.65	32.06	38.33	41.87	39.46	41.76	10.44	15.65	32.25	33.14	34.83	3.0	7.81	40.46	12.73	24.19	17.49	23.02	7.07	29.55	27.59	31.62	14.87	39.45	31.06	3.0	18.25	6.71	39.81	40.26	14.32	9.22	4.47	6.32	31.95	28.02	24.74	34.99	13.42	41.44	22.47	21.26	18.0	25.81	19.21	49.52	18.03	39.36	22.67	13.89	37.48	35.85	42.2	10.77	34.13	33.54	11.05	18.44	29.0	34.21	34.89	43.38	19.72	39.7	22.83	48.92	32.89	24.76	44.2	19.1	8.6	16.28	14.14	31.0	10.05	16.0	
12.0	30.0	22.09	16.28	30.27	21.19	24.76	27.2	23.77	23.71	24.6	31.38	22.67	23.02	31.14	29.07	15.81	17.46	10.0	26.93	30.61	24.19	21.1	29.02	15.52	19.24	19.42	8.06	17.69	20.22	15.81	0.0	28.84	26.93	20.88	17.26	26.63	27.8	26.4	30.23	18.68	29.07	33.02	18.11	20.81	13.0	20.02	26.4	24.33	9.22	31.24	14.14	20.0	22.2	24.52	21.21	27.59	24.21	17.46	15.13	29.21	12.04	30.41	24.52	29.07	17.46	11.4	20.25	16.16	18.03	14.21	25.18	3.16	25.63	14.32	9.06	27.46	16.0	20.22	35.81	2.24	30.48	20.1	12.37	22.02	20.62	27.59	24.21	34.13	21.1	17.09	25.5	16.16	18.44	26.02	27.78	27.73	25.81	7.81	34.83	17.09	22.2	32.31	19.1	20.1	16.28	23.02	30.02	6.4	25.81	
39.4	58.0	48.08	38.28	55.32	31.26	34.71	56.04	25.08	39.22	51.66	38.28	7.07	17.03	37.01	38.33	14.21	42.72	37.58	35.17	40.31	5.0	13.15	28.18	36.89	25.96	20.62	36.89	36.12	41.68	19.03	28.84	0.0	19.72	49.19	39.12	39.05	56.61	42.06	41.59	29.07	29.07	51.09	40.5	49.65	19.42	25.32	55.22	29.12	33.3	8.94	40.5	12.0	47.8	21.0	32.28	6.4	52.4	36.24	22.02	2.24	25.32	37.05	49.41	25.55	28.02	21.59	13.04	43.14	45.31	28.18	52.55	28.18	51.86	40.16	37.12	1.41	43.08	13.6	64.64	30.81	36.01	18.44	17.69	45.49	48.92	56.22	9.49	53.04	36.4	30.0	5.1	44.78	44.05	52.81	55.17	37.11	54.64	36.62	63.6	43.86	19.1	60.83	38.12	26.31	35.23	5.83	50.01	22.83	3.16	
32.2	55.9	37.64	42.19	43.05	15.23	45.12	51.04	38.08	47.17	51.26	19.24	14.87	31.38	49.65	20.0	22.47	32.56	31.06	17.03	51.42	19.8	8.94	8.54	41.11	36.4	32.31	33.11	23.02	46.17	11.18	26.93	19.72	0.0	41.87	43.19	48.66	51.87	50.16	51.97	14.42	9.49	34.71	44.28	44.94	14.14	10.0	50.48	11.18	35.36	13.15	31.89	11.18	37.01	35.36	41.77	13.42	50.09	42.0	12.08	17.89	16.12	49.34	51.42	5.83	14.21	15.52	9.85	43.01	36.8	35.23	43.19	24.35	52.5	31.14	31.38	19.42	34.71	26.42	59.2	29.12	48.7	30.87	23.54	48.66	46.52	52.48	10.63	36.88	44.18	16.4	21.93	38.83	45.35	42.64	54.23	19.03	49.65	33.62	58.82	43.97	32.65	53.04	24.7	10.82	22.8	17.69	34.79	21.21	17.8	
10.0	18.11	8.25	25.08	14.14	29.07	38.9	10.2	42.11	34.44	18.36	35.9	42.54	43.29	45.54	32.76	36.69	10.44	11.66	32.57	42.95	44.78	39.2	39.82	25.63	37.12	39.05	13.15	20.62	26.93	32.65	20.88	49.19	41.87	0.0	25.5	38.48	11.18	35.85	41.59	28.3	39.36	25.96	25.06	6.71	30.81	32.2	10.05	34.0	22.2	50.0	10.0	38.83	9.22	44.01	36.14	46.87	13.93	28.79	30.41	49.24	26.17	44.6	23.43	41.34	28.02	28.6	38.6	16.64	5.39	31.14	5.83	21.02	21.1	10.82	12.08	47.85	7.21	41.0	17.49	19.42	45.22	40.2	33.24	24.84	12.21	13.0	43.01	25.63	33.24	26.08	46.24	5.0	20.0	7.81	18.97	32.02	9.06	14.04	17.46	17.2	42.11	11.66	19.92	31.62	20.12	43.38	21.84	26.4	46.07	
22.67	22.14	31.4	1.0	39.12	38.33	14.04	25.02	20.62	8.94	14.87	48.38	34.93	25.61	20.4	45.88	25.06	29.0	21.4	43.97	17.46	34.13	35.9	46.17	2.24	16.12	20.62	16.4	33.54	3.0	32.06	17.26	39.12	43.19	25.5	0.0	13.0	25.0	10.63	16.12	35.9	46.27	46.86	1.41	20.62	29.07	37.22	24.02	41.59	8.06	44.38	25.5	34.21	32.02	24.19	12.17	40.31	18.11	4.12	32.02	40.31	29.27	19.42	10.63	46.01	34.71	28.0	34.93	9.22	26.4	11.31	31.3	20.4	13.89	26.25	20.0	37.74	25.5	26.25	32.25	15.52	20.22	22.67	21.93	6.4	16.03	23.09	37.95	47.42	8.06	34.21	34.41	21.1	7.07	33.12	18.38	44.6	24.08	15.0	30.41	9.06	23.6	33.38	34.48	37.34	32.2	34.0	43.19	22.02	36.72	
34.83	33.06	44.1	13.42	51.97	47.41	4.47	37.48	14.76	4.12	26.0	57.71	37.05	22.47	8.06	55.57	27.0	41.23	33.3	53.24	4.47	34.53	40.2	53.45	13.04	13.15	18.44	28.43	44.2	12.17	38.33	26.63	39.05	48.66	38.48	13.0	0.0	37.34	4.47	3.61	44.72	53.76	58.69	13.6	33.53	35.44	44.94	36.5	49.77	18.38	46.27	37.64	38.12	44.65	19.24	7.0	42.19	30.15	10.0	39.22	40.79	37.58	7.07	20.1	52.63	43.38	35.11	39.2	22.14	39.12	13.6	44.28	29.68	24.08	38.29	31.89	37.85	38.01	25.5	44.01	25.61	8.25	20.62	25.18	16.0	28.64	35.13	41.0	59.46	5.66	43.42	33.96	34.0	19.42	46.07	29.07	54.2	36.67	27.02	42.0	21.84	20.25	46.1	45.45	45.31	42.8	35.23	55.23	29.15	37.48	
19.72	8.06	19.0	25.02	22.47	39.92	39.01	1.0	44.72	33.24	12.08	47.07	50.45	47.76	45.18	43.93	43.05	21.59	20.81	43.68	41.59	51.87	48.1	50.57	26.08	39.81	43.01	19.85	31.62	25.18	41.87	27.8	56.61	51.87	11.18	25.0	37.34	0.0	33.73	39.81	38.91	50.16	36.35	24.02	7.07	39.62	42.54	1.41	44.78	25.3	58.69	20.62	47.38	20.0	47.54	37.05	55.23	7.28	29.02	40.0	57.01	35.81	44.18	18.38	51.88	38.47	37.54	47.38	16.12	16.49	33.96	14.32	29.0	14.76	21.54	20.62	55.22	18.03	46.52	8.06	25.81	45.1	44.6	39.45	21.59	9.06	2.83	51.62	35.69	33.02	36.67	53.0	13.04	18.03	16.49	10.63	43.17	2.24	20.0	7.07	16.03	46.17	9.43	31.05	42.06	31.02	50.8	32.25	34.06	53.6	
33.24	29.0	42.01	11.31	49.65	47.54	8.49	33.96	18.6	3.0	22.09	57.78	39.46	25.94	12.37	55.46	29.27	39.6	31.89	53.31	8.0	37.36	42.0	54.34	11.4	16.16	21.54	26.91	43.57	8.94	39.46	26.4	42.06	50.16	35.85	10.63	4.47	33.73	0.0	6.08	44.94	54.57	57.38	10.82	30.46	36.5	45.61	32.98	50.29	17.49	48.84	36.07	40.01	42.64	23.02	9.85	44.72	26.48	8.94	40.02	43.68	37.95	11.4	16.0	53.76	43.66	35.9	41.0	19.24	37.01	15.0	41.68	29.55	20.0	36.8	30.48	40.8	36.12	28.46	40.11	25.06	12.65	23.77	27.02	12.17	25.3	31.4	43.19	58.0	6.0	43.46	37.0	31.62	16.16	43.57	25.0	54.13	33.24	25.5	38.05	18.79	23.71	42.72	44.65	45.88	42.19	37.85	53.76	29.83	40.26	
38.29	35.01	47.43	16.64	55.23	51.0	7.0	40.02	16.76	7.21	28.16	61.29	40.0	24.74	7.21	59.17	30.07	44.69	36.8	56.82	2.24	37.22	43.42	56.92	16.4	16.0	21.1	31.89	47.8	14.87	41.76	30.23	41.59	51.97	41.59	16.12	3.61	39.81	6.08	0.0	48.3	57.25	62.23	16.55	36.4	38.9	48.47	39.05	53.31	21.93	49.09	41.11	41.3	48.01	21.19	10.2	45.04	32.56	13.45	42.72	43.42	41.15	6.4	22.02	56.04	46.96	38.63	42.43	25.08	42.44	17.09	47.41	33.29	26.02	41.77	35.38	40.45	41.4	28.16	46.17	29.21	7.81	23.19	28.44	18.25	31.32	37.48	44.05	62.97	9.22	47.01	36.5	37.22	22.14	49.24	31.02	57.8	39.29	30.48	44.1	24.7	22.56	48.76	49.04	48.85	46.4	38.05	58.73	32.7	40.2	
19.31	43.97	23.35	34.93	28.65	2.83	42.19	38.01	38.18	42.15	40.45	13.04	22.2	33.84	48.01	11.31	23.85	18.44	18.68	8.6	48.37	26.68	16.0	11.7	34.21	34.83	32.56	22.09	8.6	38.83	10.44	18.68	29.07	14.42	28.3	35.9	44.72	38.91	44.94	48.3	0.0	11.4	22.02	36.67	32.31	11.66	4.47	37.58	6.08	27.89	25.71	18.36	17.12	22.67	37.01	38.59	24.08	38.33	36.06	7.62	28.0	7.21	47.43	42.0	13.04	1.41	10.63	16.03	33.02	23.02	31.38	29.0	15.52	42.19	17.49	19.42	28.16	21.1	29.15	45.79	20.4	47.2	32.02	22.67	40.2	34.93	39.92	20.02	24.0	39.4	2.24	28.86	26.0	36.01	28.32	42.95	9.9	36.67	23.02	45.65	34.01	34.21	39.05	10.3	3.61	8.49	24.52	21.21	15.81	26.17	
30.68	55.36	33.6	45.28	37.54	10.3	50.7	49.24	44.94	51.66	51.79	10.0	23.6	39.05	55.9	11.4	29.41	29.15	30.08	8.94	57.01	28.6	17.03	1.0	44.41	42.49	39.12	33.38	18.87	49.25	15.65	29.07	29.07	9.49	39.36	46.27	53.76	50.16	54.57	57.25	11.4	0.0	26.93	47.17	43.66	18.38	9.06	48.85	5.39	38.21	22.56	29.55	19.1	32.8	42.8	47.17	22.85	49.73	45.89	14.56	27.31	17.03	55.46	53.08	4.0	12.17	18.68	17.69	44.18	34.0	40.16	39.41	26.02	53.46	28.64	30.81	28.65	32.2	34.06	56.82	31.02	55.01	38.01	29.53	51.01	46.32	51.26	19.72	29.15	48.76	13.6	30.81	37.34	47.04	38.42	54.34	10.77	47.93	34.23	56.8	45.18	40.0	49.65	20.0	9.0	19.24	26.4	27.78	24.74	26.93	
24.21	43.93	17.72	46.1	15.3	20.02	57.49	35.36	56.44	55.17	44.01	18.03	44.18	53.85	64.03	15.65	44.27	18.03	25.5	18.03	62.97	48.51	38.01	27.86	46.01	52.15	51.43	30.48	16.16	49.2	32.25	33.02	51.09	34.71	25.96	46.86	58.69	36.35	57.38	62.23	22.02	26.93	0.0	47.01	32.57	32.76	26.02	35.51	23.54	40.31	47.27	21.4	39.12	16.76	56.36	54.04	46.01	39.85	48.8	29.27	50.01	26.93	63.25	48.3	30.68	23.09	31.05	38.05	39.96	21.93	47.2	22.09	30.53	46.62	20.62	26.91	50.16	21.95	49.65	40.05	33.42	63.41	51.48	42.15	48.55	37.7	38.64	42.0	2.24	53.04	21.21	50.64	27.73	43.57	20.02	44.92	16.16	34.53	31.89	41.0	40.82	53.71	31.14	14.32	25.02	17.46	46.39	4.12	34.01	48.17	
22.8	20.88	31.24	2.24	38.83	39.05	15.0	24.08	21.93	9.49	13.6	49.04	36.25	27.02	21.21	46.49	26.42	29.07	21.63	44.64	18.03	35.51	37.11	47.1	3.61	17.49	22.02	16.64	34.01	2.24	33.14	18.11	40.5	44.28	25.06	1.41	13.6	24.02	10.82	16.55	36.67	47.17	47.01	0.0	19.92	30.15	38.12	23.09	42.43	9.0	45.69	25.61	35.44	31.89	25.55	13.34	41.63	17.03	5.39	33.0	41.68	30.15	20.22	9.22	47.0	35.51	29.02	36.14	8.54	26.25	12.73	30.89	21.21	12.53	26.4	20.25	39.12	25.46	27.66	31.14	16.28	21.1	24.08	23.26	5.0	15.13	22.02	39.22	47.51	9.0	34.93	35.81	20.81	6.0	32.76	17.09	45.22	23.19	15.26	29.27	8.25	25.0	32.56	34.89	38.21	32.7	35.36	43.28	23.09	38.08	
13.0	12.04	14.87	20.4	20.62	33.53	34.53	6.4	39.12	29.41	11.66	41.3	43.42	41.48	41.0	38.21	36.24	16.0	13.89	37.66	37.95	44.94	41.04	44.01	21.21	34.13	36.88	12.81	25.5	21.54	34.83	20.81	49.65	44.94	6.71	20.62	33.53	7.07	30.46	36.4	32.31	43.66	32.57	19.92	0.0	32.56	35.78	5.66	38.28	19.24	51.62	14.32	40.31	15.81	41.59	32.14	48.17	7.28	24.33	33.02	50.0	28.84	40.02	16.97	45.19	31.78	30.48	40.31	11.4	11.05	28.16	12.04	21.93	14.42	15.3	13.6	48.26	12.04	39.92	15.0	18.87	40.79	38.33	32.65	18.87	5.66	7.62	44.55	32.31	28.64	30.08	46.14	6.32	14.32	14.21	12.37	37.34	5.0	13.04	14.14	11.7	40.02	13.0	25.18	35.34	24.74	43.83	28.46	27.02	46.62	
20.81	42.72	28.79	28.07	35.9	14.42	32.31	38.9	27.02	33.54	37.58	24.04	12.37	22.2	37.59	22.8	12.21	23.41	19.21	19.85	38.63	16.0	8.49	18.03	27.02	24.19	21.26	20.0	17.03	32.06	3.0	13.0	19.42	14.14	30.81	29.07	35.44	39.62	36.5	38.9	11.66	18.38	32.76	30.15	32.56	0.0	10.0	38.21	15.0	21.21	19.21	21.47	8.06	28.46	25.5	28.79	16.12	36.89	28.07	4.24	18.97	6.0	37.12	37.36	17.26	10.3	2.24	7.81	29.15	26.42	21.84	33.54	10.82	38.63	21.02	19.1	18.25	24.19	17.49	47.38	15.23	36.72	20.52	11.4	34.53	33.29	39.82	12.21	34.53	30.59	11.7	18.03	26.91	31.32	33.62	40.71	21.4	37.48	20.25	46.69	30.08	22.67	42.44	19.03	10.63	16.0	14.04	31.14	7.07	16.28	
22.83	47.17	27.66	36.22	33.12	6.0	42.05	41.68	37.01	42.72	43.17	14.21	18.68	31.89	47.51	13.42	21.93	22.63	21.93	10.3	48.33	23.41	12.17	9.0	35.36	34.13	31.24	24.74	13.04	40.2	7.81	20.02	25.32	10.0	32.2	37.22	44.94	42.54	45.61	48.47	4.47	9.06	26.02	38.12	35.78	10.0	0.0	41.18	5.0	29.15	21.38	22.2	13.6	27.02	35.36	38.48	20.0	41.44	36.88	5.83	24.08	8.0	47.01	44.18	9.49	4.24	9.85	12.37	35.36	27.02	31.38	33.24	17.0	44.72	21.4	22.47	24.52	25.0	27.02	49.65	22.0	46.65	30.41	21.4	42.0	37.95	43.38	16.03	28.07	39.85	6.4	25.63	29.53	38.12	32.65	45.88	12.08	40.31	25.5	49.4	36.35	32.53	43.19	14.76	1.0	12.81	21.19	25.5	15.81	22.56	
18.36	8.54	18.03	24.0	21.93	38.63	38.05	1.0	43.57	32.39	11.66	45.89	49.04	46.49	44.28	42.76	41.68	20.4	19.42	42.45	40.79	50.48	46.69	49.24	25.02	38.64	41.76	18.44	30.36	24.33	40.46	26.4	55.22	50.48	10.05	24.02	36.5	1.41	32.98	39.05	37.58	48.85	35.51	23.09	5.66	38.21	41.18	0.0	43.46	24.04	57.28	19.31	45.97	19.03	46.32	36.01	53.81	6.71	28.0	38.6	55.61	34.41	43.29	17.89	50.54	37.12	36.12	45.97	15.03	15.3	32.76	13.6	27.59	14.42	20.25	19.21	53.82	16.76	45.19	9.43	24.41	44.18	43.32	38.08	20.88	8.0	3.16	50.21	34.93	32.06	35.34	51.62	11.66	17.12	15.81	10.63	41.98	1.0	18.6	8.49	15.0	44.92	9.85	29.83	40.71	29.73	49.41	31.4	32.65	52.2	
25.3	50.0	28.43	40.61	32.8	5.0	46.96	43.86	42.01	47.43	46.53	9.43	22.85	36.8	52.48	9.22	26.87	23.85	24.74	6.08	53.23	27.73	16.16	5.83	39.81	39.12	36.24	28.16	13.6	44.55	12.73	24.33	29.12	11.18	34.0	41.59	49.77	44.78	50.29	53.31	6.08	5.39	23.54	42.43	38.28	15.0	5.0	43.46	0.0	33.54	24.0	24.17	17.89	27.66	40.31	43.38	23.35	44.38	41.48	10.82	27.66	12.37	51.97	48.01	7.81	7.0	14.76	16.55	39.05	28.65	36.25	34.21	21.21	48.26	23.26	25.5	28.46	26.83	31.89	51.48	26.17	51.62	35.38	26.4	46.1	41.0	45.88	19.65	25.71	44.6	8.25	29.97	31.95	42.0	33.3	49.03	8.06	42.54	29.07	51.43	40.05	37.48	44.41	14.87	4.47	13.89	25.5	23.77	20.62	26.57	
16.64	25.0	26.4	7.07	34.54	30.36	17.49	25.0	20.0	15.0	18.38	40.5	28.3	22.47	24.19	38.08	19.1	23.02	15.0	36.06	22.67	28.32	28.46	38.12	6.32	15.0	17.72	10.3	26.08	11.05	24.19	9.22	33.3	35.36	22.2	8.06	18.38	25.3	17.49	21.93	27.89	38.21	40.31	9.0	19.24	21.21	29.15	24.04	33.54	0.0	37.59	19.42	26.93	26.83	22.36	14.32	33.62	19.72	8.6	24.0	34.21	21.21	23.32	16.55	38.0	26.68	20.02	27.51	10.0	21.54	9.0	27.66	12.37	18.6	20.0	13.6	31.89	20.12	21.63	33.24	7.62	23.71	19.31	15.62	13.34	16.55	24.17	30.87	41.11	12.73	26.25	29.0	17.26	10.82	29.12	21.93	36.77	23.77	8.94	31.78	10.63	20.88	32.14	27.2	29.27	24.7	27.8	36.88	14.14	30.61	
40.0	61.22	47.41	43.46	53.85	27.29	42.11	58.0	33.06	45.89	55.47	32.39	9.49	25.18	45.1	33.06	19.65	42.06	38.42	30.02	48.01	12.04	10.82	21.59	42.15	33.14	28.02	38.9	33.84	47.17	17.49	31.24	8.94	13.15	50.0	44.38	46.27	58.69	48.84	49.09	25.71	22.56	47.27	45.69	51.62	19.21	21.38	57.28	24.0	37.59	0.0	40.5	11.31	46.96	29.27	39.32	4.12	55.44	42.06	20.12	6.71	24.19	45.04	54.12	18.68	25.0	21.4	11.4	46.87	45.49	34.21	52.48	29.7	56.08	39.96	38.29	9.49	43.27	21.0	66.53	33.42	44.1	26.0	22.47	50.57	51.86	58.73	7.07	49.37	42.95	27.2	13.34	46.1	48.37	52.35	58.82	32.02	56.59	38.95	65.76	47.71	27.07	61.61	35.74	22.36	33.24	11.05	46.87	24.84	9.06	
2.83	26.31	8.0	24.76	16.12	19.31	36.89	19.7	37.64	33.97	24.19	27.07	33.62	37.12	43.57	24.02	29.15	3.61	4.47	23.35	42.01	36.4	29.68	29.97	24.76	32.89	33.54	9.22	11.18	27.8	23.02	14.14	40.5	31.89	10.0	25.5	37.64	20.62	36.07	41.11	18.36	29.55	21.4	25.61	14.32	21.47	22.2	19.31	24.17	19.42	40.5	0.0	29.53	8.06	38.64	33.62	37.59	21.02	27.66	20.62	40.31	16.4	42.72	27.51	31.38	18.03	19.24	29.15	18.79	5.0	27.31	12.08	13.04	26.48	1.0	5.83	39.22	2.83	34.01	27.46	13.6	43.05	34.23	26.02	27.29	18.03	21.84	33.62	21.93	32.02	16.12	38.08	8.06	22.36	12.37	26.0	23.09	18.38	10.63	27.29	19.7	36.35	21.26	11.0	21.63	10.44	34.79	17.69	18.25	37.34	
28.84	50.0	36.77	33.24	43.68	19.42	34.37	46.69	26.93	37.01	44.42	27.29	5.1	20.25	38.6	26.93	11.4	31.38	27.2	23.77	40.61	9.85	2.24	18.38	32.02	25.5	21.19	27.59	24.19	37.11	7.07	20.0	12.0	11.18	38.83	34.21	38.12	47.38	40.01	41.3	17.12	19.1	39.12	35.44	40.31	8.06	13.6	45.97	17.89	26.93	11.31	29.53	0.0	36.4	24.19	31.14	8.06	44.2	32.39	10.05	11.18	13.6	38.33	43.46	16.4	16.03	10.3	1.41	35.85	34.48	25.02	41.59	18.38	45.18	29.07	27.02	11.05	32.25	15.26	55.23	22.2	37.64	19.7	13.0	40.16	40.61	47.42	4.24	41.05	34.01	18.0	12.08	34.83	37.58	41.63	47.71	25.63	45.28	27.66	54.45	36.72	21.47	50.48	26.17	14.56	23.35	7.62	38.01	13.6	9.06	
10.44	27.29	1.0	31.4	8.06	22.67	44.29	19.0	45.61	40.8	27.31	27.86	40.8	45.18	51.0	24.7	37.05	5.1	12.37	25.06	49.09	43.93	36.25	33.42	31.62	40.8	41.59	16.55	14.14	33.97	29.55	22.2	47.8	37.01	9.22	32.02	44.65	20.0	42.64	48.01	22.67	32.8	16.76	31.89	15.81	28.46	27.02	19.03	27.66	26.83	46.96	8.06	36.4	0.0	46.69	41.15	44.38	23.09	34.67	26.83	47.43	22.85	50.12	31.91	35.38	22.8	26.25	35.85	24.08	5.66	35.11	6.71	21.0	29.97	8.0	13.6	46.57	6.71	42.0	25.0	21.59	50.54	42.3	34.0	32.65	21.02	22.09	40.31	16.55	39.12	20.62	45.71	11.4	27.66	5.66	28.16	24.17	18.03	17.89	25.5	24.84	44.41	17.0	12.81	26.25	14.21	42.2	12.65	26.08	44.64	
36.35	46.1	46.53	23.71	54.74	39.82	14.76	47.3	4.47	20.62	38.91	49.52	21.19	4.12	16.03	48.27	13.45	41.98	34.37	45.34	19.65	17.26	26.42	42.2	22.36	8.06	5.1	31.02	40.25	25.81	27.59	24.52	21.0	35.36	44.01	24.19	19.24	47.54	23.02	21.19	37.01	42.8	56.36	25.55	41.59	25.5	35.36	46.32	40.31	22.36	29.27	38.64	24.19	46.69	0.0	13.45	25.5	41.44	20.25	29.73	23.02	30.23	16.12	34.67	40.5	35.61	26.4	25.55	31.62	42.19	13.6	49.04	26.25	38.08	38.83	33.24	20.02	40.31	8.94	55.36	25.18	15.03	5.0	14.42	30.23	38.6	46.17	25.63	57.78	18.38	36.62	16.03	39.01	30.87	50.16	42.49	46.86	46.1	30.0	53.76	31.95	2.83	54.45	42.05	36.07	38.91	18.68	53.85	22.36	20.22	
30.89	34.21	40.72	12.04	48.85	41.34	3.61	37.01	9.22	7.21	26.93	51.62	30.07	16.12	10.0	49.65	20.0	37.22	29.15	47.17	9.85	27.66	33.24	46.82	11.0	6.32	11.7	24.6	38.9	13.0	31.62	21.21	32.28	41.77	36.14	12.17	7.0	37.05	9.85	10.2	38.59	47.17	54.04	13.34	32.14	28.79	38.48	36.01	43.38	14.32	39.32	33.62	31.14	41.15	13.45	0.0	35.23	30.27	8.06	32.7	33.96	31.38	9.22	21.93	45.88	37.22	28.64	32.25	21.0	35.85	7.21	41.76	24.08	25.63	34.13	27.78	31.05	34.44	18.68	44.41	20.62	9.43	13.93	18.25	17.46	28.02	35.23	34.0	55.0	5.0	37.44	27.2	31.32	19.24	43.32	30.36	48.26	36.0	23.26	42.58	21.02	13.89	45.1	40.31	38.91	37.48	28.28	50.8	22.83	30.59	
36.89	57.49	44.78	39.4	51.55	26.0	38.05	54.56	29.15	41.77	51.61	32.28	5.39	21.38	41.19	32.56	15.52	39.4	35.23	29.43	44.0	8.25	8.25	21.93	38.08	29.07	24.0	35.38	31.78	43.08	14.87	27.59	6.4	13.42	46.87	40.31	42.19	55.23	44.72	45.04	24.08	22.85	46.01	41.63	48.17	16.12	20.0	53.81	23.35	33.62	4.12	37.59	8.06	44.38	25.5	35.23	0.0	51.74	37.95	17.72	4.47	21.54	41.11	50.12	19.24	23.19	18.36	8.54	43.01	42.54	30.08	49.65	26.25	52.15	37.12	35.0	6.4	40.31	17.03	63.13	29.73	40.2	22.02	18.38	46.52	48.17	55.15	4.12	48.04	38.83	25.32	9.85	42.8	44.42	49.66	55.0	31.4	53.15	35.36	62.29	43.83	23.19	58.52	33.73	21.0	31.05	7.0	45.28	21.21	5.39	
19.24	5.83	22.14	18.25	27.46	39.81	32.02	7.62	38.33	26.08	5.0	48.09	46.69	42.05	38.05	45.04	38.42	23.09	19.65	44.28	34.37	47.51	45.22	50.0	19.42	33.53	37.16	17.0	32.14	18.03	39.45	24.21	52.4	50.09	13.93	18.11	30.15	7.28	26.48	32.56	38.33	49.73	39.85	17.03	7.28	36.89	41.44	6.71	44.38	19.72	55.44	21.02	44.2	23.09	41.44	30.27	51.74	0.0	22.2	38.01	53.04	34.01	37.05	11.18	50.92	37.64	34.99	44.41	9.85	18.25	27.86	18.87	26.08	7.81	22.02	18.97	50.99	19.03	41.34	14.14	22.02	38.01	38.91	34.83	14.32	3.61	5.0	48.41	39.56	26.02	36.14	48.41	13.0	11.05	21.1	5.1	44.1	7.21	16.64	12.37	9.49	40.31	16.55	32.02	41.11	31.26	46.69	35.74	30.61	49.52	
24.84	26.25	34.13	4.0	42.06	38.63	10.2	29.0	16.55	6.4	18.97	48.85	32.57	21.93	16.76	46.52	22.47	31.24	23.35	44.38	14.42	31.3	34.23	45.71	3.16	12.21	16.97	18.44	34.67	5.66	31.06	17.46	36.24	42.0	28.79	4.12	10.0	29.02	8.94	13.45	36.06	45.89	48.8	5.39	24.33	28.07	36.88	28.0	41.48	8.6	42.06	27.66	32.39	34.67	20.25	8.06	37.95	22.2	0.0	31.4	37.58	29.12	15.81	14.42	45.28	34.79	27.29	33.24	13.04	29.15	8.06	34.54	20.62	17.89	28.32	21.93	34.89	28.02	23.02	36.35	16.12	16.49	19.1	19.65	10.0	20.0	27.17	35.9	49.52	4.47	34.54	31.38	24.17	11.18	36.25	22.47	45.19	28.02	17.03	34.53	13.0	19.85	37.22	35.81	37.11	33.29	31.38	45.28	21.21	34.01	
20.52	43.83	27.29	31.02	33.84	10.3	36.25	39.2	31.24	37.11	39.22	19.8	15.0	26.4	41.68	18.6	16.4	21.95	19.21	15.62	42.54	19.24	9.49	14.32	30.07	28.3	25.5	21.02	14.14	35.01	3.0	15.13	22.02	12.08	30.41	32.02	39.22	40.0	40.02	42.72	7.62	14.56	29.27	33.0	33.02	4.24	5.83	38.6	10.82	24.0	20.12	20.62	10.05	26.83	29.73	32.7	17.72	38.01	31.4	0.0	21.21	4.24	41.18	39.62	14.0	6.32	4.12	9.22	31.05	25.61	25.63	32.45	12.37	40.52	20.0	19.42	21.0	23.43	21.63	47.51	17.26	40.82	24.76	15.62	37.12	34.44	40.5	13.6	31.14	34.21	8.06	21.38	27.02	33.54	32.25	42.15	17.2	37.8	21.54	47.01	32.02	26.91	41.87	16.12	6.4	13.34	17.12	28.0	10.2	19.0	
39.36	58.69	47.76	39.45	54.82	30.07	36.5	56.4	27.02	40.8	52.5	36.69	6.71	19.0	39.0	36.88	15.26	42.38	37.59	33.73	42.19	6.32	12.0	26.4	38.08	27.66	22.36	37.2	35.36	42.94	18.25	29.21	2.24	17.89	49.24	40.31	40.79	57.01	43.68	43.42	28.0	27.31	50.01	41.68	50.0	18.97	24.08	55.61	27.66	34.21	6.71	40.31	11.18	47.43	23.02	33.96	4.47	53.04	37.58	21.21	0.0	24.74	39.01	50.48	23.71	27.02	21.19	12.04	43.93	45.19	29.55	52.39	28.3	52.8	39.92	37.22	3.0	42.95	15.3	65.0	31.24	38.0	20.22	18.6	46.65	49.52	56.73	8.06	52.0	37.95	29.07	7.0	44.94	45.0	52.55	55.97	35.69	55.0	37.01	64.03	44.69	21.02	60.9	37.34	25.08	34.53	6.4	49.09	23.02	3.61	
16.28	39.81	23.26	28.28	30.08	10.0	34.99	35.0	31.14	35.11	35.44	20.25	18.25	27.29	40.8	18.44	17.46	17.89	15.0	15.81	41.18	22.0	13.42	17.0	27.46	27.66	25.61	17.09	11.05	32.25	6.71	12.04	25.32	16.12	26.17	29.27	37.58	35.81	37.95	41.15	7.21	17.03	26.93	30.15	28.84	6.0	8.0	34.41	12.37	21.21	24.19	16.4	13.6	22.85	30.23	31.38	21.54	34.01	29.12	4.24	24.74	0.0	40.22	36.22	17.26	5.83	4.12	13.0	27.46	21.4	24.19	28.3	9.0	36.88	15.81	15.26	24.19	19.21	22.85	43.28	14.0	40.0	25.24	15.81	34.0	30.46	36.36	17.46	28.64	32.31	6.4	24.02	22.8	30.15	28.18	38.28	17.03	33.6	17.72	42.8	28.44	27.46	37.64	13.04	8.06	10.0	20.02	25.18	8.6	22.2	
39.96	40.11	49.65	19.65	57.7	50.22	5.83	44.28	12.0	11.0	33.02	60.46	36.35	20.02	1.0	58.6	26.93	46.32	38.28	56.04	4.24	33.02	40.52	55.04	18.97	13.0	17.26	33.62	48.08	19.03	39.81	30.41	37.05	49.34	44.6	19.42	7.07	44.18	11.4	6.4	47.43	55.46	63.25	20.22	40.02	37.12	47.01	43.29	51.97	23.32	45.04	42.72	38.33	50.12	16.12	9.22	41.11	37.05	15.81	41.18	39.01	40.22	0.0	27.17	53.85	46.04	37.22	39.56	28.64	44.72	16.28	50.33	33.24	31.14	43.27	36.89	36.01	43.42	24.08	51.0	29.83	1.41	19.1	26.0	23.02	35.36	42.05	40.61	64.2	11.4	46.4	32.02	39.92	26.17	52.0	36.12	57.2	43.42	32.25	49.01	28.44	18.0	52.77	49.52	47.51	46.67	34.13	60.0	31.62	36.01	
25.0	13.0	31.06	11.31	37.54	44.05	22.8	18.79	30.89	16.28	6.32	53.46	44.78	36.24	28.16	50.64	35.23	30.46	24.52	49.25	24.0	44.41	44.94	53.15	12.73	26.63	31.24	20.1	37.66	8.94	40.26	24.52	49.41	51.42	23.43	10.63	20.1	18.38	16.0	22.02	42.0	53.08	48.3	9.22	16.97	37.36	44.18	17.89	48.01	16.55	54.12	27.51	43.46	31.91	34.67	21.93	50.12	11.18	14.42	39.62	50.48	36.22	27.17	0.0	53.46	41.01	35.9	44.01	9.06	26.42	21.93	29.0	27.29	4.0	28.46	23.35	48.01	26.4	36.8	24.19	22.36	28.28	33.3	31.91	4.47	11.31	15.81	47.42	48.37	17.09	40.01	44.82	20.59	6.08	31.14	9.0	49.5	18.36	19.03	22.09	8.06	34.21	27.73	38.08	44.1	36.5	44.1	44.29	30.36	46.87	
32.2	56.65	36.12	45.01	40.61	12.73	49.34	51.0	42.94	50.8	52.63	14.0	20.52	36.62	54.23	15.3	27.29	31.4	31.38	12.65	55.66	25.5	14.21	3.0	44.05	40.85	37.12	34.21	21.26	49.01	14.32	29.07	25.55	5.83	41.34	46.01	52.63	51.88	53.76	56.04	13.04	4.0	30.68	47.0	45.19	17.26	9.49	50.54	7.81	38.0	18.68	31.38	16.4	35.38	40.5	45.88	19.24	50.92	45.28	14.0	23.71	17.26	53.85	53.46	0.0	13.42	18.03	15.0	44.72	36.06	39.05	41.87	26.17	54.13	30.53	31.95	25.24	34.13	31.62	58.83	31.14	53.31	35.85	27.86	51.09	47.43	52.8	16.4	32.89	47.85	15.26	27.66	38.91	47.38	41.04	55.36	14.56	49.65	34.93	58.67	45.71	37.74	52.01	22.63	9.85	21.4	23.35	31.3	24.08	23.6	
18.79	43.32	23.43	33.73	29.07	4.24	40.82	37.59	36.77	40.85	39.62	14.42	21.1	32.45	46.62	12.73	22.47	18.38	18.03	10.0	47.01	25.5	15.03	12.37	32.98	33.42	31.14	21.21	8.94	37.66	9.22	17.46	28.02	14.21	28.02	34.71	43.38	38.47	43.66	46.96	1.41	12.17	23.09	35.51	31.78	10.3	4.24	37.12	7.0	26.68	25.0	18.03	16.03	22.8	35.61	37.22	23.19	37.64	34.79	6.32	27.02	5.83	46.04	41.01	13.42	0.0	9.22	15.0	32.06	22.8	30.02	29.0	14.32	41.3	17.2	18.68	27.07	20.81	27.78	45.49	19.24	45.8	30.61	21.26	39.12	34.21	39.4	19.1	25.02	38.08	2.24	27.66	25.5	35.0	28.43	42.2	11.31	36.24	22.09	45.28	33.06	32.8	38.95	10.77	3.61	8.6	23.35	22.09	14.42	25.08	
18.6	40.82	26.57	27.0	33.73	13.45	32.2	36.8	27.59	32.98	35.85	23.43	14.56	23.32	37.74	21.93	13.42	21.19	17.03	19.1	38.48	18.03	10.63	18.44	26.02	24.41	21.93	18.03	15.13	31.0	4.47	11.4	21.59	15.52	28.6	28.0	35.11	37.54	35.9	38.63	10.63	18.68	31.05	29.02	30.48	2.24	9.85	36.12	14.76	20.02	21.4	19.24	10.3	26.25	26.4	28.64	18.36	34.99	27.29	4.12	21.19	4.12	37.22	35.9	18.03	9.22	0.0	10.0	27.51	24.19	21.54	31.3	8.94	37.0	18.79	16.97	20.4	21.95	18.79	45.25	13.6	36.89	21.4	12.04	33.24	31.38	37.8	14.42	32.76	30.08	10.3	20.0	24.76	29.83	31.38	38.91	20.52	35.38	18.36	44.6	28.46	23.6	40.22	17.12	10.3	14.04	16.12	29.27	6.08	18.44	
28.6	50.22	36.25	33.96	43.01	18.25	35.51	46.67	28.23	38.0	44.78	25.94	6.32	21.63	39.85	25.63	12.65	30.87	27.02	22.47	41.77	11.18	1.0	16.97	32.76	26.68	22.47	27.66	23.35	37.85	6.32	20.25	13.04	9.85	38.6	34.93	39.2	47.38	41.0	42.43	16.03	17.69	38.05	36.14	40.31	7.81	12.37	45.97	16.55	27.51	11.4	29.15	1.41	35.85	25.55	32.25	8.54	44.41	33.24	9.22	12.04	13.0	39.56	44.01	15.0	15.0	10.0	0.0	36.24	34.13	26.0	41.18	18.44	45.62	28.65	26.91	12.17	31.91	16.64	55.17	22.47	38.9	21.02	14.04	40.8	40.8	47.51	4.47	40.01	35.0	17.03	13.42	34.71	38.08	41.15	48.02	24.35	45.25	27.8	54.45	37.12	22.83	50.22	25.32	13.34	22.56	8.94	37.05	13.89	10.2	
16.16	15.0	23.35	9.06	30.61	35.01	23.19	16.03	28.64	18.03	8.6	44.41	37.8	32.2	29.61	41.59	29.0	21.95	15.52	40.2	26.57	38.18	37.12	44.28	10.0	23.77	27.31	11.05	28.64	10.3	31.95	16.16	43.14	43.01	16.64	9.22	22.14	16.12	19.24	25.08	33.02	44.18	39.96	8.54	11.4	29.15	35.36	15.03	39.05	10.0	46.87	18.79	35.85	24.08	31.62	21.0	43.01	9.85	13.04	31.05	43.93	27.46	28.64	9.06	44.72	32.06	27.51	36.24	0.0	18.44	18.03	22.47	18.68	9.49	19.7	14.32	41.73	18.03	31.62	23.77	13.93	29.43	29.07	25.46	8.6	7.07	14.56	39.96	40.22	17.26	31.0	38.95	12.73	3.61	24.41	12.04	40.45	15.0	10.0	22.14	1.0	30.46	24.19	29.12	35.23	27.46	37.54	36.06	22.36	40.36	
6.08	23.0	5.0	25.81	13.0	23.71	38.91	15.52	40.79	35.23	22.14	30.59	38.48	41.0	45.62	27.46	33.54	5.1	8.06	27.2	43.57	41.11	34.67	34.48	26.08	35.9	37.12	11.4	15.23	28.32	28.02	18.03	45.31	36.8	5.39	26.4	39.12	16.49	37.01	42.44	23.02	34.0	21.93	26.25	11.05	26.42	27.02	15.3	28.65	21.54	45.49	5.0	34.48	5.66	42.19	35.85	42.54	18.25	29.15	25.61	45.19	21.4	44.72	26.42	36.06	22.8	24.19	34.13	18.44	0.0	30.08	7.28	17.46	24.7	5.66	9.0	44.01	2.24	38.21	22.83	17.03	45.19	38.01	30.27	27.02	15.81	18.11	38.59	21.95	33.62	20.81	42.72	5.83	22.02	8.0	23.35	26.68	14.32	12.65	22.85	19.21	40.05	16.28	14.56	26.4	14.76	39.56	17.89	22.8	42.15	
24.7	32.65	34.79	10.63	43.01	34.13	10.82	33.73	11.0	12.0	25.55	44.42	24.74	14.42	16.97	42.44	14.56	30.87	22.85	39.96	17.0	23.26	27.0	39.85	9.22	6.0	9.43	18.68	31.83	13.6	24.74	14.21	28.18	35.23	31.14	11.31	13.6	33.96	15.0	17.09	31.38	40.16	47.2	12.73	28.16	21.84	31.38	32.76	36.25	9.0	34.21	27.31	25.02	35.11	13.6	7.21	30.08	27.86	8.06	25.63	29.55	24.19	16.28	21.93	39.05	30.02	21.54	26.0	18.03	30.08	0.0	36.5	16.97	25.0	27.73	21.54	26.83	28.46	15.0	41.76	13.89	16.28	11.4	12.04	17.69	25.0	32.57	28.28	48.26	9.0	30.23	23.32	26.17	17.49	37.85	29.15	41.05	32.56	17.46	40.16	18.38	12.53	41.11	33.3	31.78	30.41	23.41	44.1	15.65	26.0	
13.34	22.14	5.83	30.87	8.6	29.21	44.6	13.34	47.38	40.25	23.6	34.54	45.69	48.04	51.26	31.38	40.79	10.63	15.3	31.76	48.75	48.38	41.68	40.0	31.38	42.43	44.01	18.03	20.62	32.76	34.99	25.18	52.55	43.19	5.83	31.3	44.28	14.32	41.68	47.41	29.0	39.41	22.09	30.89	12.04	33.54	33.24	13.6	34.21	27.66	52.48	12.08	41.59	6.71	49.04	41.76	49.65	18.87	34.54	32.45	52.39	28.3	50.33	29.0	41.87	29.0	31.3	41.18	22.47	7.28	36.5	0.0	24.74	26.4	12.53	16.12	51.26	9.49	45.4	18.44	24.02	50.92	45.01	37.48	30.61	17.69	16.76	45.65	21.38	39.0	26.87	50.0	10.44	25.81	2.24	23.71	30.87	12.65	19.1	19.1	23.02	47.0	10.3	19.42	32.53	20.52	46.82	18.03	30.08	49.4	
11.4	31.91	21.02	19.42	29.02	18.03	27.66	28.32	25.94	26.83	26.93	28.23	21.63	24.33	33.94	25.94	16.12	16.03	9.49	23.77	33.6	23.77	19.21	26.0	18.68	21.63	21.19	9.22	14.87	23.35	13.42	3.16	28.18	24.35	21.02	20.4	29.68	29.0	29.55	33.29	15.52	26.02	30.53	21.21	21.93	10.82	17.0	27.59	21.21	12.37	29.7	13.04	18.38	21.0	26.25	24.08	26.25	26.08	20.62	12.37	28.3	9.0	33.24	27.29	26.17	14.32	8.94	18.44	18.68	17.46	16.97	24.74	0.0	28.16	13.0	8.94	26.83	15.3	21.0	36.88	5.0	33.24	21.59	13.0	25.0	22.47	29.07	22.63	31.76	24.19	13.93	25.3	16.64	21.21	25.32	29.97	24.6	26.91	9.43	36.07	19.65	23.77	32.65	16.4	17.03	13.45	22.36	27.73	5.39	25.06	
24.19	9.0	29.07	14.42	35.0	44.05	26.68	15.26	34.44	20.22	2.83	53.08	46.87	39.41	32.14	50.16	37.64	29.12	24.02	49.01	28.0	46.86	46.52	53.6	15.81	30.02	34.41	20.1	37.12	12.65	41.44	25.63	51.86	52.5	21.1	13.89	24.08	14.76	20.0	26.02	42.19	53.46	46.62	12.53	14.42	38.63	44.72	14.42	48.26	18.6	56.08	26.48	45.18	29.97	38.08	25.63	52.15	7.81	17.89	40.52	52.8	36.88	31.14	4.0	54.13	41.3	37.0	45.62	9.49	24.7	25.0	26.4	28.16	0.0	27.46	23.0	50.45	25.0	39.62	20.22	23.41	32.25	36.4	34.21	8.25	8.94	12.08	49.24	46.52	20.88	40.11	47.42	18.97	7.81	28.6	5.0	49.09	15.0	19.24	18.11	8.54	37.44	24.19	37.34	44.55	36.06	46.4	42.54	31.78	49.2	
3.61	27.29	8.06	25.5	16.03	18.38	37.44	20.62	37.95	34.66	25.18	26.08	33.24	37.22	44.1	23.02	29.07	3.16	5.0	22.36	42.64	36.14	29.15	29.07	25.46	33.24	33.73	9.9	10.2	28.6	22.47	14.32	40.16	31.14	10.82	26.25	38.29	21.54	36.8	41.77	17.49	28.64	20.62	26.4	15.3	21.02	21.4	20.25	23.26	20.0	39.96	1.0	29.07	8.0	38.83	34.13	37.12	22.02	28.32	20.0	39.92	15.81	43.27	28.46	30.53	17.2	18.79	28.65	19.7	5.66	27.73	12.53	13.0	27.46	0.0	6.4	38.9	3.61	34.0	28.3	13.93	43.57	34.37	26.0	28.18	19.03	22.8	33.12	21.21	32.65	15.26	37.85	9.06	23.26	12.65	27.0	22.09	19.31	11.31	28.18	20.62	36.5	21.93	10.0	20.81	9.49	34.48	16.97	18.11	37.0	
3.16	24.7	13.34	19.21	21.59	21.1	31.06	19.85	32.02	28.28	21.1	30.15	30.53	32.0	37.74	27.29	24.74	9.43	1.41	26.02	36.24	32.7	27.59	31.05	19.1	27.2	28.16	3.61	14.32	22.47	21.26	9.06	37.12	31.38	12.08	20.0	31.89	20.62	30.48	35.38	19.42	30.81	26.91	20.25	13.6	19.1	22.47	19.21	25.5	13.6	38.29	5.83	27.02	13.6	33.24	27.78	35.0	18.97	21.93	19.42	37.22	15.26	36.89	23.35	31.95	18.68	16.97	26.91	14.32	9.0	21.54	16.12	8.94	23.0	6.4	0.0	35.78	7.07	29.27	28.28	8.06	37.22	29.02	21.38	22.47	15.52	21.1	31.24	27.59	26.25	17.26	34.18	7.81	17.72	17.0	23.54	26.17	18.44	5.0	27.66	15.3	31.06	23.71	14.87	22.14	13.15	31.3	23.35	14.32	34.0	
38.08	56.59	46.84	36.89	54.13	30.41	33.54	54.64	24.02	37.95	50.25	37.7	6.0	16.0	36.0	37.64	12.81	41.48	36.25	34.48	39.2	3.61	12.37	27.78	35.51	24.74	19.42	35.51	35.06	40.31	18.0	27.46	1.41	19.42	47.85	37.74	37.85	55.22	40.8	40.45	28.16	28.65	50.16	39.12	48.26	18.25	24.52	53.82	28.46	31.89	9.49	39.22	11.05	46.57	20.02	31.05	6.4	50.99	34.89	21.0	3.0	24.19	36.01	48.01	25.24	27.07	20.4	12.17	41.73	44.01	26.83	51.26	26.83	50.45	38.9	35.78	0.0	41.79	12.37	63.25	29.41	35.0	17.26	16.28	44.1	47.51	54.82	8.94	52.09	35.11	29.02	4.0	43.42	42.64	51.55	53.76	36.4	53.25	35.23	62.2	42.45	18.03	59.48	37.05	25.5	34.13	4.47	49.0	21.47	2.0	
4.0	24.08	6.32	24.84	14.56	21.93	37.59	17.09	39.05	34.21	22.56	29.27	36.25	39.01	44.29	26.17	31.4	4.12	6.0	25.71	42.44	38.9	32.45	32.65	25.0	34.21	35.23	9.85	13.6	27.59	25.81	16.0	43.08	34.71	7.21	25.5	38.01	18.03	36.12	41.4	21.1	32.2	21.95	25.46	12.04	24.19	25.0	16.76	26.83	20.12	43.27	2.83	32.25	6.71	40.31	34.44	40.31	19.03	28.02	23.43	42.95	19.21	43.42	26.4	34.13	20.81	21.95	31.91	18.03	2.24	28.46	9.49	15.3	25.0	3.61	7.07	41.79	0.0	36.12	24.7	15.13	43.83	36.06	28.16	26.63	16.28	19.42	36.36	22.2	32.45	18.87	40.52	6.08	21.63	10.05	24.08	25.32	15.81	11.18	24.6	18.87	38.12	18.44	13.15	24.41	13.0	37.34	18.03	20.62	39.92	
32.14	46.62	42.01	25.5	50.01	31.91	21.21	46.1	12.17	25.63	39.82	41.23	12.37	5.0	24.19	40.22	5.39	37.01	30.15	37.2	27.02	9.06	17.49	33.42	24.08	12.37	7.07	27.89	33.53	28.6	19.21	20.22	13.6	26.42	41.0	26.25	25.5	46.52	28.46	28.16	29.15	34.06	49.65	27.66	39.92	17.49	27.02	45.19	31.89	21.63	21.0	34.01	15.26	42.0	8.94	18.68	17.03	41.34	23.02	21.63	15.3	22.85	24.08	36.8	31.62	27.78	18.79	16.64	31.62	38.21	15.0	45.4	21.0	39.62	34.0	29.27	12.37	36.12	0.0	54.56	21.59	23.19	5.0	8.0	32.65	38.08	45.65	16.76	51.24	22.85	29.07	8.54	36.14	31.89	46.17	43.42	38.83	44.78	27.2	53.24	32.2	6.32	52.2	35.44	27.8	32.28	10.05	47.54	16.12	12.04	
27.02	11.4	24.04	32.39	25.02	46.53	46.1	8.6	52.39	40.0	18.03	52.81	58.41	55.71	52.0	49.65	51.11	27.73	28.32	49.77	48.09	59.91	55.87	57.31	33.54	47.54	50.92	27.8	38.01	32.02	49.52	35.81	64.64	59.2	17.49	32.25	44.01	8.06	40.11	46.17	45.79	56.82	40.05	31.14	15.0	47.38	49.65	9.43	51.48	33.24	66.53	27.46	55.23	25.0	55.36	44.41	63.13	14.14	36.35	47.51	65.0	43.28	51.0	24.19	58.83	45.49	45.25	55.17	23.77	22.83	41.76	18.44	36.88	20.22	28.3	28.28	63.25	24.7	54.56	0.0	33.84	52.01	52.55	47.51	28.02	16.76	9.22	59.46	39.0	40.11	43.57	61.06	20.52	25.18	20.22	15.3	49.04	10.0	28.02	2.24	23.54	54.08	9.06	37.16	49.09	37.59	58.82	36.12	42.01	61.61	
11.18	27.8	21.38	14.56	29.61	22.8	24.08	25.24	24.04	22.47	22.36	32.89	24.76	24.02	30.61	30.46	17.46	17.09	9.22	28.46	29.73	26.08	23.32	31.0	13.93	19.31	20.1	6.32	18.6	18.44	18.03	2.24	30.81	29.12	19.42	15.52	25.61	25.81	25.06	29.21	20.4	31.02	33.42	16.28	18.87	15.23	22.0	24.41	26.17	7.62	33.42	13.6	22.2	21.59	25.18	20.62	29.73	22.02	16.12	17.26	31.24	14.0	29.83	22.36	31.14	19.24	13.6	22.47	13.93	17.03	13.89	24.02	5.0	23.41	13.93	8.06	29.41	15.13	21.59	33.84	0.0	30.0	21.0	13.93	20.0	18.44	25.5	26.4	34.41	20.0	18.68	27.29	14.56	16.28	25.02	25.55	29.15	23.85	5.83	32.8	14.87	23.02	30.68	19.85	22.02	17.2	25.0	30.23	8.6	27.8	
40.31	41.19	50.09	20.4	58.18	50.0	6.32	45.18	11.05	12.04	34.06	60.22	35.51	19.0	1.0	58.41	26.25	46.65	38.59	55.8	5.66	32.06	39.85	54.56	19.65	12.53	16.49	34.0	48.1	20.0	39.36	30.48	36.01	48.7	45.22	20.22	8.25	45.1	12.65	7.81	47.2	55.01	63.41	21.1	40.79	36.72	46.65	44.18	51.62	23.71	44.1	43.05	37.64	50.54	15.03	9.43	40.2	38.01	16.49	40.82	38.0	40.0	1.41	28.28	53.31	45.8	36.89	38.9	29.43	45.19	16.28	50.92	33.24	32.25	43.57	37.22	35.0	43.83	23.19	52.01	30.0	0.0	18.25	25.5	24.08	36.22	43.01	39.81	64.4	12.17	46.23	31.0	40.5	27.07	52.55	37.22	57.01	44.28	32.65	50.04	29.27	17.03	53.6	49.58	47.17	46.69	33.24	60.22	31.4	35.06	
32.06	43.91	42.19	22.02	50.36	34.83	16.28	44.27	7.28	21.02	36.89	44.55	17.26	3.16	19.24	43.28	8.6	37.48	30.07	40.36	22.02	14.04	21.93	37.44	20.62	7.62	2.24	27.07	35.34	24.76	22.67	20.1	18.44	30.87	40.2	22.67	20.62	44.6	23.77	23.19	32.02	38.01	51.48	24.08	38.33	20.52	30.41	43.32	35.38	19.31	26.0	34.23	19.7	42.3	5.0	13.93	22.02	38.91	19.1	24.76	20.22	25.24	19.1	33.3	35.85	30.61	21.4	21.02	29.07	38.01	11.4	45.01	21.59	36.4	34.37	29.02	17.26	36.06	5.0	52.55	21.0	18.25	0.0	9.43	29.0	35.85	43.46	21.59	52.92	18.36	31.62	13.34	35.23	28.84	46.01	40.5	41.87	43.01	26.17	51.08	29.53	2.24	50.99	37.16	31.11	34.01	15.03	49.04	17.46	17.03	
24.19	40.36	34.01	21.02	42.01	25.5	21.59	38.95	15.62	24.02	33.97	35.38	13.0	11.7	26.4	33.97	3.61	29.02	22.2	31.11	27.89	12.73	15.03	29.07	19.7	13.0	9.9	20.25	26.0	24.7	13.89	12.37	17.69	23.54	33.24	21.93	25.18	39.45	27.02	28.44	22.67	29.53	42.15	23.26	32.65	11.4	21.4	38.08	26.4	15.62	22.47	26.02	13.0	34.0	14.42	18.25	18.38	34.83	19.65	15.62	18.6	15.81	26.0	31.91	27.86	21.26	12.04	14.04	25.46	30.27	12.04	37.48	13.0	34.21	26.0	21.38	16.28	28.16	8.0	47.51	13.93	25.5	9.43	0.0	28.18	31.4	38.83	16.28	43.66	21.02	22.2	13.6	28.46	26.4	38.21	37.48	32.56	37.59	19.7	46.32	26.17	11.66	44.6	27.86	22.02	24.7	12.21	39.85	8.25	15.0	
24.6	17.12	31.89	7.21	38.95	42.43	18.44	21.84	26.42	12.04	10.0	52.17	41.15	31.89	24.02	49.48	31.38	30.53	23.77	47.85	20.1	40.5	41.76	51.0	8.6	22.2	26.91	18.97	36.69	4.47	37.48	22.02	45.49	48.66	24.84	6.4	16.0	21.59	12.17	18.25	40.2	51.01	48.55	5.0	18.87	34.53	42.0	20.88	46.1	13.34	50.57	27.29	40.16	32.65	30.23	17.46	46.52	14.32	10.0	37.12	46.65	34.0	23.02	4.47	51.09	39.12	33.24	40.8	8.6	27.02	17.69	30.61	25.0	8.25	28.18	22.47	44.1	26.63	32.65	28.02	20.0	24.08	29.0	28.18	0.0	13.42	19.24	44.01	48.83	12.65	38.33	40.8	21.26	5.0	32.65	13.15	48.27	21.19	17.72	26.0	7.81	29.83	30.68	37.34	42.01	35.44	40.31	44.65	27.46	43.05	
16.03	9.43	20.12	16.0	26.25	36.5	30.07	9.0	35.69	24.52	6.32	45.01	43.14	39.0	36.35	42.0	35.0	20.4	16.28	41.11	32.98	44.05	41.62	46.57	17.03	30.81	34.18	13.42	29.02	16.49	35.85	20.62	48.92	46.52	12.21	16.03	28.64	9.06	25.3	31.32	34.93	46.32	37.7	15.13	5.66	33.29	37.95	8.0	41.0	16.55	51.86	18.03	40.61	21.02	38.6	28.02	48.17	3.61	20.0	34.44	49.52	30.46	35.36	11.31	47.43	34.21	31.38	40.8	7.07	15.81	25.0	17.69	22.47	8.94	19.03	15.52	47.51	16.28	38.08	16.76	18.44	36.22	35.85	31.4	13.42	0.0	7.62	44.82	37.58	24.08	32.76	45.0	10.2	9.22	19.85	8.06	41.01	8.06	13.04	15.23	7.0	37.34	17.46	29.02	37.64	28.07	43.19	33.62	27.02	46.01	
20.62	5.39	21.1	23.19	25.08	41.11	37.01	3.61	43.17	31.06	9.49	48.66	50.25	46.62	43.05	45.54	42.44	23.19	21.47	45.12	39.32	51.4	48.27	51.62	24.33	38.33	41.79	19.85	32.98	23.02	42.2	27.59	56.22	52.48	13.0	23.09	35.13	2.83	31.4	37.48	39.92	51.26	38.64	22.02	7.62	39.82	43.38	3.16	45.88	24.17	58.73	21.84	47.42	22.09	46.17	35.23	55.15	5.0	27.17	40.5	56.73	36.36	42.05	15.81	52.8	39.4	37.8	47.51	14.56	18.11	32.57	16.76	29.07	12.08	22.8	21.1	54.82	19.42	45.65	9.22	25.5	43.01	43.46	38.83	19.24	7.62	0.0	51.66	38.08	31.02	37.7	52.43	13.93	16.03	18.97	7.81	44.72	4.12	19.8	7.62	14.32	44.94	12.21	32.56	42.95	32.28	50.45	34.53	33.94	53.26	
33.02	54.2	40.72	37.0	47.43	22.02	37.05	50.93	28.86	40.2	48.55	28.79	4.47	21.54	40.79	28.86	14.0	35.34	31.4	25.71	43.19	9.22	4.12	18.87	35.74	28.07	23.35	31.83	27.66	40.8	10.77	24.21	9.49	10.63	43.01	37.95	41.0	51.62	43.19	44.05	20.02	19.72	42.0	39.22	44.55	12.21	16.03	50.21	19.65	30.87	7.07	33.62	4.24	40.31	25.63	34.0	4.12	48.41	35.9	13.6	8.06	17.46	40.61	47.42	16.4	19.1	14.42	4.47	39.96	38.59	28.28	45.65	22.63	49.24	33.12	31.24	8.94	36.36	16.76	59.46	26.4	39.81	21.59	16.28	44.01	44.82	51.66	0.0	44.01	37.22	21.21	11.31	39.05	41.59	45.62	51.87	27.66	49.52	31.89	58.69	40.82	23.09	54.64	29.61	17.03	26.93	7.21	41.19	17.8	7.21	
24.76	43.42	17.46	46.69	14.04	22.09	58.41	34.71	57.71	55.87	43.86	20.25	46.1	55.36	65.0	17.89	45.88	18.44	26.17	20.25	63.78	50.36	40.0	30.08	46.67	53.34	52.8	31.11	17.72	49.68	34.13	34.13	53.04	36.88	25.63	47.42	59.46	35.69	58.0	62.97	24.0	29.15	2.24	47.51	32.31	34.53	28.07	34.93	25.71	41.11	49.37	21.93	41.05	16.55	57.78	55.0	48.04	39.56	49.52	31.14	52.0	28.64	64.2	48.37	32.89	25.02	32.76	40.01	40.22	21.95	48.26	21.38	31.76	46.52	21.21	27.59	52.09	22.2	51.24	39.0	34.41	64.4	52.92	43.66	48.83	37.58	38.08	44.01	0.0	53.81	23.09	52.47	27.78	43.83	19.24	44.6	18.38	33.96	32.53	40.05	41.05	55.15	30.02	15.81	27.07	18.97	48.26	4.24	35.47	50.09	
29.21	29.61	38.59	8.25	46.53	42.05	6.0	33.06	14.21	3.0	22.36	52.33	33.54	20.81	12.37	50.12	23.35	35.61	27.66	47.85	10.0	31.62	36.0	48.51	7.62	10.82	16.12	22.8	38.6	8.25	33.54	21.1	36.4	44.18	33.24	8.06	5.66	33.02	6.0	9.22	39.4	48.76	53.04	9.0	28.64	30.59	39.85	32.06	44.6	12.73	42.95	32.02	34.01	39.12	18.38	5.0	38.83	26.02	4.47	34.21	37.95	32.31	11.4	17.09	47.85	38.08	30.08	35.0	17.26	33.62	9.0	39.0	24.19	20.88	32.65	26.25	35.11	32.45	22.85	40.11	20.0	12.17	18.36	21.02	12.65	24.08	31.02	37.22	53.81	0.0	38.01	31.38	28.64	15.0	40.72	25.71	48.76	32.14	21.4	38.21	17.12	18.6	41.44	39.82	40.16	37.2	32.02	49.58	24.04	34.48	
17.09	41.76	21.26	33.24	26.83	4.12	41.05	35.78	37.54	40.72	38.33	14.32	23.02	33.62	47.01	12.21	23.71	16.28	16.49	9.85	47.17	27.29	17.12	13.93	32.57	33.97	32.02	20.02	6.71	37.11	11.05	17.09	30.0	16.4	26.08	34.21	43.42	36.67	43.46	47.01	2.24	13.6	21.21	34.93	30.08	11.7	6.4	35.34	8.25	26.25	27.2	16.12	18.0	20.62	36.62	37.44	25.32	36.14	34.54	8.06	29.07	6.4	46.4	40.01	15.26	2.24	10.3	17.03	31.0	20.81	30.23	26.87	13.93	40.11	15.26	17.26	29.02	18.87	29.07	43.57	18.68	46.23	31.62	22.2	38.33	32.76	37.7	21.21	23.09	38.01	0.0	29.43	23.77	34.06	26.25	40.79	10.82	34.44	21.0	43.42	32.0	33.84	36.88	8.54	5.66	6.4	25.18	20.02	14.87	27.02	
36.69	53.91	45.89	33.6	53.46	31.32	29.61	52.48	20.02	34.18	47.38	39.36	7.21	12.0	32.0	39.0	10.0	40.61	34.79	35.85	35.23	2.24	13.89	30.0	32.2	20.88	15.52	33.54	35.06	36.89	18.44	25.5	5.1	21.93	46.24	34.41	33.96	53.0	37.0	36.5	28.86	30.81	50.64	35.81	46.14	18.03	25.63	51.62	29.97	29.0	13.34	38.08	12.08	45.71	16.03	27.2	9.85	48.41	31.38	21.38	7.0	24.02	32.02	44.82	27.66	27.66	20.0	13.42	38.95	42.72	23.32	50.0	25.3	47.42	37.85	34.18	4.0	40.52	8.54	61.06	27.29	31.0	13.34	13.6	40.8	45.0	52.43	11.31	52.47	31.38	29.43	0.0	41.63	39.62	50.45	50.93	37.7	51.11	33.12	59.91	39.62	14.04	57.78	37.05	26.57	34.01	4.47	49.16	19.92	4.47	
6.71	18.25	10.63	20.59	18.03	27.2	34.18	12.21	37.12	30.02	16.49	35.13	38.28	38.33	40.85	32.06	31.95	10.2	7.81	31.4	38.47	40.25	35.38	37.7	21.02	32.14	34.06	8.25	19.24	22.8	29.0	16.16	44.78	38.83	5.0	21.1	34.0	13.04	31.62	37.22	26.0	37.34	27.73	20.81	6.32	26.91	29.53	11.66	31.95	17.26	46.1	8.06	34.83	11.4	39.01	31.32	42.8	13.0	24.17	27.02	44.94	22.8	39.92	20.59	38.91	25.5	24.76	34.71	12.73	5.83	26.17	10.44	16.64	18.97	9.06	7.81	43.42	6.08	36.14	20.52	14.56	40.5	35.23	28.46	21.26	10.2	13.93	39.05	27.78	28.64	23.77	41.63	0.0	16.28	12.08	18.03	31.14	10.82	9.06	20.0	13.45	37.12	16.16	19.03	29.07	18.44	38.95	23.71	21.95	41.68	
19.7	15.23	26.91	7.28	34.06	38.12	21.0	18.11	27.51	15.3	8.06	47.68	39.12	31.91	27.17	44.91	29.83	25.55	18.97	43.42	23.77	39.05	39.0	47.1	8.54	22.85	26.93	14.32	32.02	7.28	34.21	18.44	44.05	45.35	20.0	7.07	19.42	18.03	16.16	22.14	36.01	47.04	43.57	6.0	14.32	31.32	38.12	17.12	42.0	10.82	48.37	22.36	37.58	27.66	30.87	19.24	44.42	11.05	11.18	33.54	45.0	30.15	26.17	6.08	47.38	35.0	29.83	38.08	3.61	22.02	17.49	25.81	21.21	7.81	23.26	17.72	42.64	21.63	31.89	25.18	16.28	27.07	28.84	26.4	5.0	9.22	16.03	41.59	43.83	15.0	34.06	39.62	16.28	0.0	27.8	11.66	43.74	17.26	13.15	23.35	2.83	30.02	26.68	32.57	38.05	30.81	38.6	39.66	24.35	41.4	
14.04	24.35	5.0	32.65	6.4	28.32	46.24	15.52	48.66	42.06	25.81	33.11	45.88	49.0	52.92	29.97	41.44	10.3	16.03	30.53	50.54	48.76	41.59	39.05	33.11	43.74	45.1	19.24	19.8	34.67	34.89	26.02	52.81	42.64	7.81	33.12	46.07	16.49	43.57	49.24	28.32	38.42	20.02	32.76	14.21	33.62	32.65	15.81	33.3	29.12	52.35	12.37	41.63	5.66	50.16	43.32	49.66	21.1	36.25	32.25	52.55	28.18	52.0	31.14	41.04	28.43	31.38	41.15	24.41	8.0	37.85	2.24	25.32	28.6	12.65	17.0	51.55	10.05	46.17	20.22	25.02	52.55	46.01	38.21	32.65	19.85	18.97	45.62	19.24	40.72	26.25	50.45	12.08	27.8	0.0	25.94	29.53	14.87	20.4	21.02	25.0	48.04	11.7	18.44	31.89	19.85	47.13	16.0	30.59	49.65	
24.08	4.0	27.2	18.79	32.25	44.55	31.58	11.31	39.0	25.18	3.61	53.04	49.82	43.57	37.12	50.01	41.01	28.16	24.33	49.16	33.0	50.21	48.88	54.57	20.12	34.44	38.59	21.19	37.05	17.46	43.38	27.78	55.17	54.23	18.97	18.38	29.07	10.63	25.0	31.02	42.95	54.34	44.92	17.09	12.37	40.71	45.88	10.63	49.03	21.93	58.82	26.0	47.71	28.16	42.49	30.36	55.0	5.1	22.47	42.15	55.97	38.28	36.12	9.0	55.36	42.2	38.91	48.02	12.04	23.35	29.15	23.71	29.97	5.0	27.0	23.54	53.76	24.08	43.42	15.3	25.55	37.22	40.5	37.48	13.15	8.06	7.81	51.87	44.6	25.71	40.79	50.93	18.03	11.66	25.94	0.0	49.04	11.4	20.62	13.15	11.31	41.68	20.0	37.0	45.61	36.12	49.58	40.8	34.13	52.4	
25.0	49.37	25.08	43.66	27.66	7.07	51.87	42.2	48.08	51.43	47.01	4.0	30.68	43.6	57.8	1.41	33.6	21.59	25.08	2.0	57.98	35.47	24.04	11.7	43.08	44.69	42.45	29.43	12.0	47.43	19.72	27.73	37.11	19.03	32.02	44.6	54.2	43.17	54.13	57.8	9.9	10.77	16.16	45.22	37.34	21.4	12.08	41.98	8.06	36.77	32.02	23.09	25.63	24.17	46.86	48.26	31.4	44.1	45.19	17.2	35.69	17.03	57.2	49.5	14.56	11.31	20.52	24.35	40.45	26.68	41.05	30.87	24.6	49.09	22.09	26.17	36.4	25.32	38.83	49.04	29.15	57.01	41.87	32.56	48.27	41.01	44.72	27.66	18.38	48.76	10.82	37.7	31.14	43.74	29.53	49.04	0.0	41.0	30.59	49.34	41.44	44.05	41.15	12.17	11.18	13.04	33.24	17.2	25.61	34.48	
17.49	9.49	17.03	24.02	21.02	37.7	38.12	1.41	43.42	32.56	12.21	44.91	48.41	46.17	44.41	41.77	41.18	19.42	18.6	41.48	41.0	49.93	45.97	48.33	25.0	38.47	41.48	17.8	29.41	24.52	39.7	25.81	54.64	49.65	9.06	24.08	36.67	2.24	33.24	39.29	36.67	47.93	34.53	23.19	5.0	37.48	40.31	1.0	42.54	23.77	56.59	18.38	45.28	18.03	46.1	36.0	53.15	7.21	28.02	37.8	55.0	33.6	43.42	18.36	49.65	36.24	35.38	45.25	15.0	14.32	32.56	12.65	26.91	15.0	19.31	18.44	53.25	15.81	44.78	10.0	23.85	44.28	43.01	37.59	21.19	8.06	4.12	49.52	33.96	32.14	34.44	51.11	10.82	17.26	14.87	11.4	41.0	0.0	18.03	9.22	15.03	44.64	9.49	28.86	39.82	28.79	48.83	30.41	32.02	51.61	
7.81	22.47	17.46	14.21	25.63	25.02	26.42	19.42	28.28	23.35	17.72	34.53	30.48	29.27	33.12	31.78	23.26	14.21	6.4	30.27	31.4	31.91	28.6	34.37	14.14	23.35	25.02	1.41	18.97	17.49	22.83	7.81	36.62	33.62	14.04	15.0	27.02	20.0	25.5	30.48	23.02	34.23	31.89	15.26	13.04	20.25	25.5	18.6	29.07	8.94	38.95	10.63	27.66	17.89	30.0	23.26	35.36	16.64	17.03	21.54	37.01	17.72	32.25	19.03	34.93	22.09	18.36	27.8	10.0	12.65	17.46	19.1	9.43	19.24	11.31	5.0	35.23	11.18	27.2	28.02	5.83	32.65	26.17	19.7	17.72	13.04	19.8	31.89	32.53	21.4	21.0	33.12	9.06	13.15	20.4	20.62	30.59	18.03	0.0	27.02	11.0	28.07	25.0	19.7	25.32	17.72	30.81	28.28	14.14	33.6	
26.63	9.22	24.52	30.59	26.17	46.52	44.18	7.81	50.7	38.01	16.0	53.16	57.49	54.23	50.01	50.0	49.93	27.86	27.8	49.98	46.04	58.82	55.17	57.25	31.78	45.88	49.4	26.91	38.08	30.07	48.92	34.83	63.6	58.82	17.46	30.41	42.0	7.07	38.05	44.1	45.65	56.8	41.0	29.27	14.14	46.69	49.4	8.49	51.43	31.78	65.76	27.29	54.45	25.5	53.76	42.58	62.29	12.37	34.53	47.01	64.03	42.8	49.01	22.09	58.67	45.28	44.6	54.45	22.14	22.85	40.16	19.1	36.07	18.11	28.18	27.66	62.2	24.6	53.24	2.24	32.8	50.04	51.08	46.32	26.0	15.23	7.62	58.69	40.05	38.21	43.42	59.91	20.0	23.35	21.02	13.15	49.34	9.22	27.02	0.0	21.84	52.55	10.44	37.34	48.88	37.58	57.8	37.01	41.11	60.61	
17.09	14.42	24.08	9.0	31.24	36.01	23.09	16.0	28.86	17.72	7.81	45.4	38.6	32.65	29.43	42.58	29.7	22.83	16.49	41.19	26.25	38.9	38.01	45.28	10.05	24.04	27.73	12.04	29.61	9.85	32.89	17.09	43.86	43.97	17.2	9.06	21.84	16.03	18.79	24.7	34.01	45.18	40.82	8.25	11.7	30.08	36.35	15.0	40.05	10.63	47.71	19.7	36.72	24.84	31.95	21.02	43.83	9.49	13.0	32.02	44.69	28.44	28.44	8.06	45.71	33.06	28.46	37.12	1.0	19.21	18.38	23.02	19.65	8.54	20.62	15.3	42.45	18.87	32.2	23.54	14.87	29.27	29.53	26.17	7.81	7.0	14.32	40.82	41.05	17.12	32.0	39.62	13.45	2.83	25.0	11.31	41.44	15.03	11.0	21.84	0.0	30.87	24.33	30.08	36.22	28.44	38.29	36.89	23.26	41.11	
34.13	45.18	44.28	23.02	52.47	37.01	15.81	45.88	6.0	21.1	38.08	46.69	18.68	2.24	18.03	45.45	10.63	39.62	32.14	42.52	21.21	15.03	23.71	39.41	21.63	7.81	3.16	29.02	37.58	25.5	24.76	22.2	19.1	32.65	42.11	23.6	20.25	46.17	23.71	22.56	34.21	40.0	53.71	25.0	40.02	22.67	32.53	44.92	37.48	20.88	27.07	36.35	21.47	44.41	2.83	13.89	23.19	40.31	19.85	26.91	21.02	27.46	18.0	34.21	37.74	32.8	23.6	22.83	30.46	40.05	12.53	47.0	23.77	37.44	36.5	31.06	18.03	38.12	6.32	54.08	23.02	17.03	2.24	11.66	29.83	37.34	44.94	23.09	55.15	18.6	33.84	14.04	37.12	30.02	48.04	41.68	44.05	44.64	28.07	52.55	30.87	0.0	52.77	39.4	33.24	36.25	16.28	51.26	19.7	18.03	
21.63	16.97	16.12	33.24	16.0	39.41	47.38	8.94	52.09	41.98	21.47	44.78	54.2	54.13	53.76	41.63	48.1	20.62	23.32	42.06	50.45	56.36	50.8	50.22	34.13	47.1	49.65	24.35	30.81	33.96	44.2	32.31	60.83	53.04	11.66	33.38	46.1	9.43	42.72	48.76	39.05	49.65	31.14	32.56	13.0	42.44	43.19	9.85	44.41	32.14	61.61	21.26	50.48	17.0	54.45	45.1	58.52	16.55	37.22	41.87	60.9	37.64	52.77	27.73	52.01	38.95	40.22	50.22	24.19	16.28	41.11	10.3	32.65	24.19	21.93	23.71	59.48	18.44	52.2	9.06	30.68	53.6	50.99	44.6	30.68	17.46	12.21	54.64	30.02	41.44	36.88	57.78	16.16	26.68	11.7	20.0	41.15	9.49	25.0	10.44	24.33	52.77	0.0	29.68	42.52	30.61	55.01	27.29	38.01	57.71	
13.15	37.22	13.6	33.62	18.36	9.9	43.84	30.08	42.19	42.2	35.13	16.12	31.06	39.56	50.25	13.04	30.08	9.49	13.6	12.65	49.58	35.01	25.5	20.62	33.29	38.01	37.12	18.38	2.0	37.12	19.1	19.1	38.12	24.7	19.92	34.48	45.45	31.05	44.65	49.04	10.3	20.0	14.32	34.89	25.18	19.03	14.76	29.83	14.87	27.2	35.74	11.0	26.17	12.81	42.05	40.31	33.73	32.02	35.81	16.12	37.34	13.04	49.52	38.08	22.63	10.77	17.12	25.32	29.12	14.56	33.3	19.42	16.4	37.34	10.0	14.87	37.05	13.15	35.44	37.16	19.85	49.58	37.16	27.86	37.34	29.02	32.56	29.61	15.81	39.82	8.54	37.05	19.03	32.57	18.44	37.0	12.17	28.86	19.7	37.34	30.08	39.4	29.68	0.0	13.89	3.16	33.0	12.17	19.7	35.06	
22.36	46.82	26.91	36.35	32.25	5.0	42.49	41.18	37.64	43.01	42.95	13.45	19.65	32.65	48.02	12.53	22.67	21.93	21.54	9.43	48.75	24.35	13.15	9.06	35.51	34.67	31.89	24.52	12.21	40.31	8.6	20.1	26.31	10.82	31.62	37.34	45.31	42.06	45.88	48.85	3.61	9.0	25.02	38.21	35.34	10.63	1.0	40.71	4.47	29.27	22.36	21.63	14.56	26.25	36.07	38.91	21.0	41.11	37.11	6.4	25.08	8.06	47.51	44.1	9.85	3.61	10.3	13.34	35.23	26.4	31.78	32.53	17.03	44.55	20.81	22.14	25.5	24.41	27.8	49.09	22.02	47.17	31.11	22.02	42.01	37.64	42.95	17.03	27.07	40.16	5.66	26.57	29.07	38.05	31.89	45.61	11.18	39.82	25.32	48.88	36.22	33.24	42.52	13.89	0.0	12.04	22.14	24.52	16.16	23.54	
12.04	36.67	14.87	31.3	20.62	8.94	41.04	30.08	39.12	39.66	34.0	17.03	28.16	36.4	47.38	14.14	26.93	10.0	12.04	13.04	46.86	32.0	22.8	19.72	30.89	35.0	34.0	16.49	1.41	34.93	16.28	16.28	35.23	22.8	20.12	32.2	42.8	31.02	42.19	46.4	8.49	19.24	17.46	32.7	24.74	16.0	12.81	29.73	13.89	24.7	33.24	10.44	23.35	14.21	38.91	37.48	31.05	31.26	33.29	13.34	34.53	10.0	46.67	36.5	21.4	8.6	14.04	22.56	27.46	14.76	30.41	20.52	13.45	36.06	9.49	13.15	34.13	13.0	32.28	37.59	17.2	46.69	34.01	24.7	35.44	28.07	32.28	26.93	18.97	37.2	6.4	34.01	18.44	30.81	19.85	36.12	13.04	28.79	17.72	37.58	28.44	36.25	30.61	3.16	12.04	0.0	30.02	15.3	16.55	32.14	
33.62	52.33	42.45	33.12	49.82	26.93	31.06	50.22	22.2	34.93	46.1	34.89	2.83	14.56	34.23	34.54	8.94	37.11	31.78	31.38	37.0	2.24	9.43	25.61	31.76	22.09	17.0	31.06	31.0	36.67	14.14	23.02	5.83	17.69	43.38	34.0	35.23	50.8	37.85	38.05	24.52	26.4	46.39	35.36	43.83	14.04	21.19	49.41	25.5	27.8	11.05	34.79	7.62	42.2	18.68	28.28	7.0	46.69	31.38	17.12	6.4	20.02	34.13	44.1	23.35	23.35	16.12	8.94	37.54	39.56	23.41	46.82	22.36	46.4	34.48	31.3	4.47	37.34	10.05	58.82	25.0	33.24	15.03	12.21	40.31	43.19	50.45	7.21	48.26	32.02	25.18	4.47	38.95	38.6	47.13	49.58	33.24	48.83	30.81	57.8	38.29	16.28	55.01	33.0	22.14	30.02	0.0	45.04	17.0	2.83	
20.52	39.81	13.6	42.45	11.7	19.65	54.2	31.26	53.67	51.62	39.92	19.8	43.0	51.55	60.8	17.03	42.2	14.21	21.93	18.87	59.55	47.1	37.12	28.65	42.43	49.24	48.85	26.87	14.14	45.45	31.0	30.02	50.01	34.79	21.84	43.19	55.23	32.25	53.76	58.73	21.21	27.78	4.12	43.28	28.46	31.14	25.5	31.4	23.77	36.88	46.87	17.69	38.01	12.65	53.85	50.8	45.28	35.74	45.28	28.0	49.09	25.18	60.0	44.29	31.3	22.09	29.27	37.05	36.06	17.89	44.1	18.03	27.73	42.54	16.97	23.35	49.0	18.03	47.54	36.12	30.23	60.22	49.04	39.85	44.65	33.62	34.53	41.19	4.24	49.58	20.02	49.16	23.71	39.66	16.0	40.8	17.2	30.41	28.28	37.01	36.89	51.26	27.29	12.17	24.52	15.3	45.04	0.0	31.62	47.0	
16.76	36.4	26.17	21.02	34.01	18.6	26.42	33.42	22.8	26.93	30.89	28.84	16.4	19.92	32.2	27.02	11.0	21.02	14.87	24.41	32.65	18.38	14.76	24.52	20.0	19.1	17.49	14.21	17.89	25.02	10.05	6.4	22.83	21.21	26.4	22.02	29.15	34.06	29.83	32.7	15.81	24.74	34.01	23.09	27.02	7.07	15.81	32.65	20.62	14.14	24.84	18.25	13.6	26.08	22.36	22.83	21.21	30.61	21.21	10.2	23.02	8.6	31.62	30.36	24.08	14.42	6.08	13.89	22.36	22.8	15.65	30.08	5.39	31.78	18.11	14.32	21.47	20.62	16.12	42.01	8.6	31.4	17.46	8.25	27.46	27.02	33.94	17.8	35.47	24.04	14.87	19.92	21.95	24.35	30.59	34.13	25.61	32.02	14.14	41.11	23.26	19.7	38.01	19.7	16.16	16.55	17.0	31.62	0.0	19.72	
36.25	55.15	44.92	35.85	52.17	28.44	33.24	53.01	24.02	37.36	48.92	35.85	4.0	16.12	36.06	35.74	11.66	39.56	34.44	32.57	39.05	3.0	10.44	26.08	34.48	24.33	19.1	33.84	33.06	39.36	16.0	25.81	3.16	17.8	46.07	36.72	37.48	53.6	40.26	40.2	26.17	26.93	48.17	38.08	46.62	16.28	22.56	52.2	26.57	30.61	9.06	37.34	9.06	44.64	20.22	30.59	5.39	49.52	34.01	19.0	3.61	22.2	36.01	46.87	23.6	25.08	18.44	10.2	40.36	42.15	26.0	49.4	25.06	49.2	37.0	34.0	2.0	39.92	12.04	61.61	27.8	35.06	17.03	15.0	43.05	46.01	53.26	7.21	50.09	34.48	27.02	4.47	41.68	41.4	49.65	52.4	34.48	51.61	33.6	60.61	41.11	18.03	57.71	35.06	23.54	32.14	2.83	47.0	19.72	0.0	
