110
0.0	28.64	9.43	13.34	15.65	7.81	37.58	31.76	38.9	37.66	13.04	17.49	42.64	32.76	13.89	21.21	3.16	4.0	43.84	21.93	28.44	36.89	33.38	22.83	17.0	26.08	7.21	31.24	37.2	10.0	34.21	23.54	22.14	31.78	14.76	24.08	34.54	42.44	21.26	12.04	2.83	5.83	13.45	20.59	35.81	16.55	8.06	16.28	23.77	24.6	27.17	35.0	8.54	16.28	3.0	46.01	25.08	8.06	36.4	28.28	10.44	5.0	34.71	26.25	6.4	39.96	35.9	12.53	19.21	32.31	28.0	5.0	19.21	39.82	19.65	17.03	22.2	30.81	20.22	7.07	18.6	34.79	26.17	25.5	41.62	35.06	17.0	43.14	31.58	37.74	23.32	43.19	29.53	17.26	8.0	36.24	16.28	29.83	15.13	21.19	31.62	15.52	17.69	26.93	34.0	18.03	37.16	11.66	10.05	39.45	
28.64	0.0	24.76	41.79	44.28	26.25	47.07	57.28	62.01	59.08	37.34	31.91	45.01	55.0	19.0	15.81	28.46	30.53	43.29	11.7	17.12	32.39	54.64	46.01	45.62	52.5	22.8	32.06	34.23	38.47	48.1	40.82	46.67	54.2	23.02	10.2	45.88	47.04	40.2	27.66	26.0	34.44	41.68	46.86	33.14	21.95	24.84	37.0	40.31	50.25	15.03	53.71	35.17	18.03	31.38	46.27	10.05	22.2	60.31	56.04	37.11	33.12	56.61	20.02	23.09	46.27	50.33	23.43	46.62	4.0	47.71	31.06	11.0	43.01	48.1	29.15	44.69	53.41	48.38	27.02	30.89	47.43	47.8	38.08	46.04	52.77	44.64	42.3	53.6	44.41	34.93	44.1	55.17	43.93	36.06	35.06	14.04	57.01	42.2	19.92	44.94	19.42	45.49	5.0	52.84	40.36	61.62	17.09	38.28	65.05	
9.43	24.76	0.0	21.1	22.09	2.0	30.08	32.53	37.74	35.34	22.47	10.05	33.84	30.89	17.03	13.15	12.04	8.06	34.71	22.14	20.0	27.46	30.87	32.25	23.19	27.8	11.7	21.93	27.8	16.03	28.02	18.25	21.93	30.02	5.39	17.46	27.46	34.0	30.41	4.0	9.22	13.15	18.44	22.2	26.4	7.28	1.41	25.5	18.11	25.5	19.1	31.05	17.89	8.25	12.08	37.01	18.38	4.0	35.81	31.76	19.7	11.05	32.65	17.26	10.77	31.78	30.0	3.16	22.36	27.8	24.35	8.0	18.38	31.06	27.0	8.54	20.25	29.15	28.07	3.0	10.44	28.16	23.71	18.25	33.12	30.59	25.5	33.97	29.53	29.55	15.52	34.21	30.41	26.25	16.76	26.91	16.49	32.45	24.04	12.17	25.08	7.07	21.54	21.63	30.08	15.81	37.01	11.18	18.44	40.31	
13.34	41.79	21.1	0.0	4.12	19.1	42.45	25.08	34.01	34.53	10.2	25.06	50.0	29.61	25.0	34.0	13.42	13.04	52.15	33.84	41.05	47.17	31.05	15.65	5.39	19.03	19.24	40.72	47.01	5.83	37.2	26.91	18.97	28.64	26.31	37.34	38.95	48.92	19.03	21.84	15.81	8.0	6.71	15.3	45.69	28.28	20.02	15.13	27.59	19.1	40.0	34.54	7.81	29.0	10.44	53.82	38.33	21.1	31.0	18.38	6.71	10.05	31.58	38.33	18.79	46.01	38.28	24.19	12.04	45.54	28.18	13.15	31.76	47.2	6.32	26.0	21.47	27.66	7.0	18.11	26.83	38.42	25.08	31.24	48.27	35.34	5.0	51.62	28.86	43.93	30.23	51.04	23.02	7.21	5.83	45.62	28.65	20.88	5.39	33.24	35.47	28.02	10.05	40.26	33.62	19.21	31.06	24.7	3.61	31.78	
15.65	44.28	22.09	4.12	0.0	20.1	40.36	21.02	30.07	30.81	14.32	24.35	48.55	25.96	28.32	35.23	16.4	14.32	51.0	37.01	42.05	46.84	27.51	18.97	1.41	15.0	22.2	40.16	46.49	6.08	34.71	24.84	15.65	25.0	27.0	39.05	36.8	47.2	23.0	22.09	18.36	9.85	4.47	11.7	45.22	29.0	21.21	19.24	25.61	15.3	41.19	31.3	11.66	30.27	13.04	52.48	40.02	22.8	27.02	14.32	10.77	11.4	27.89	39.01	21.63	44.2	35.61	25.02	8.25	47.93	25.24	14.14	34.67	45.79	5.39	25.71	18.6	24.04	7.21	19.1	26.25	36.07	21.95	29.68	46.62	32.25	7.62	50.54	25.3	42.2	29.07	49.74	19.0	10.44	9.22	44.94	31.62	16.76	9.06	34.0	33.24	29.15	6.32	42.38	30.41	17.03	27.02	27.29	7.21	27.66	
7.81	26.25	2.0	19.1	20.1	0.0	30.68	31.14	36.72	34.54	20.81	10.44	35.0	29.97	17.03	15.13	10.63	6.08	36.07	22.85	22.0	29.15	30.08	30.53	21.21	26.25	11.18	23.43	29.41	14.04	28.16	18.03	20.62	29.07	7.28	19.31	27.89	34.99	29.0	4.47	8.06	11.18	16.49	20.62	28.02	9.22	1.41	24.04	18.0	24.04	21.1	30.59	16.12	10.2	10.3	38.29	20.25	4.47	34.67	30.02	17.89	9.06	31.78	19.24	10.2	32.65	30.07	5.1	20.59	29.41	23.77	6.0	19.24	32.2	25.0	9.43	19.24	28.18	26.08	1.0	11.18	28.44	22.85	18.68	34.13	30.27	23.54	35.36	28.64	30.41	16.16	35.47	29.0	24.35	14.87	28.43	17.09	30.81	22.14	14.14	25.32	9.06	19.7	23.32	29.61	14.76	35.81	11.7	16.49	38.95	
37.58	47.07	30.08	42.45	40.36	30.68	0.0	31.58	28.16	23.19	49.09	20.25	11.05	23.09	46.87	31.4	40.72	34.0	15.3	50.01	31.38	20.52	21.02	57.63	40.46	32.31	41.76	16.12	18.44	36.88	7.07	15.56	26.42	23.19	27.17	36.88	3.61	8.06	58.31	26.25	38.63	37.44	36.07	30.53	18.38	27.02	31.32	53.34	14.87	29.55	32.89	16.03	44.1	31.0	38.95	15.0	37.11	33.96	29.0	38.63	45.22	35.51	23.0	27.51	40.8	5.0	8.06	28.44	33.84	48.08	17.09	33.12	46.01	9.49	45.45	21.59	22.47	23.35	47.51	31.02	19.65	5.1	20.62	12.08	8.0	14.04	47.38	15.52	22.2	4.47	14.56	13.15	31.05	49.58	41.62	16.28	45.18	36.69	47.51	27.29	7.21	30.02	35.0	42.2	16.0	23.35	31.0	40.45	42.01	36.0	
31.76	57.28	32.53	25.08	21.02	31.14	31.58	0.0	9.49	12.04	35.23	27.29	42.3	8.94	45.65	43.83	34.01	28.3	46.1	53.25	48.76	46.69	11.18	39.32	20.0	6.08	38.95	39.81	45.4	23.09	24.52	20.62	10.63	8.54	35.0	49.2	28.28	39.62	44.01	29.83	34.48	26.93	19.65	11.18	44.55	36.62	32.56	40.2	21.59	7.21	48.88	16.55	31.78	39.82	30.46	46.39	50.0	35.47	6.32	9.43	31.4	26.83	10.0	44.72	38.08	36.5	24.04	34.06	13.34	60.21	15.0	27.46	50.0	40.11	23.35	30.02	13.42	8.25	25.5	30.48	29.07	26.48	12.17	26.48	39.46	18.38	28.07	46.04	9.49	35.23	28.16	44.18	2.24	31.06	28.86	43.29	47.43	6.4	30.0	40.82	25.08	38.42	15.3	53.91	16.16	17.2	6.0	42.2	27.46	7.81	
38.9	62.01	37.74	34.01	30.07	36.72	28.16	9.49	0.0	5.0	44.01	30.41	39.2	7.07	52.55	47.38	41.48	35.11	43.42	59.48	51.22	46.24	8.06	48.66	29.15	15.13	45.88	39.81	44.6	31.26	21.38	22.02	16.76	7.81	39.05	53.08	25.5	36.06	53.04	34.41	41.44	34.71	28.07	19.1	44.01	40.36	38.08	49.01	22.8	15.03	51.74	12.17	40.2	44.05	38.08	43.1	53.76	41.18	3.16	18.79	40.05	34.21	5.83	47.01	44.94	33.14	20.1	38.6	22.0	64.54	15.0	34.18	55.95	37.48	32.76	33.24	17.49	8.6	34.93	36.24	31.83	23.35	14.21	26.93	36.12	14.14	37.34	43.57	8.49	32.39	29.41	41.3	11.18	40.31	37.22	42.38	53.67	15.65	39.12	43.86	23.09	42.64	24.0	58.14	12.37	21.95	4.24	48.3	36.06	8.54	
37.66	59.08	35.34	34.53	30.81	34.54	23.19	12.04	5.0	0.0	44.18	27.2	34.23	5.0	50.96	44.05	40.45	33.73	38.47	57.38	47.42	41.63	4.47	49.73	30.08	16.55	44.38	35.36	39.92	31.02	16.49	18.44	16.0	6.0	36.06	49.82	20.62	31.06	53.46	31.76	40.02	34.06	28.16	19.24	39.4	37.2	35.85	49.16	19.1	15.52	48.08	7.28	40.01	41.05	37.22	38.12	50.45	39.0	6.71	21.4	40.11	33.24	3.0	43.19	43.42	28.16	15.13	35.85	22.56	61.4	11.4	32.76	53.71	32.56	34.18	30.0	15.52	7.0	36.4	34.18	28.43	18.44	11.7	22.8	31.14	9.22	38.33	38.64	6.08	27.46	25.5	36.35	13.04	41.23	37.01	37.7	51.62	18.44	39.81	40.36	18.38	39.66	24.52	55.0	7.62	19.92	8.54	46.24	36.12	13.34	
13.04	37.34	22.47	10.2	14.32	20.81	49.09	35.23	44.01	44.18	0.0	29.73	55.17	39.2	18.68	33.53	10.77	15.56	56.64	27.51	40.8	49.93	40.45	9.85	15.52	29.15	15.03	44.2	50.22	13.34	44.72	34.0	28.28	38.21	27.78	35.36	45.79	54.67	9.49	24.84	13.93	11.66	16.03	25.02	48.83	29.53	21.1	5.0	34.48	29.0	39.29	43.42	5.0	28.79	10.63	58.69	36.35	20.62	41.05	28.46	4.12	13.6	41.19	39.0	15.13	52.01	46.1	25.55	22.02	41.3	36.69	16.28	26.48	52.35	14.42	29.73	30.08	37.22	13.45	20.0	31.11	45.65	33.96	37.2	53.91	43.97	9.22	55.97	38.33	49.82	35.47	55.87	33.14	7.21	7.62	49.2	23.35	31.05	6.4	34.01	42.54	28.23	20.02	37.0	42.45	26.93	41.19	21.02	8.06	41.98	
17.49	31.91	10.05	25.06	24.35	10.44	20.25	27.29	30.41	27.2	29.73	0.0	25.46	23.35	27.07	16.97	20.59	14.21	27.2	31.58	21.47	22.56	22.8	38.95	25.0	24.04	21.59	15.81	22.14	19.24	18.0	8.94	17.09	22.63	8.94	22.67	17.46	25.0	38.6	6.08	18.38	18.44	19.92	19.24	20.88	10.0	11.18	33.6	8.54	21.19	21.63	21.93	24.76	13.89	19.21	29.07	23.35	14.04	29.07	29.43	26.17	16.28	24.84	17.46	20.62	22.47	20.02	9.22	21.0	34.21	15.81	13.45	27.66	22.63	29.73	2.83	13.89	21.93	31.38	10.77	2.0	18.11	16.28	8.25	24.21	21.19	30.02	26.63	21.93	20.25	5.83	26.25	25.5	31.62	22.67	20.62	26.17	29.12	29.41	13.6	15.03	12.53	21.1	27.8	21.02	10.44	30.61	21.02	23.6	34.67	
42.64	45.01	33.84	50.0	48.55	35.0	11.05	42.3	39.2	34.23	55.17	25.46	0.0	34.01	49.24	30.59	45.61	39.62	4.47	50.45	28.02	13.6	32.0	64.38	48.88	42.45	45.28	13.34	11.4	44.2	18.0	24.17	36.06	34.06	29.53	35.13	14.04	3.61	63.89	30.61	43.01	43.86	44.1	39.92	12.17	28.64	35.23	58.9	23.26	39.56	30.0	27.07	50.21	31.95	44.6	4.12	35.06	37.22	40.01	48.76	51.62	41.73	34.01	25.08	44.42	6.08	19.1	31.38	42.95	45.1	27.46	38.9	46.57	2.83	53.85	25.61	31.95	34.13	55.76	35.61	24.08	16.0	30.81	18.87	3.16	25.08	55.0	5.0	33.06	7.07	19.85	2.24	41.59	56.85	48.1	10.05	46.49	47.07	54.67	26.93	17.26	31.38	43.83	40.01	27.02	31.76	42.01	42.54	48.92	47.01	
32.76	55.0	30.89	29.61	25.96	29.97	23.09	8.94	7.07	5.0	39.2	23.35	34.01	0.0	46.17	40.31	35.51	28.86	38.01	52.8	44.2	39.85	2.24	44.92	25.3	12.21	39.56	33.24	38.33	26.02	16.03	15.0	11.0	1.0	32.02	46.01	20.0	31.14	48.51	27.46	35.17	29.07	23.19	14.32	37.64	33.3	31.3	44.18	15.81	10.77	44.69	7.62	35.01	37.01	32.25	38.05	46.69	34.44	6.32	17.69	35.13	28.28	2.0	40.0	38.6	28.07	15.3	31.62	17.72	57.49	8.06	27.89	49.19	32.02	29.55	26.17	10.77	2.0	31.78	29.55	24.76	18.03	7.21	20.12	31.06	9.49	33.53	38.05	1.41	27.0	22.47	36.0	9.22	36.4	32.02	36.14	47.01	15.0	34.93	36.8	17.12	35.61	19.65	51.09	7.28	15.23	8.25	41.63	31.14	13.15	
13.89	19.0	17.03	25.0	28.32	17.03	46.87	45.65	52.55	50.96	18.68	27.07	49.24	46.17	0.0	20.52	12.04	17.46	49.24	8.94	27.02	40.0	46.57	27.02	29.73	39.96	6.71	36.24	41.05	23.43	45.04	35.06	35.85	45.22	19.92	19.72	44.41	49.98	21.38	21.02	11.18	19.21	27.02	34.48	39.66	20.62	16.0	18.0	35.01	38.47	25.0	47.52	17.49	17.49	15.62	51.88	20.59	13.04	50.16	41.87	19.24	18.87	48.08	26.91	7.62	48.08	47.01	18.44	33.02	23.0	40.61	18.38	8.0	46.62	31.06	25.32	35.44	44.27	30.89	17.12	27.29	45.18	39.29	35.23	49.04	47.27	26.83	48.37	44.92	45.88	32.39	49.19	43.42	25.63	19.21	40.82	5.1	43.6	24.17	23.02	42.11	17.89	31.4	19.65	46.53	31.05	50.99	6.71	21.4	53.34	
21.21	15.81	13.15	34.0	35.23	15.13	31.4	43.83	47.38	44.05	33.53	16.97	30.59	40.31	20.52	0.0	22.8	21.02	29.73	19.92	7.28	19.72	39.7	43.32	36.35	39.82	19.24	17.26	21.02	29.15	32.31	25.61	33.29	39.6	8.94	5.83	30.08	32.14	39.82	14.32	19.65	26.0	31.58	34.44	19.7	7.21	14.04	35.34	25.0	37.22	6.0	38.28	29.61	5.0	24.19	32.57	6.4	13.15	46.01	44.38	31.58	24.02	41.77	6.4	18.79	31.0	34.54	10.44	35.11	17.49	32.65	21.1	16.16	28.28	40.05	14.14	30.61	38.9	41.0	16.12	15.62	31.62	33.24	22.36	31.14	37.22	38.12	28.79	38.9	29.02	19.24	30.08	41.88	38.47	29.15	21.19	16.64	44.72	36.35	4.12	29.15	6.08	34.48	11.18	37.44	26.63	47.51	14.21	31.06	51.4	
3.16	28.46	12.04	13.42	16.4	10.63	40.72	34.01	41.48	40.45	10.77	20.59	45.61	35.51	12.04	22.8	0.0	7.07	46.69	20.62	30.08	39.41	36.22	20.62	17.8	28.18	5.83	33.97	39.82	11.4	37.36	26.68	24.74	34.53	17.2	25.02	37.7	45.49	18.38	15.0	3.16	7.21	15.0	22.85	38.42	18.87	10.63	13.45	26.93	26.93	28.64	38.01	7.0	18.03	3.61	48.92	26.02	9.85	38.9	29.83	9.0	7.28	37.48	28.23	5.39	43.05	39.05	15.0	21.1	32.28	31.02	8.06	18.36	42.8	19.7	20.0	25.08	33.54	19.92	10.0	21.63	37.95	29.07	28.64	44.65	38.12	16.28	45.97	34.37	40.82	26.42	46.1	31.78	16.0	7.62	38.95	15.26	31.62	14.04	23.26	34.79	17.46	19.42	27.29	37.01	21.0	39.56	11.4	9.85	41.59	
4.0	30.53	8.06	13.04	14.32	6.08	34.0	28.3	35.11	33.73	15.56	14.21	39.62	28.86	17.46	21.02	7.07	0.0	41.11	25.0	28.02	34.89	29.43	25.0	15.52	22.8	10.77	28.84	34.99	8.25	30.36	19.65	18.38	27.89	13.34	24.74	30.87	39.2	24.41	9.43	6.32	5.1	11.18	17.2	33.62	15.3	7.0	19.42	19.92	21.1	27.02	31.0	10.63	16.03	5.0	43.14	25.71	8.54	32.7	25.61	12.21	3.0	30.81	25.32	9.85	36.62	32.02	11.18	16.28	34.0	24.0	1.0	21.93	36.8	19.03	14.21	18.25	26.93	20.02	5.1	15.56	31.02	22.2	21.95	38.42	31.06	17.46	40.46	27.66	34.41	20.0	40.31	26.08	18.38	8.94	33.84	19.21	26.87	16.16	20.22	27.86	15.0	15.0	28.23	30.0	14.04	33.54	14.14	10.44	36.06	
43.84	43.29	34.71	52.15	51.0	36.07	15.3	46.1	43.42	38.47	56.64	27.2	4.47	38.01	49.24	29.73	46.69	41.11	0.0	49.65	26.17	11.0	36.06	66.07	51.43	45.89	45.8	13.04	9.06	46.32	22.09	27.2	39.29	38.0	30.0	33.73	18.03	8.06	65.07	31.83	43.93	45.61	46.53	43.01	10.2	28.84	36.12	60.11	26.25	42.95	28.28	31.26	51.74	31.76	46.01	3.0	33.54	37.8	44.1	52.17	53.26	43.42	38.12	23.77	45.0	10.44	23.35	32.02	45.88	43.01	31.14	40.46	45.88	6.0	56.36	26.91	35.17	38.01	58.18	36.77	25.61	20.1	34.37	21.54	7.62	29.27	57.14	1.0	37.0	11.05	21.95	2.24	45.28	58.82	49.82	8.54	46.1	50.64	56.61	26.4	21.02	31.38	46.62	38.33	31.14	34.54	46.1	42.54	50.8	51.09	
21.93	11.7	22.14	33.84	37.01	22.85	50.01	53.25	59.48	57.38	27.51	31.58	50.45	52.8	8.94	19.92	20.62	25.0	49.65	0.0	24.7	39.4	52.92	35.36	38.42	47.8	14.87	37.11	40.85	31.83	49.37	40.26	43.05	51.89	23.09	16.64	48.04	51.79	29.0	25.96	19.1	27.59	35.36	42.2	39.56	23.0	21.54	26.31	40.02	46.04	22.47	53.16	26.42	19.03	24.08	52.5	17.2	18.38	57.31	50.21	28.18	26.91	54.63	26.0	15.56	50.36	51.48	22.36	41.11	15.52	46.49	25.81	4.0	48.05	39.96	29.27	42.05	50.99	39.82	23.26	31.26	49.16	45.69	39.2	50.8	52.63	35.78	48.7	51.48	48.26	36.12	50.0	51.04	34.54	28.02	41.11	5.83	51.74	33.11	23.54	46.27	20.0	39.62	14.21	52.2	37.58	58.31	11.18	30.23	61.03	
28.44	17.12	20.0	41.05	42.05	22.0	31.38	48.76	51.22	47.42	40.8	21.47	28.02	44.2	27.02	7.28	30.08	28.02	26.17	24.7	0.0	15.3	43.28	50.6	43.1	45.31	26.4	15.52	17.12	36.01	33.84	29.21	38.48	43.6	15.13	8.06	30.89	30.27	46.96	20.4	26.93	33.06	38.21	40.16	16.03	13.15	21.02	42.54	28.43	42.54	2.24	41.04	36.88	12.17	31.4	29.15	7.62	20.4	50.22	50.29	38.83	31.02	45.45	4.24	26.0	29.83	36.06	17.03	41.23	17.12	36.24	28.0	21.4	26.17	47.0	18.79	35.36	43.01	48.04	23.0	19.72	32.76	37.44	24.76	29.27	39.7	45.28	25.18	42.8	28.16	21.93	27.02	46.96	45.71	36.35	18.0	22.63	50.33	43.57	8.25	30.81	13.04	40.79	12.17	40.31	31.78	51.87	21.1	38.21	56.08	
36.89	32.39	27.46	47.17	46.84	29.15	20.52	46.69	46.24	41.63	49.93	22.56	13.6	39.85	40.0	19.72	39.41	34.89	11.0	39.4	15.3	0.0	38.28	59.68	47.54	45.04	37.48	7.0	2.24	41.44	25.55	26.17	38.01	39.56	22.2	23.09	21.63	16.55	57.63	25.5	36.4	39.81	42.45	41.05	2.24	20.62	28.84	52.8	25.18	42.05	17.46	34.44	45.28	22.67	39.45	14.0	22.8	29.83	46.17	51.0	47.01	37.58	40.5	13.42	36.8	17.2	27.46	24.41	43.29	32.02	32.02	34.44	35.78	12.53	52.2	21.19	34.06	39.29	53.76	30.02	20.62	23.85	34.53	20.22	15.65	32.65	52.0	10.0	38.6	16.28	19.0	12.17	45.4	53.23	43.83	4.24	36.36	50.09	50.99	17.03	23.26	22.63	43.57	27.46	34.01	32.06	48.08	33.42	45.19	52.89	
33.38	54.64	30.87	31.05	27.51	30.08	21.02	11.18	8.06	4.47	40.45	22.8	32.0	2.24	46.57	39.7	36.22	29.43	36.06	52.92	43.28	38.28	0.0	46.49	26.93	14.21	40.02	31.78	36.69	27.17	14.0	14.14	12.17	2.83	31.62	45.45	18.03	29.07	49.82	27.29	35.69	30.0	24.52	15.81	36.06	32.8	31.38	45.4	14.87	12.53	43.86	5.39	36.12	36.62	33.06	36.01	46.1	34.54	8.06	19.85	36.35	29.07	2.24	39.05	39.05	26.02	13.15	31.38	19.31	57.01	7.07	28.44	49.24	30.07	31.3	25.61	11.18	3.61	33.54	29.73	24.08	16.0	7.28	18.87	29.02	7.28	35.11	36.12	2.24	25.02	21.4	34.01	11.4	37.95	33.14	34.48	47.17	17.2	36.4	36.07	15.3	35.23	21.19	50.61	5.1	15.52	10.05	41.79	32.39	15.03	
22.83	46.01	32.25	15.65	18.97	30.53	57.63	39.32	48.66	49.73	9.85	38.95	64.38	44.92	27.02	43.32	20.62	25.0	66.07	35.36	50.6	59.68	46.49	0.0	19.65	33.54	24.52	53.82	59.91	20.81	52.7	42.2	34.54	43.97	37.59	44.91	54.2	63.66	7.81	34.41	23.77	20.52	22.36	30.68	58.52	39.36	30.89	9.06	42.8	34.21	49.04	50.16	14.42	38.63	20.25	68.01	45.89	30.46	45.54	31.0	12.81	22.67	46.84	48.85	24.74	60.88	53.85	35.36	27.2	50.01	43.83	25.61	35.01	61.55	16.03	39.2	37.12	43.01	14.0	29.68	40.46	53.82	40.72	46.01	62.94	50.99	11.4	65.44	44.27	58.73	44.55	65.19	37.48	8.54	16.28	58.82	32.0	34.01	10.3	43.86	50.8	38.08	25.3	46.17	49.24	34.67	45.28	30.41	15.62	45.0	
17.0	45.62	23.19	5.39	1.41	21.21	40.46	20.0	29.15	30.08	15.52	25.0	48.88	25.3	29.73	36.35	17.8	15.52	51.43	38.42	43.1	47.54	26.93	19.65	0.0	14.04	23.6	40.8	47.13	7.28	34.66	25.0	15.26	24.35	28.02	40.26	36.88	47.43	24.02	23.02	19.72	11.18	5.1	11.18	45.88	30.02	22.36	20.4	25.81	14.56	42.3	30.89	13.04	31.4	14.42	52.84	41.23	24.04	26.08	13.0	12.08	12.65	27.2	40.0	23.02	44.41	35.47	26.08	7.62	49.24	25.0	15.3	36.06	46.14	5.0	26.48	18.44	23.41	7.07	20.22	26.93	36.07	21.63	30.02	46.87	31.91	8.25	50.99	24.7	42.44	29.55	50.12	18.03	11.18	10.63	45.54	33.02	15.52	10.0	35.01	33.3	30.27	5.83	43.66	30.02	17.2	26.0	28.65	8.6	26.48	
26.08	52.5	27.8	19.03	15.0	26.25	32.31	6.08	15.13	16.55	29.15	24.04	42.45	12.21	39.96	39.82	28.18	22.8	45.89	47.8	45.31	45.04	14.21	33.54	14.04	0.0	33.29	38.05	44.0	17.09	25.5	19.03	7.07	11.4	30.89	44.94	28.79	40.16	38.0	25.55	28.84	21.02	13.6	5.66	43.01	32.65	27.66	34.13	20.02	3.0	45.19	19.1	25.71	35.51	24.6	46.57	45.79	30.41	12.04	6.32	25.32	21.1	13.89	41.44	32.45	37.0	25.55	29.68	7.28	55.61	15.23	22.02	44.69	40.02	17.72	26.57	11.0	10.63	19.92	25.5	25.96	27.31	11.7	25.02	39.85	20.62	22.2	45.71	12.04	35.44	26.08	44.15	4.0	25.18	22.8	42.01	42.01	5.1	24.02	37.16	25.3	34.13	9.22	49.41	18.44	13.6	12.04	36.88	21.38	13.42	
7.21	22.8	11.7	19.24	22.2	11.18	41.76	38.95	45.88	44.38	15.03	21.59	45.28	39.56	6.71	19.24	5.83	10.77	45.8	14.87	26.4	37.48	40.02	24.52	23.6	33.29	0.0	32.8	38.21	16.97	39.32	29.02	29.15	38.6	15.81	20.4	39.05	45.62	20.59	15.52	4.47	12.73	20.52	27.78	36.8	17.03	10.44	16.16	29.07	31.76	24.7	41.19	12.37	15.0	9.22	48.26	21.38	8.06	43.46	35.38	14.32	12.21	41.48	25.24	1.0	43.46	41.19	13.89	26.4	26.68	34.23	11.7	12.53	42.54	25.5	20.25	28.86	37.64	25.63	11.05	22.14	39.62	32.76	29.83	44.72	41.05	21.84	45.0	38.33	41.23	27.2	45.49	36.72	21.21	13.42	37.64	9.43	37.01	19.42	20.62	36.5	14.87	24.84	22.02	40.2	24.52	44.28	6.0	15.65	46.65	
31.24	32.06	21.93	40.72	40.16	23.43	16.12	39.81	39.81	35.36	44.2	15.81	13.34	33.24	36.24	17.26	33.97	28.84	13.04	37.11	15.52	7.0	31.78	53.82	40.8	38.05	32.8	0.0	6.32	34.93	19.85	19.24	31.02	32.89	17.03	22.0	16.28	15.0	52.35	19.42	31.11	33.62	35.74	34.06	5.1	15.81	23.35	47.42	18.25	35.06	17.26	28.3	39.41	18.79	33.6	15.65	22.02	24.84	39.56	44.0	41.05	31.38	34.01	12.04	32.02	14.32	21.93	19.1	36.35	32.56	25.3	28.3	33.24	11.05	45.54	14.76	27.07	32.57	47.17	24.21	13.93	18.38	27.66	13.34	14.0	26.63	45.62	12.21	31.95	12.65	12.0	13.0	38.47	47.01	37.74	5.0	33.24	43.1	44.78	13.6	17.2	18.36	36.67	27.07	27.78	25.08	41.44	29.53	38.95	46.17	
37.2	34.23	27.8	47.01	46.49	29.41	18.44	45.4	44.6	39.92	50.22	22.14	11.4	38.33	41.05	21.02	39.82	34.99	9.06	40.85	17.12	2.24	36.69	59.91	47.13	44.0	38.21	6.32	0.0	41.23	23.71	25.02	37.01	38.08	22.67	24.74	19.72	14.32	58.14	25.55	36.88	39.82	42.06	40.2	1.41	21.21	29.21	53.26	24.02	41.0	19.24	32.7	45.49	23.6	39.66	12.04	24.52	30.41	44.64	50.04	47.17	37.59	38.9	14.87	37.48	15.0	25.55	24.84	42.58	34.0	30.59	34.48	37.16	10.3	51.87	21.02	33.0	37.85	53.49	30.23	20.25	21.95	33.24	19.03	13.42	30.87	51.89	8.06	37.11	14.14	18.11	10.05	44.18	53.24	43.91	2.24	37.59	49.01	51.0	18.03	21.54	23.43	42.95	29.27	32.31	31.26	46.57	34.41	45.18	51.42	
10.0	38.47	16.03	5.83	6.08	14.04	36.88	23.09	31.26	31.02	13.34	19.24	44.2	26.02	23.43	29.15	11.4	8.25	46.32	31.83	36.01	41.44	27.17	20.81	7.28	17.09	16.97	34.93	41.23	0.0	31.91	21.4	15.03	25.02	21.02	32.98	33.42	43.19	22.8	16.28	12.81	4.24	3.61	12.17	39.92	23.02	15.13	18.25	22.02	16.28	35.13	30.08	9.0	24.19	7.81	48.01	33.96	16.76	28.44	18.44	9.22	5.39	28.02	33.06	16.28	40.31	33.12	19.0	9.85	42.05	23.41	8.06	29.21	41.4	11.05	20.25	16.76	24.02	12.37	13.04	21.02	33.02	20.62	25.5	42.52	30.68	10.82	45.79	25.08	38.21	24.41	45.22	20.88	12.73	6.0	39.81	26.25	20.25	10.63	28.02	30.0	23.09	8.06	36.4	29.12	13.89	28.86	21.63	5.39	30.46	
34.21	48.1	28.02	37.2	34.71	28.16	7.07	24.52	21.38	16.49	44.72	18.0	18.0	16.03	45.04	32.31	37.36	30.36	22.09	49.37	33.84	25.55	14.0	52.7	34.66	25.5	39.32	19.85	23.71	31.91	0.0	10.77	20.0	16.12	26.31	38.08	4.12	15.13	54.13	24.02	35.69	33.11	30.61	24.21	23.32	26.68	29.07	49.24	10.44	22.83	34.99	9.22	39.81	30.81	35.11	22.02	38.48	32.02	22.02	31.78	40.71	31.38	16.03	29.68	38.33	12.04	2.24	27.07	27.66	49.66	10.3	29.41	45.4	16.12	39.6	20.1	16.28	16.28	41.73	28.28	18.11	2.0	13.89	10.2	15.03	7.28	42.01	22.2	15.13	11.05	13.34	20.02	24.04	44.41	37.12	21.47	44.1	29.73	42.44	28.23	3.16	29.61	29.0	43.46	9.06	18.03	24.02	39.01	37.22	29.02	
23.54	40.82	18.25	26.91	24.84	18.03	15.56	20.62	22.02	18.44	34.0	8.94	24.17	15.0	35.06	25.61	26.68	19.65	27.2	40.26	29.21	26.17	14.14	42.2	25.0	19.03	29.02	19.24	25.02	21.4	10.77	0.0	12.17	14.42	17.89	31.4	12.04	22.47	43.38	14.32	25.18	22.36	20.52	15.81	24.08	18.87	19.1	38.48	1.0	16.03	29.73	13.0	29.07	22.83	24.35	28.23	32.02	22.2	21.1	25.18	30.02	20.62	16.28	25.0	28.02	19.42	12.37	18.03	18.79	43.01	7.07	18.68	36.4	21.54	30.0	11.66	8.06	13.89	32.02	18.0	10.0	11.66	8.54	6.0	21.95	12.37	31.83	26.93	13.6	17.49	7.62	25.63	19.24	34.06	26.42	23.0	34.71	24.0	32.02	21.93	8.6	21.47	19.72	36.62	12.08	7.81	22.83	29.43	26.63	27.31	
22.14	46.67	21.93	18.97	15.65	20.62	26.42	10.63	16.76	16.0	28.28	17.09	36.06	11.0	35.85	33.29	24.74	18.38	39.29	43.05	38.48	38.01	12.17	34.54	15.26	7.07	29.15	31.02	37.01	15.03	20.0	12.17	0.0	10.0	24.41	38.6	22.83	34.01	37.66	19.21	24.7	18.11	12.37	4.24	36.0	26.08	22.02	33.24	13.15	4.12	38.47	15.65	24.02	29.21	21.38	40.16	39.41	25.0	14.32	13.04	24.19	17.46	13.0	34.54	28.23	30.87	20.52	23.43	7.81	49.58	9.9	17.46	39.66	33.53	20.0	19.7	4.12	9.0	22.2	20.0	18.97	21.63	6.4	18.11	33.62	16.64	23.26	39.05	10.05	29.15	19.03	37.64	8.6	26.0	21.02	35.06	37.22	12.17	24.35	30.41	19.24	27.8	9.43	43.28	14.76	6.71	15.26	31.91	20.22	18.38	
31.78	54.2	30.02	28.64	25.0	29.07	23.19	8.54	7.81	6.0	38.21	22.63	34.06	1.0	45.22	39.6	34.53	27.89	38.0	51.89	43.6	39.56	2.83	43.97	24.35	11.4	38.6	32.89	38.08	25.02	16.12	14.42	10.0	0.0	31.24	45.28	20.02	31.26	47.52	26.63	34.21	28.07	22.2	13.34	37.36	32.56	30.41	43.19	15.26	9.85	44.05	8.06	34.01	36.24	31.26	38.12	45.97	33.54	6.71	17.03	34.13	27.29	3.0	39.41	37.64	28.16	15.52	30.81	16.76	56.73	7.62	26.93	48.3	32.0	28.64	25.46	9.85	1.0	30.87	28.64	24.08	18.11	6.4	19.7	31.14	9.85	32.57	38.01	1.0	27.02	21.95	36.01	8.6	35.44	31.02	35.9	46.1	14.42	33.96	36.12	17.03	34.83	18.68	50.33	7.62	14.32	8.54	40.72	30.15	13.34	
14.76	23.02	5.39	26.31	27.0	7.28	27.17	35.0	39.05	36.06	27.78	8.94	29.53	32.02	19.92	8.94	17.2	13.34	30.0	23.09	15.13	22.2	31.62	37.59	28.02	30.89	15.81	17.03	22.67	21.02	26.31	17.89	24.41	31.24	0.0	14.21	25.0	30.08	35.47	5.39	14.21	18.44	23.09	25.5	21.26	2.0	6.71	30.61	17.46	28.3	14.56	30.87	23.26	5.0	17.46	32.45	15.0	7.81	37.48	35.47	25.08	16.28	33.6	12.04	15.0	28.16	28.44	2.24	26.25	25.5	24.7	13.15	19.1	26.83	32.06	6.32	21.93	30.48	33.24	8.25	8.25	26.08	24.84	16.12	29.15	30.08	30.81	29.21	30.61	25.96	13.04	29.68	33.02	31.62	22.14	21.93	18.03	35.78	29.41	7.0	23.19	3.61	25.71	19.1	29.97	17.8	38.9	13.34	23.77	42.64	
24.08	10.2	17.46	37.34	39.05	19.31	36.88	49.2	53.08	49.82	35.36	22.67	35.13	46.01	19.72	5.83	25.02	24.74	33.73	16.64	8.06	23.09	45.45	44.91	40.26	44.94	20.4	22.0	24.74	32.98	38.08	31.4	38.6	45.28	14.21	0.0	35.74	37.0	40.5	19.42	22.0	29.43	35.74	39.45	23.54	12.73	18.03	36.4	30.81	42.44	5.83	44.1	32.02	9.43	27.07	36.67	1.0	16.28	51.62	49.19	34.01	27.66	47.51	10.05	20.22	36.12	40.31	15.26	39.81	11.66	38.42	25.0	13.45	33.02	43.57	19.85	36.12	44.55	44.28	20.25	21.4	37.34	38.9	28.18	36.0	43.05	41.05	32.76	44.6	34.23	25.06	34.37	47.2	41.01	32.06	25.32	15.0	49.74	39.0	9.85	34.93	10.82	39.0	5.39	43.27	32.02	53.08	14.56	34.13	56.85	
34.54	45.88	27.46	38.95	36.8	27.89	3.61	28.28	25.5	20.62	45.79	17.46	14.04	20.0	44.41	30.08	37.7	30.87	18.03	48.04	30.89	21.63	18.03	54.2	36.88	28.79	39.05	16.28	19.72	33.42	4.12	12.04	22.83	20.02	25.0	35.74	0.0	11.4	55.07	23.54	35.74	34.13	32.53	26.93	19.42	25.08	28.64	50.12	11.4	26.0	32.2	13.34	40.82	29.15	35.78	18.11	36.06	31.4	26.08	35.11	41.88	32.25	20.1	26.83	38.08	8.25	5.83	26.08	30.23	47.17	13.6	29.97	44.05	12.04	41.87	19.1	18.87	20.1	43.93	28.16	17.12	2.24	17.09	9.22	11.18	11.4	43.86	18.11	19.03	7.0	12.04	16.0	27.66	46.1	38.28	17.49	43.01	33.24	44.05	25.96	3.61	28.07	31.4	41.11	13.15	19.8	28.07	38.12	38.6	33.06	
42.44	47.04	34.0	48.92	47.2	34.99	8.06	39.62	36.06	31.06	54.67	25.0	3.61	31.14	49.98	32.14	45.49	39.2	8.06	51.79	30.27	16.55	29.07	63.66	47.43	40.16	45.62	15.0	14.32	43.19	15.13	22.47	34.01	31.26	30.08	37.0	11.4	0.0	63.6	30.53	43.05	43.19	42.8	38.01	14.87	29.41	35.36	58.6	21.63	37.34	32.14	24.0	49.68	32.98	44.2	7.07	37.01	37.58	37.01	46.49	50.99	41.11	31.02	27.02	44.72	3.16	16.0	31.78	41.18	47.38	25.0	38.42	47.85	4.12	52.43	25.55	29.97	31.4	54.41	35.51	23.85	13.15	28.46	17.69	1.0	22.0	53.91	8.6	30.27	5.0	19.21	5.83	39.05	55.9	47.42	12.65	47.54	44.64	53.76	28.28	14.87	32.28	42.19	42.05	24.02	30.23	39.01	43.32	48.08	44.01	
21.26	40.2	30.41	19.03	23.0	29.0	58.31	44.01	53.04	53.46	9.49	38.6	63.89	48.51	21.38	39.82	18.38	24.41	65.07	29.0	46.96	57.63	49.82	7.81	24.02	38.0	20.59	52.35	58.14	22.8	54.13	43.38	37.66	47.52	35.47	40.5	55.07	63.6	0.0	33.3	21.26	21.02	25.32	34.23	56.73	37.01	29.0	5.0	43.83	38.12	45.19	52.89	14.32	35.51	19.42	67.27	41.44	27.8	50.01	36.5	13.6	22.83	50.49	45.79	21.1	61.03	55.54	33.3	31.06	44.18	46.17	25.24	29.27	61.07	21.59	38.29	39.56	46.53	19.92	28.32	39.82	55.01	43.42	46.32	62.8	53.45	16.28	64.35	47.68	58.82	44.41	64.44	42.0	13.34	17.09	57.31	26.48	39.32	14.04	41.05	51.88	35.23	29.07	41.0	51.92	36.4	50.01	26.0	17.46	50.36	
12.04	27.66	4.0	21.84	22.09	4.47	26.25	29.83	34.41	31.76	24.84	6.08	30.61	27.46	21.02	14.32	15.0	9.43	31.83	25.96	20.4	25.5	27.29	34.41	23.02	25.55	15.52	19.42	25.55	16.28	24.02	14.32	19.21	26.63	5.39	19.42	23.54	30.53	33.3	0.0	12.53	14.32	18.0	20.12	24.19	7.28	5.1	28.32	14.14	23.02	19.92	27.2	20.0	10.0	14.21	33.97	20.25	8.0	32.65	30.08	21.63	12.08	29.15	17.03	14.56	28.18	26.0	4.24	20.88	30.41	20.62	8.94	22.14	27.8	27.29	5.0	17.03	25.81	28.64	5.0	6.71	24.19	20.25	14.32	29.68	26.68	26.57	31.14	26.08	25.94	11.7	31.14	27.8	27.73	18.36	24.41	20.4	30.41	25.5	12.17	21.1	8.6	20.4	24.08	26.25	12.73	33.97	15.13	19.7	37.54	
2.83	26.0	9.22	15.81	18.36	8.06	38.63	34.48	41.44	40.02	13.93	18.38	43.01	35.17	11.18	19.65	3.16	6.32	43.93	19.1	26.93	36.4	35.69	23.77	19.72	28.84	4.47	31.11	36.88	12.81	35.69	25.18	24.7	34.21	14.21	22.0	35.74	43.05	21.26	12.53	0.0	8.6	16.28	23.32	35.47	15.81	7.81	16.4	25.32	27.29	25.5	37.05	10.05	14.87	5.39	46.23	23.0	6.71	39.0	31.11	12.04	7.81	37.11	25.08	3.61	40.71	37.48	12.04	22.02	29.73	30.07	7.28	16.4	40.22	22.14	17.49	24.52	33.24	22.56	7.62	19.24	36.14	28.44	26.57	42.19	37.0	19.1	43.19	33.96	38.47	24.17	43.42	32.25	19.03	10.2	36.07	13.45	32.65	17.0	20.12	32.98	14.32	20.52	24.52	36.06	20.22	39.81	8.94	12.37	42.19	
5.83	34.44	13.15	8.0	9.85	11.18	37.44	26.93	34.71	34.06	11.66	18.44	43.86	29.07	19.21	26.0	7.21	5.1	45.61	27.59	33.06	39.81	30.0	20.52	11.18	21.02	12.73	33.62	39.82	4.24	33.11	22.36	18.11	28.07	18.44	29.43	34.13	43.19	21.02	14.32	8.6	0.0	7.81	15.81	38.47	20.4	12.04	16.16	22.83	19.92	32.0	32.39	6.71	21.0	3.61	47.51	30.41	13.15	32.02	22.67	7.81	2.24	31.06	30.41	12.04	40.46	34.54	16.28	13.89	38.08	25.5	5.39	25.0	41.04	14.14	18.87	19.1	27.07	15.0	10.2	20.0	34.0	23.09	25.61	42.45	32.76	12.37	45.0	28.02	38.29	24.04	44.69	24.7	13.42	4.24	38.59	22.02	24.41	11.18	25.32	30.89	20.02	12.21	32.57	31.4	15.52	32.57	17.49	5.39	34.44	
13.45	41.68	18.44	6.71	4.47	16.49	36.07	19.65	28.07	28.16	16.03	19.92	44.1	23.19	27.02	31.58	15.0	11.18	46.53	35.36	38.21	42.45	24.52	22.36	5.1	13.6	20.52	35.74	42.06	3.61	30.61	20.52	12.37	22.2	23.09	35.74	32.53	42.8	25.32	18.0	16.28	7.81	0.0	9.0	40.8	25.08	17.72	21.02	21.26	13.04	37.48	27.86	12.17	26.68	11.4	48.02	36.69	19.7	25.18	14.87	12.0	8.6	25.18	35.01	19.8	39.82	31.62	21.21	6.32	45.18	21.47	10.77	32.65	41.34	9.85	21.38	14.76	21.21	11.66	15.52	21.84	31.89	18.38	25.24	42.2	28.64	11.4	46.07	22.36	37.8	24.6	45.28	17.46	13.89	9.22	40.5	29.73	16.64	12.08	30.07	29.0	25.5	4.47	39.4	26.93	12.73	25.5	25.0	8.0	26.93	
20.59	46.86	22.2	15.3	11.7	20.62	30.53	11.18	19.1	19.24	25.02	19.24	39.92	14.32	34.48	34.44	22.85	17.2	43.01	42.2	40.16	41.05	15.81	30.68	11.18	5.66	27.78	34.06	40.2	12.17	24.21	15.81	4.24	13.34	25.5	39.45	26.93	38.01	34.23	20.12	23.32	15.81	9.0	0.0	39.12	27.31	22.02	30.02	16.76	4.12	39.92	19.72	21.1	30.02	19.31	44.01	40.31	24.76	16.28	10.2	21.0	15.65	16.28	36.4	26.93	34.89	24.76	24.19	3.61	50.0	14.14	16.4	39.05	37.34	15.81	21.59	8.06	12.37	18.03	19.85	21.21	25.81	10.63	21.59	37.58	20.81	19.31	42.72	13.6	33.11	22.09	41.44	8.94	22.14	18.11	38.33	36.4	10.3	20.62	31.95	23.32	28.65	5.39	43.83	18.87	9.0	16.76	31.24	17.0	18.87	
35.81	33.14	26.4	45.69	45.22	28.02	18.38	44.55	44.01	39.4	48.83	20.88	12.17	37.64	39.66	19.7	38.42	33.62	10.2	39.56	16.03	2.24	36.06	58.52	45.88	43.01	36.8	5.1	1.41	39.92	23.32	24.08	36.0	37.36	21.26	23.54	19.42	14.87	56.73	24.19	35.47	38.47	40.8	39.12	0.0	19.8	27.8	51.86	23.09	40.01	18.11	32.2	44.1	22.2	38.28	13.15	23.35	29.0	43.97	49.01	45.79	36.24	38.28	13.6	36.07	15.26	25.24	23.43	41.44	33.02	29.83	33.12	35.85	10.77	50.6	19.7	32.02	37.11	52.2	28.84	18.97	21.63	32.39	18.11	13.93	30.41	50.57	9.22	36.4	14.21	17.03	11.0	43.29	51.88	42.54	2.24	36.24	48.04	49.65	16.64	21.02	22.02	41.77	28.16	31.78	30.15	45.88	33.02	43.83	50.7	
16.55	21.95	7.28	28.28	29.0	9.22	27.02	36.62	40.36	37.2	29.53	10.0	28.64	33.3	20.62	7.21	18.87	15.3	28.84	23.0	13.15	20.62	32.8	39.36	30.02	32.65	17.03	15.81	21.21	23.02	26.68	18.87	26.08	32.56	2.0	12.73	25.08	29.41	37.01	7.28	15.81	20.4	25.08	27.31	19.8	0.0	8.54	32.2	18.36	30.02	12.65	31.76	25.08	4.12	19.31	31.38	13.45	9.22	38.9	37.34	26.93	18.25	34.83	10.05	16.28	27.66	28.86	4.12	28.16	24.21	25.81	15.13	19.0	26.0	34.06	7.21	23.43	31.83	35.23	10.2	8.94	26.31	26.17	16.49	28.46	30.87	32.76	28.02	31.89	25.5	13.34	28.65	34.67	33.53	24.04	20.62	18.25	37.58	31.32	5.0	23.54	3.0	27.66	17.8	30.89	19.42	40.36	13.93	25.71	44.2	
8.06	24.84	1.41	20.02	21.21	1.41	31.32	32.56	38.08	35.85	21.1	11.18	35.23	31.3	16.0	14.04	10.63	7.0	36.12	21.54	21.02	28.84	31.38	30.89	22.36	27.66	10.44	23.35	29.21	15.13	29.07	19.1	22.02	30.41	6.71	18.03	28.64	35.36	29.0	5.1	7.81	12.04	17.72	22.02	27.8	8.54	0.0	24.08	19.03	25.46	20.02	31.78	16.55	9.06	10.77	38.42	18.97	3.16	36.06	31.38	18.38	10.0	33.11	18.44	9.49	33.11	31.02	4.47	21.95	28.02	25.0	7.07	17.89	32.45	26.02	9.85	20.59	29.53	27.02	2.24	11.7	29.27	24.17	19.42	34.48	31.4	24.33	35.38	29.97	30.87	16.76	35.61	30.41	25.0	15.52	28.32	15.81	32.2	22.8	13.34	26.17	8.0	21.02	21.95	30.81	16.12	37.2	10.44	17.26	40.36	
16.28	37.0	25.5	15.13	19.24	24.04	53.34	40.2	49.01	49.16	5.0	33.6	58.9	44.18	18.0	35.34	13.45	19.42	60.11	26.31	42.54	52.8	45.4	9.06	20.4	34.13	16.16	47.42	53.26	18.25	49.24	38.48	33.24	43.19	30.61	36.4	50.12	58.6	5.0	28.32	16.4	16.16	21.02	30.02	51.86	32.2	24.08	0.0	38.91	34.0	40.85	48.27	9.49	30.89	14.42	62.29	37.36	23.02	46.04	33.24	9.06	17.89	46.17	41.18	16.55	56.04	50.7	28.43	27.02	41.0	41.48	20.25	26.0	56.08	18.79	33.3	34.93	42.19	17.49	23.35	34.83	50.09	38.83	41.34	57.8	48.76	13.42	59.4	43.29	53.82	39.41	59.46	38.12	10.82	12.37	52.4	23.02	35.9	10.77	36.36	46.96	30.53	25.02	37.34	47.3	31.62	46.17	21.84	13.04	46.87	
23.77	40.31	18.11	27.59	25.61	18.0	14.87	21.59	22.8	19.1	34.48	8.54	23.26	15.81	35.01	25.0	26.93	19.92	26.25	40.02	28.43	25.18	14.87	42.8	25.81	20.02	29.07	18.25	24.02	22.02	10.44	1.0	13.15	15.26	17.46	30.81	11.4	21.63	43.83	14.14	25.32	22.83	21.26	16.76	23.09	18.36	19.03	38.91	0.0	17.03	29.0	13.42	29.53	22.36	24.7	27.31	31.4	22.09	21.95	26.17	30.53	21.02	17.03	24.21	28.07	18.6	12.17	17.72	19.7	42.44	7.81	18.97	36.14	20.62	30.81	11.18	9.06	14.76	32.8	18.03	9.43	11.18	9.49	5.0	21.1	12.65	32.53	25.96	14.42	16.64	6.71	24.7	20.22	34.71	26.93	22.0	34.53	25.0	32.65	21.26	8.06	21.02	20.59	36.06	12.53	8.6	23.71	29.27	27.2	28.23	
24.6	50.25	25.5	19.1	15.3	24.04	29.55	7.21	15.03	15.52	29.0	21.19	39.56	10.77	38.47	37.22	26.93	21.1	42.95	46.04	42.54	42.05	12.53	34.21	14.56	3.0	31.76	35.06	41.0	16.28	22.83	16.03	4.12	9.85	28.3	42.44	26.0	37.34	38.12	23.02	27.29	19.92	13.04	4.12	40.01	30.02	25.46	34.0	17.03	0.0	42.49	17.03	25.18	33.02	23.41	43.68	43.27	28.32	12.17	9.22	25.02	19.7	12.65	38.63	30.89	34.18	23.02	27.2	7.07	53.26	12.53	20.25	42.8	37.11	18.79	23.77	8.0	8.94	21.02	23.35	23.09	24.6	8.94	22.02	37.0	18.38	22.8	42.76	10.3	32.57	23.09	41.23	5.0	25.71	22.2	39.01	40.22	8.06	24.33	34.44	22.47	31.62	9.06	47.01	16.28	10.77	12.65	35.0	21.02	15.0	
27.17	15.03	19.1	40.0	41.19	21.1	32.89	48.88	51.74	48.08	39.29	21.63	30.0	44.69	25.0	6.0	28.64	27.02	28.28	22.47	2.24	17.46	43.86	49.04	42.3	45.19	24.7	17.26	19.24	35.13	34.99	29.73	38.47	44.05	14.56	5.83	32.2	32.14	45.19	19.92	25.5	32.0	37.48	39.92	18.11	12.65	20.02	40.85	29.0	42.49	0.0	41.87	35.51	11.0	30.15	31.26	5.39	19.1	50.61	49.98	37.48	30.02	46.01	5.39	24.35	31.58	37.22	16.28	40.8	15.3	36.8	27.07	19.21	28.07	46.04	18.87	35.51	43.42	47.0	22.09	20.0	34.0	37.8	25.61	31.14	40.61	44.1	27.29	43.28	29.83	22.67	29.07	47.01	44.41	35.13	20.02	20.52	50.16	42.3	8.06	31.91	12.04	40.26	10.05	41.11	31.76	52.2	19.24	37.05	56.3	
35.0	53.71	31.05	34.54	31.3	30.59	16.03	16.55	12.17	7.28	43.42	21.93	27.07	7.62	47.52	38.28	38.01	31.0	31.26	53.16	41.04	34.44	5.39	50.16	30.89	19.1	41.19	28.3	32.7	30.08	9.22	13.0	15.65	8.06	30.87	44.1	13.34	24.0	52.89	27.2	37.05	32.39	27.86	19.72	32.2	31.76	31.78	48.27	13.42	17.03	41.87	0.0	38.83	35.78	35.13	31.02	44.65	34.93	13.04	25.0	39.29	31.14	7.07	36.8	40.2	21.02	8.0	31.02	23.32	55.76	7.0	30.0	49.34	25.32	35.51	24.6	13.34	8.6	37.74	30.41	22.83	11.18	9.49	16.28	24.02	2.0	38.91	31.4	7.21	20.22	19.21	29.15	16.64	41.63	35.9	30.46	47.54	22.47	39.92	34.41	11.18	34.44	25.06	49.4	1.0	17.03	15.03	42.2	35.44	20.02	
8.54	35.17	17.89	7.81	11.66	16.12	44.1	31.78	40.2	40.01	5.0	24.76	50.21	35.01	17.49	29.61	7.0	10.63	51.74	26.42	36.88	45.28	36.12	14.42	13.04	25.71	12.37	39.41	45.49	9.0	39.81	29.07	24.02	34.01	23.26	32.02	40.82	49.68	14.32	20.0	10.05	6.71	12.17	21.1	44.1	25.08	16.55	9.49	29.53	25.18	35.51	38.83	0.0	24.74	5.83	53.76	33.02	16.49	37.34	25.94	2.0	8.6	37.01	34.79	12.17	47.01	41.23	21.02	18.44	39.05	32.02	11.31	24.7	47.38	13.6	24.84	25.5	33.02	13.42	15.26	26.17	40.71	29.43	32.2	48.92	39.29	9.49	51.09	34.06	44.82	30.48	50.93	29.61	9.0	3.0	44.41	21.54	28.23	7.07	29.73	37.59	24.04	16.49	34.23	37.85	22.14	37.66	18.25	4.47	38.9	
16.28	18.03	8.25	29.0	30.27	10.2	31.0	39.82	44.05	41.05	28.79	13.89	31.95	37.01	17.49	5.0	18.03	16.03	31.76	19.03	12.17	22.67	36.62	38.63	31.4	35.51	15.0	18.79	23.6	24.19	30.81	22.83	29.21	36.24	5.0	9.43	29.15	32.98	35.51	10.0	14.87	21.0	26.68	30.02	22.2	4.12	9.06	30.89	22.36	33.02	11.0	35.78	24.74	0.0	19.24	34.44	10.3	8.25	42.45	39.81	26.68	19.03	38.6	10.3	14.42	31.4	32.98	5.83	30.46	20.52	29.68	16.12	15.03	29.41	35.06	11.18	26.87	35.47	36.0	11.18	13.0	30.41	29.83	20.62	32.02	34.93	33.14	30.89	35.61	29.27	17.46	31.78	37.8	33.54	24.19	23.32	14.56	40.31	31.4	5.66	27.66	1.41	29.73	14.14	34.89	22.67	43.84	10.82	26.08	47.51	
3.0	31.38	12.08	10.44	13.04	10.3	38.95	30.46	38.08	37.22	10.63	19.21	44.6	32.25	15.62	24.19	3.61	5.0	46.01	24.08	31.4	39.45	33.06	20.25	14.42	24.6	9.22	33.6	39.66	7.81	35.11	24.35	21.38	31.26	17.46	27.07	35.78	44.2	19.42	14.21	5.39	3.61	11.4	19.31	38.28	19.31	10.77	14.42	24.7	23.41	30.15	35.13	5.83	19.24	0.0	48.08	28.07	11.05	35.44	26.25	7.62	4.0	34.23	29.12	8.6	41.62	36.69	15.23	17.49	35.11	28.16	5.83	21.63	41.77	16.76	19.1	22.0	30.27	17.26	9.43	20.52	35.85	26.0	26.93	43.42	35.36	14.0	45.34	31.14	39.41	25.0	45.25	28.23	14.32	5.0	38.6	18.6	28.02	12.17	24.04	32.7	18.44	15.81	29.83	34.13	18.11	36.06	14.32	7.07	38.01	
46.01	46.27	37.01	53.82	52.48	38.29	15.0	46.39	43.1	38.12	58.69	29.07	4.12	38.05	51.88	32.57	48.92	43.14	3.0	52.5	29.15	14.0	36.01	68.01	52.84	46.57	48.26	15.65	12.04	48.01	22.02	28.23	40.16	38.12	32.45	36.67	18.11	7.07	67.27	33.97	46.23	47.51	48.02	44.01	13.15	31.38	38.42	62.29	27.31	43.68	31.26	31.02	53.76	34.44	48.08	0.0	36.5	40.22	44.0	52.89	55.23	45.34	38.0	26.68	47.43	10.0	23.02	34.41	47.01	46.01	31.58	42.45	48.7	6.71	57.8	29.0	36.06	38.21	59.68	38.95	27.59	20.02	34.93	22.83	7.0	29.02	58.82	4.0	37.12	11.18	23.6	2.83	45.71	60.61	51.74	11.4	48.85	51.2	58.41	29.15	21.38	34.0	47.85	41.3	31.0	35.78	46.0	45.18	52.63	51.0	
25.08	10.05	18.38	38.33	40.02	20.25	37.11	50.0	53.76	50.45	36.35	23.35	35.06	46.69	20.59	6.4	26.02	25.71	33.54	17.2	7.62	22.8	46.1	45.89	41.23	45.79	21.38	22.02	24.52	33.96	38.48	32.02	39.41	45.97	15.0	1.0	36.06	37.01	41.44	20.25	23.0	30.41	36.69	40.31	23.35	13.45	18.97	37.36	31.4	43.27	5.39	44.65	33.02	10.3	28.07	36.5	0.0	17.26	52.35	50.09	35.01	28.64	48.17	10.0	21.21	36.22	40.72	16.12	40.72	11.18	39.05	25.96	14.14	33.0	44.55	20.52	36.88	45.25	45.28	21.19	22.02	37.7	39.6	28.65	36.01	43.57	42.05	32.56	45.28	34.37	25.55	34.23	48.01	42.01	33.06	25.18	15.81	50.61	40.0	10.3	35.34	11.66	39.92	5.1	43.83	32.8	53.81	15.52	35.13	57.63	
8.06	22.2	4.0	21.1	22.8	4.47	33.96	35.47	41.18	39.0	20.62	14.04	37.22	34.44	13.04	13.15	9.85	8.54	37.8	18.38	20.4	29.83	34.54	30.46	24.04	30.41	8.06	24.84	30.41	16.76	32.02	22.2	25.0	33.54	7.81	16.28	31.4	37.58	27.8	8.0	6.71	13.15	19.7	24.76	29.0	9.22	3.16	23.02	22.09	28.32	19.1	34.93	16.49	8.25	11.05	40.22	17.26	0.0	39.12	33.84	18.44	11.4	36.25	18.38	7.21	35.47	34.0	5.83	24.41	25.55	28.16	8.94	14.76	34.48	27.29	12.37	23.71	32.65	28.07	5.0	14.32	32.14	27.31	22.2	36.67	34.53	25.02	37.01	33.11	33.24	19.42	37.44	33.3	25.32	16.03	29.73	12.65	34.83	23.19	13.42	29.07	7.62	23.32	19.7	33.96	19.24	40.22	7.28	18.0	43.28	
36.4	60.31	35.81	31.0	27.02	34.67	29.0	6.32	3.16	6.71	41.05	29.07	40.01	6.32	50.16	46.01	38.9	32.7	44.1	57.31	50.22	46.17	8.06	45.54	26.08	12.04	43.46	39.56	44.64	28.44	22.02	21.1	14.32	6.71	37.48	51.62	26.08	37.01	50.01	32.65	39.0	32.02	25.18	16.28	43.97	38.9	36.06	46.04	21.95	12.17	50.61	13.04	37.34	42.45	35.44	44.0	52.35	39.12	0.0	15.65	37.12	31.62	6.0	46.04	42.54	34.0	21.02	36.88	19.03	62.97	14.32	31.78	53.85	38.12	29.61	31.89	15.62	7.21	31.78	34.13	30.61	24.02	12.81	26.4	37.0	15.03	34.23	44.18	7.62	33.06	28.65	42.05	8.06	37.22	34.37	42.45	51.48	12.53	36.06	42.64	23.35	41.04	21.02	56.59	13.0	20.0	2.0	46.14	33.14	7.0	
28.28	56.04	31.76	18.38	14.32	30.02	38.63	9.43	18.79	21.4	28.46	29.43	48.76	17.69	41.87	44.38	29.83	25.61	52.17	50.21	50.29	51.0	19.85	31.0	13.0	6.32	35.38	44.0	50.04	18.44	31.78	25.18	13.04	17.03	35.47	49.19	35.11	46.49	36.5	30.08	31.11	22.67	14.87	10.2	49.01	37.34	31.38	33.24	26.17	9.22	49.98	25.0	25.94	39.81	26.25	52.89	50.09	33.84	15.65	0.0	25.08	23.35	19.1	46.57	34.66	43.32	31.76	34.01	9.43	59.36	21.54	25.0	47.42	46.32	15.03	31.78	17.12	16.4	17.0	29.15	31.4	33.62	18.03	31.14	46.17	26.63	20.22	51.97	17.8	41.76	32.0	50.45	8.49	23.19	23.32	48.09	44.55	3.16	22.56	42.06	31.62	38.48	10.63	53.34	24.41	19.1	14.87	39.7	21.47	14.0	
10.44	37.11	19.7	6.71	10.77	17.89	45.22	31.4	40.05	40.11	4.12	26.17	51.62	35.13	19.24	31.58	9.0	12.21	53.26	28.18	38.83	47.01	36.35	12.81	12.08	25.32	14.32	41.05	47.17	9.22	40.71	30.02	24.19	34.13	25.08	34.01	41.88	50.99	13.6	21.63	12.04	7.81	12.0	21.0	45.79	26.93	18.38	9.06	30.53	25.02	37.48	39.29	2.0	26.68	7.62	55.23	35.01	18.44	37.12	25.08	0.0	9.9	37.12	36.69	14.14	48.27	42.05	22.85	18.11	41.0	32.57	12.81	26.57	48.8	12.04	26.4	25.96	33.14	11.66	17.0	27.66	41.68	29.83	33.42	50.25	39.85	7.62	52.63	34.23	46.1	31.83	52.4	29.27	7.0	3.61	46.04	23.41	27.51	5.1	31.62	38.59	25.96	16.12	36.22	38.33	22.85	37.34	20.22	4.0	38.33	
5.0	33.12	11.05	10.05	11.4	9.06	35.51	26.83	34.21	33.24	13.6	16.28	41.73	28.28	18.87	24.02	7.28	3.0	43.42	26.91	31.02	37.58	29.07	22.67	12.65	21.1	12.21	31.38	37.59	5.39	31.38	20.62	17.46	27.29	16.28	27.66	32.25	41.11	22.83	12.08	7.81	2.24	8.6	15.65	36.24	18.25	10.0	17.89	21.02	19.7	30.02	31.14	8.6	19.03	4.0	45.34	28.64	11.4	31.62	23.35	9.9	0.0	30.27	28.28	11.4	38.42	32.89	14.14	14.21	36.67	24.19	3.16	24.08	38.9	16.03	16.64	18.0	26.31	17.03	8.06	17.8	32.2	22.0	23.6	40.36	31.4	14.56	42.8	27.17	36.24	21.93	42.52	24.6	15.65	6.4	36.36	21.21	24.84	13.42	23.19	29.07	18.0	12.73	31.02	30.15	14.14	32.31	16.4	7.62	34.48	
34.71	56.61	32.65	31.58	27.89	31.78	23.0	10.0	5.83	3.0	41.19	24.84	34.01	2.0	48.08	41.77	37.48	30.81	38.12	54.63	45.45	40.5	2.24	46.84	27.2	13.89	41.48	34.01	38.9	28.02	16.03	16.28	13.0	3.0	33.6	47.51	20.1	31.02	50.49	29.15	37.11	31.06	25.18	16.28	38.28	34.83	33.11	46.17	17.03	12.65	46.01	7.07	37.01	38.6	34.23	38.0	48.17	36.25	6.0	19.1	37.12	30.27	0.0	41.23	40.52	28.0	15.03	33.29	19.65	59.03	9.22	29.83	50.99	32.14	31.38	27.66	12.65	4.0	33.62	31.38	26.17	18.03	8.94	21.1	31.0	9.06	35.44	38.21	3.16	27.07	23.6	36.06	10.63	38.33	34.01	36.69	48.85	16.28	36.88	38.18	17.46	37.2	21.59	52.63	7.0	17.09	8.0	43.46	33.14	13.0	
26.25	20.02	17.26	38.33	39.01	19.24	27.51	44.72	47.01	43.19	39.0	17.46	25.08	40.0	26.91	6.4	28.23	25.32	23.77	26.0	4.24	13.42	39.05	48.85	40.0	41.44	25.24	12.04	14.87	33.06	29.68	25.0	34.54	39.41	12.04	10.05	26.83	27.02	45.79	17.03	25.08	30.41	35.01	36.4	13.6	10.05	18.44	41.18	24.21	38.63	5.39	36.8	34.79	10.3	29.12	26.68	10.0	18.38	46.04	46.57	36.69	28.28	41.23	0.0	24.7	26.31	31.91	14.14	37.66	20.62	32.02	25.18	22.36	23.0	44.1	14.87	31.3	38.83	45.28	20.22	15.65	28.65	33.29	20.52	26.02	35.47	42.76	22.8	38.6	24.52	17.69	24.33	42.95	43.42	33.96	15.3	23.02	46.49	41.23	5.1	26.63	10.77	37.34	15.03	36.07	27.86	47.71	20.52	35.69	51.97	
6.4	23.09	10.77	18.79	21.63	10.2	40.8	38.08	44.94	43.42	15.13	20.62	44.42	38.6	7.62	18.79	5.39	9.85	45.0	15.56	26.0	36.8	39.05	24.74	23.02	32.45	1.0	32.02	37.48	16.28	38.33	28.02	28.23	37.64	15.0	20.22	38.08	44.72	21.1	14.56	3.61	12.04	19.8	26.93	36.07	16.28	9.49	16.55	28.07	30.89	24.35	40.2	12.17	14.42	8.6	47.43	21.21	7.21	42.54	34.66	14.14	11.4	40.52	24.7	0.0	42.54	40.2	13.04	25.61	26.93	33.24	10.77	13.04	41.68	25.08	19.31	27.89	36.69	25.3	10.05	21.19	38.64	31.78	28.86	43.83	40.05	21.59	44.2	37.36	40.31	26.25	44.65	35.85	21.1	13.0	36.88	10.0	36.24	19.24	20.0	35.51	14.21	24.08	22.09	39.2	23.54	43.38	6.08	15.23	45.79	
39.96	46.27	31.78	46.01	44.2	32.65	5.0	36.5	33.14	28.16	52.01	22.47	6.08	28.07	48.08	31.0	43.05	36.62	10.44	50.36	29.83	17.2	26.02	60.88	44.41	37.0	43.46	14.32	15.0	40.31	12.04	19.42	30.87	28.16	28.16	36.12	8.25	3.16	61.03	28.18	40.71	40.46	39.82	34.89	15.26	27.66	33.11	56.04	18.6	34.18	31.58	21.02	47.01	31.4	41.62	10.0	36.22	35.47	34.0	43.32	48.27	38.42	28.0	26.31	42.54	0.0	13.04	29.73	38.08	46.87	21.84	35.81	46.39	5.0	49.41	23.26	26.83	28.28	51.4	33.12	21.47	10.05	25.3	14.87	3.0	19.03	50.99	10.77	27.17	2.24	16.64	8.25	35.9	53.04	44.69	13.04	45.89	41.48	50.91	27.02	11.7	30.59	39.12	41.3	21.0	27.2	36.0	41.48	45.28	41.0	
35.9	50.33	30.0	38.28	35.61	30.07	8.06	24.04	20.1	15.13	46.1	20.02	19.1	15.3	47.01	34.54	39.05	32.02	23.35	51.48	36.06	27.46	13.15	53.85	35.47	25.55	41.19	21.93	25.55	33.12	2.24	12.37	20.52	15.52	28.44	40.31	5.83	16.0	55.54	26.0	37.48	34.54	31.62	24.76	25.24	28.86	31.02	50.7	12.17	23.02	37.22	8.0	41.23	32.98	36.69	23.02	40.72	34.0	21.02	31.76	42.05	32.89	15.03	31.91	40.2	13.04	0.0	29.15	28.28	51.89	10.63	31.05	47.52	17.46	40.36	22.2	17.03	15.81	42.52	30.15	20.22	3.61	14.21	12.37	16.03	6.0	43.01	23.54	14.56	12.37	15.52	21.21	23.77	45.49	38.48	23.32	46.17	29.55	43.57	30.46	5.39	31.78	29.73	45.69	8.06	19.24	23.02	41.05	38.47	28.02	
12.53	23.43	3.16	24.19	25.02	5.1	28.44	34.06	38.6	35.85	25.55	9.22	31.38	31.62	18.44	10.44	15.0	11.18	32.02	22.36	17.03	24.41	31.38	35.36	26.08	29.68	13.89	19.1	24.84	19.0	27.07	18.03	23.43	30.81	2.24	15.26	26.08	31.78	33.3	4.24	12.04	16.28	21.21	24.19	23.43	4.12	4.47	28.43	17.72	27.2	16.28	31.02	21.02	5.83	15.23	34.41	16.12	5.83	36.88	34.01	22.85	14.14	33.29	14.14	13.04	29.73	29.15	0.0	24.7	26.17	24.6	11.05	18.44	28.65	30.02	7.0	21.26	30.0	31.14	6.08	9.0	27.0	24.41	17.0	30.87	30.36	28.64	31.24	30.23	27.51	14.04	31.62	32.02	29.41	19.92	24.04	17.03	34.48	27.2	9.06	24.02	4.47	24.04	19.85	30.08	16.97	38.21	12.04	21.59	41.77	
19.21	46.62	22.36	12.04	8.25	20.59	33.84	13.34	22.0	22.56	22.02	21.0	42.95	17.72	33.02	35.11	21.1	16.28	45.88	41.11	41.23	43.29	19.31	27.2	7.62	7.28	26.4	36.35	42.58	9.85	27.66	18.79	7.81	16.76	26.25	39.81	30.23	41.18	31.06	20.88	22.02	13.89	6.32	3.61	41.44	28.16	21.95	27.02	19.7	7.07	40.8	23.32	18.44	30.46	17.49	47.01	40.72	24.41	19.03	9.43	18.11	14.21	19.65	37.66	25.61	38.08	28.28	24.7	0.0	49.93	17.69	15.62	38.18	40.31	12.21	23.09	11.4	15.81	14.42	19.72	23.0	29.21	14.21	24.35	40.71	24.41	15.81	45.54	17.09	36.24	24.52	44.38	11.18	18.68	15.52	40.79	35.38	10.63	17.26	32.98	26.63	29.15	2.0	43.91	22.47	11.4	19.24	30.41	14.14	20.62	
32.31	4.0	27.8	45.54	47.93	29.41	48.08	60.21	64.54	61.4	41.3	34.21	45.1	57.49	23.0	17.49	32.28	34.0	43.01	15.52	17.12	32.02	57.01	50.01	49.24	55.61	26.68	32.56	34.0	42.05	49.66	43.01	49.58	56.73	25.5	11.66	47.17	47.38	44.18	30.41	29.73	38.08	45.18	50.0	33.02	24.21	28.02	41.0	42.44	53.26	15.3	55.76	39.05	20.52	35.11	46.01	11.18	25.55	62.97	59.36	41.0	36.67	59.03	20.62	26.93	46.87	51.89	26.17	49.93	0.0	50.0	34.48	15.0	43.29	51.87	31.4	47.38	55.97	52.2	30.23	33.02	48.85	50.33	39.82	46.39	54.71	48.51	42.01	56.08	45.12	36.72	44.01	58.14	47.85	39.85	35.06	18.03	60.22	46.1	21.47	46.52	21.93	48.88	6.4	54.92	43.14	64.35	20.88	42.06	67.94	
28.0	47.71	24.35	28.18	25.24	23.77	17.09	15.0	15.0	11.4	36.69	15.81	27.46	8.06	40.61	32.65	31.02	24.0	31.14	46.49	36.24	32.02	7.07	43.83	25.0	15.23	34.23	25.3	30.59	23.41	10.3	7.07	9.9	7.62	24.7	38.42	13.6	25.0	46.17	20.62	30.07	25.5	21.47	14.14	29.83	25.81	25.0	41.48	7.81	12.53	36.8	7.0	32.02	29.68	28.16	31.58	39.05	28.16	14.32	21.54	32.57	24.19	9.22	32.02	33.24	21.84	10.63	24.6	17.69	50.0	0.0	23.0	42.72	25.18	29.83	18.6	6.71	7.28	32.02	23.54	17.03	12.08	3.61	12.08	24.74	7.28	32.76	31.06	6.71	20.4	14.42	29.27	14.14	35.36	29.12	28.44	40.8	19.65	33.54	29.0	10.2	28.3	19.21	43.6	6.0	10.05	16.16	35.44	28.79	20.88	
5.0	31.06	8.0	13.15	14.14	6.0	33.12	27.46	34.18	32.76	16.28	13.45	38.9	27.89	18.38	21.1	8.06	1.0	40.46	25.81	28.0	34.44	28.44	25.61	15.3	22.02	11.7	28.3	34.48	8.06	29.41	18.68	17.46	26.93	13.15	25.0	29.97	38.42	25.24	8.94	7.28	5.39	10.77	16.4	33.12	15.13	7.07	20.25	18.97	20.25	27.07	30.0	11.31	16.12	5.83	42.45	25.96	8.94	31.78	25.0	12.81	3.16	29.83	25.18	10.77	35.81	31.05	11.05	15.62	34.48	23.0	0.0	22.67	36.07	19.0	13.6	17.26	25.96	20.1	5.0	14.87	30.08	21.21	21.1	37.64	30.07	17.72	39.82	26.68	33.6	19.21	39.62	25.24	18.79	9.43	33.29	20.0	26.17	16.55	20.1	26.93	15.03	14.42	28.64	29.0	13.04	32.65	14.87	10.77	35.23	
19.21	11.0	18.38	31.76	34.67	19.24	46.01	50.0	55.95	53.71	26.48	27.66	46.57	49.19	8.0	16.16	18.36	21.93	45.88	4.0	21.4	35.78	49.24	35.01	36.06	44.69	12.53	33.24	37.16	29.21	45.4	36.4	39.66	48.3	19.1	13.45	44.05	47.85	29.27	22.14	16.4	25.0	32.65	39.05	35.85	19.0	17.89	26.0	36.14	42.8	19.21	49.34	24.7	15.03	21.63	48.7	14.14	14.76	53.85	47.42	26.57	24.08	50.99	22.36	13.04	46.39	47.52	18.44	38.18	15.0	42.72	22.67	0.0	44.15	38.01	25.32	38.47	47.41	38.08	19.72	27.29	45.18	42.05	35.23	46.87	48.76	34.18	44.94	47.85	44.28	32.14	46.17	47.8	33.24	25.94	37.34	3.16	48.8	31.62	19.65	42.3	16.0	36.8	12.08	48.38	34.0	54.92	7.81	28.18	57.8	
39.82	43.01	31.06	47.2	45.79	32.2	9.49	40.11	37.48	32.56	52.35	22.63	2.83	32.02	46.62	28.28	42.8	36.8	6.0	48.05	26.17	12.53	30.07	61.55	46.14	40.02	42.54	11.05	10.3	41.4	16.12	21.54	33.53	32.0	26.83	33.02	12.04	4.12	61.07	27.8	40.22	41.04	41.34	37.34	10.77	26.0	32.45	56.08	20.62	37.11	28.07	25.32	47.38	29.41	41.77	6.71	33.0	34.48	38.12	46.32	48.8	38.9	32.14	23.0	41.68	5.0	17.46	28.65	40.31	43.29	25.18	36.07	44.15	0.0	51.11	22.8	29.41	32.02	53.0	32.8	21.26	14.14	28.44	16.12	3.16	23.35	52.2	6.08	31.0	5.1	17.03	4.12	39.32	54.04	45.28	8.54	43.97	44.72	51.86	24.52	15.03	28.79	41.15	38.01	25.18	29.07	40.11	39.92	46.1	45.1	
19.65	48.1	27.0	6.32	5.39	25.0	45.45	23.35	32.76	34.18	14.42	29.73	53.85	29.55	31.06	40.05	19.7	19.03	56.36	39.96	47.0	52.2	31.3	16.03	5.0	17.72	25.5	45.54	51.87	11.05	39.6	30.0	20.0	28.64	32.06	43.57	41.87	52.43	21.59	27.29	22.14	14.14	9.85	15.81	50.6	34.06	26.02	18.79	30.81	18.79	46.04	35.51	13.6	35.06	16.76	57.8	44.55	27.29	29.61	15.03	12.04	16.03	31.38	44.1	25.08	49.41	40.36	30.02	12.21	51.87	29.83	19.0	38.01	51.11	0.0	31.05	23.35	27.73	2.24	24.0	31.62	41.04	26.4	34.99	51.87	36.62	5.39	55.9	29.07	47.43	34.44	55.07	21.59	8.25	12.08	50.33	34.89	18.0	8.06	39.05	38.29	34.01	10.63	46.57	34.67	22.2	29.27	31.02	9.85	29.02	
17.03	29.15	8.54	26.0	25.71	9.43	21.59	30.02	33.24	30.0	29.73	2.83	25.61	26.17	25.32	14.14	20.0	14.21	26.91	29.27	18.79	21.19	25.61	39.2	26.48	26.57	20.25	14.76	21.02	20.25	20.1	11.66	19.7	25.46	6.32	19.85	19.1	25.55	38.29	5.0	17.49	18.87	21.38	21.59	19.7	7.21	9.85	33.3	11.18	23.77	18.87	24.6	24.84	11.18	19.1	29.0	20.52	12.37	31.89	31.78	26.4	16.64	27.66	14.87	19.31	23.26	22.2	7.0	23.09	31.4	18.6	13.6	25.32	22.8	31.05	0.0	16.64	24.76	32.57	10.0	2.0	20.0	19.1	10.0	24.7	23.77	30.87	26.25	24.76	21.02	7.07	26.17	28.18	32.25	23.02	19.72	24.02	31.62	30.02	10.82	17.03	9.85	23.0	25.0	23.71	13.0	33.42	19.03	24.19	37.44	
22.2	44.69	20.25	21.47	18.6	19.24	22.47	13.42	17.49	15.52	30.08	13.89	31.95	10.77	35.44	30.61	25.08	18.25	35.17	42.05	35.36	34.06	11.18	37.12	18.44	11.0	28.86	27.07	33.0	16.76	16.28	8.06	4.12	9.85	21.93	36.12	18.87	29.97	39.56	17.03	24.52	19.1	14.76	8.06	32.02	23.43	20.59	34.93	9.06	8.0	35.51	13.34	25.5	26.87	22.0	36.06	36.88	23.71	15.62	17.12	25.96	18.0	12.65	31.3	27.89	26.83	17.03	21.26	11.4	47.38	6.71	17.26	38.47	29.41	23.35	16.64	0.0	8.94	25.5	18.79	15.65	17.8	4.0	14.04	29.55	13.93	26.08	34.93	9.49	25.08	15.13	33.53	11.7	28.65	22.56	31.02	36.25	16.03	26.83	27.46	15.26	25.46	12.73	41.01	12.37	4.47	16.97	30.87	22.14	20.81	
30.81	53.41	29.15	27.66	24.04	28.18	23.35	8.25	8.6	7.0	37.22	21.93	34.13	2.0	44.27	38.9	33.54	26.93	38.01	50.99	43.01	39.29	3.61	43.01	23.41	10.63	37.64	32.57	37.85	24.02	16.28	13.89	9.0	1.0	30.48	44.55	20.1	31.4	46.53	25.81	33.24	27.07	21.21	12.37	37.11	31.83	29.53	42.19	14.76	8.94	43.42	8.6	33.02	35.47	30.27	38.21	45.25	32.65	7.21	16.4	33.14	26.31	4.0	38.83	36.69	28.28	15.81	30.0	15.81	55.97	7.28	25.96	47.41	32.02	27.73	24.76	8.94	0.0	29.97	27.73	23.43	18.25	5.66	19.31	31.26	10.3	31.62	38.0	1.41	27.07	21.47	36.06	8.06	34.48	30.02	35.69	45.19	13.89	32.98	35.47	17.0	34.06	17.72	49.58	8.06	13.42	8.94	39.81	29.15	13.6	
20.22	48.38	28.07	7.0	7.21	26.08	47.51	25.5	34.93	36.4	13.45	31.38	55.76	31.78	30.89	41.0	19.92	20.02	58.18	39.82	48.04	53.76	33.54	14.0	7.07	19.92	25.63	47.17	53.49	12.37	41.73	32.02	22.2	30.87	33.24	44.28	43.93	54.41	19.92	28.64	22.56	15.0	11.66	18.03	52.2	35.23	27.02	17.49	32.8	21.02	47.0	37.74	13.42	36.0	17.26	59.68	45.28	28.07	31.78	17.0	11.66	17.03	33.62	45.28	25.3	51.4	42.52	31.14	14.42	52.2	32.02	20.1	38.08	53.0	2.24	32.57	25.5	29.97	0.0	25.08	33.24	43.14	28.6	36.89	53.82	38.83	4.24	57.71	31.3	49.41	36.24	56.94	23.77	6.71	12.37	52.0	34.93	20.02	7.07	40.2	40.36	35.01	12.81	47.07	36.89	24.21	31.4	31.32	10.2	31.0	
7.07	27.02	3.0	18.11	19.1	1.0	31.02	30.48	36.24	34.18	20.0	10.77	35.61	29.55	17.12	16.12	10.0	5.1	36.77	23.26	23.0	30.02	29.73	29.68	20.22	25.5	11.05	24.21	30.23	13.04	28.28	18.0	20.0	28.64	8.25	20.25	28.16	35.51	28.32	5.0	7.62	10.2	15.52	19.85	28.84	10.2	2.24	23.35	18.03	23.35	22.09	30.41	15.26	11.18	9.43	38.95	21.19	5.0	34.13	29.15	17.0	8.06	31.38	20.22	10.05	33.12	30.15	6.08	19.72	30.23	23.54	5.0	19.72	32.8	24.0	10.0	18.79	27.73	25.08	0.0	11.66	28.64	22.47	18.97	34.67	30.15	22.56	36.07	28.23	30.89	16.55	36.12	28.32	23.41	13.93	29.21	17.46	30.0	21.19	15.13	25.5	10.05	18.79	24.19	29.43	14.32	35.23	12.08	15.52	38.29	
18.6	30.89	10.44	26.83	26.25	11.18	19.65	29.07	31.83	28.43	31.11	2.0	24.08	24.76	27.29	15.62	21.63	15.56	25.61	31.26	19.72	20.62	24.08	40.46	26.93	25.96	22.14	13.93	20.25	21.02	18.11	10.0	18.97	24.08	8.25	21.4	17.12	23.85	39.82	6.71	19.24	20.0	21.84	21.21	18.97	8.94	11.7	34.83	9.43	23.09	20.0	22.83	26.17	13.0	20.52	27.59	22.02	14.32	30.61	31.4	27.66	17.8	26.17	15.65	21.19	21.47	20.22	9.0	23.0	33.02	17.03	14.87	27.29	21.26	31.62	2.0	15.65	23.43	33.24	11.66	0.0	18.0	17.8	8.0	23.02	21.93	31.76	25.0	23.35	19.24	5.1	24.76	27.31	33.29	24.21	18.79	26.02	31.05	31.06	12.04	15.03	11.7	23.09	26.63	21.95	12.37	32.2	21.02	25.24	36.36	
34.79	47.43	28.16	38.42	36.07	28.44	5.1	26.48	23.35	18.44	45.65	18.11	16.0	18.03	45.18	31.62	37.95	31.02	20.1	49.16	32.76	23.85	16.0	53.82	36.07	27.31	39.62	18.38	21.95	33.02	2.0	11.66	21.63	18.11	26.08	37.34	2.24	13.15	55.01	24.19	36.14	34.0	31.89	25.81	21.63	26.31	29.27	50.09	11.18	24.6	34.0	11.18	40.71	30.41	35.85	20.02	37.7	32.14	24.02	33.62	41.68	32.2	18.03	28.65	38.64	10.05	3.61	27.0	29.21	48.85	12.08	30.08	45.18	14.14	41.04	20.0	17.8	18.25	43.14	28.64	18.0	0.0	15.65	10.0	13.04	9.22	43.28	20.22	17.12	9.06	13.04	18.03	25.96	45.61	38.08	19.72	44.01	31.62	43.6	27.51	3.16	29.27	30.48	42.72	11.05	19.21	26.02	39.01	38.28	31.02	
26.17	47.8	23.71	25.08	21.95	22.85	20.62	12.17	14.21	11.7	33.96	16.28	30.81	7.21	39.29	33.24	29.07	22.2	34.37	45.69	37.44	34.53	7.28	40.72	21.63	11.7	32.76	27.66	33.24	20.62	13.89	8.54	6.4	6.4	24.84	38.9	17.09	28.46	43.42	20.25	28.44	23.09	18.38	10.63	32.39	26.17	24.17	38.83	9.49	8.94	37.8	9.49	29.43	29.83	26.0	34.93	39.6	27.31	12.81	18.03	29.83	22.0	8.94	33.29	31.78	25.3	14.21	24.41	14.21	50.33	3.61	21.21	42.05	28.44	26.4	19.1	4.0	5.66	28.6	22.47	17.8	15.65	0.0	14.32	28.16	10.3	29.53	34.23	5.83	23.77	16.16	32.56	11.0	32.2	26.48	31.14	39.92	16.28	30.46	29.83	13.6	28.43	15.81	43.93	8.54	8.25	14.42	34.54	25.96	18.79	
25.5	38.08	18.25	31.24	29.68	18.68	12.08	26.48	26.93	22.8	37.2	8.25	18.87	20.12	35.23	22.36	28.64	21.95	21.54	39.2	24.76	20.22	18.87	46.01	30.02	25.02	29.83	13.34	19.03	25.5	10.2	6.0	18.11	19.7	16.12	28.18	9.22	17.69	46.32	14.32	26.57	25.61	25.24	21.59	18.11	16.49	19.42	41.34	5.0	22.02	25.61	16.28	32.2	20.62	26.93	22.83	28.65	22.2	26.4	31.14	33.42	23.6	21.1	20.52	28.86	14.87	12.37	17.0	24.35	39.82	12.08	21.1	35.23	16.12	34.99	10.0	14.04	19.31	36.89	18.97	8.0	10.0	14.32	0.0	17.03	15.0	36.24	21.19	18.79	12.73	3.16	20.12	25.18	38.21	29.83	17.0	34.01	30.0	36.07	18.36	7.07	19.42	25.08	33.54	15.56	13.0	28.23	29.02	30.41	32.89	
41.62	46.04	33.12	48.27	46.62	34.13	8.0	39.46	36.12	31.14	53.91	24.21	3.16	31.06	49.04	31.14	44.65	38.42	7.62	50.8	29.27	15.65	29.02	62.94	46.87	39.85	44.72	14.0	13.42	42.52	15.03	21.95	33.62	31.14	29.15	36.0	11.18	1.0	62.8	29.68	42.19	42.45	42.2	37.58	13.93	28.46	34.48	57.8	21.1	37.0	31.14	24.02	48.92	32.02	43.42	7.0	36.01	36.67	37.0	46.17	50.25	40.36	31.0	26.02	43.83	3.0	16.03	30.87	40.71	46.39	24.74	37.64	46.87	3.16	51.87	24.7	29.55	31.26	53.82	34.67	23.02	13.04	28.16	17.03	0.0	22.02	53.26	8.06	30.15	4.47	18.44	5.39	38.83	55.23	46.69	11.7	46.57	44.38	53.08	27.29	14.56	31.32	41.68	41.05	24.0	29.68	39.0	42.38	47.38	44.0	
35.06	52.77	30.59	35.34	32.25	30.27	14.04	18.38	14.14	9.22	43.97	21.19	25.08	9.49	47.27	37.22	38.12	31.06	29.27	52.63	39.7	32.65	7.28	50.99	31.91	20.62	41.05	26.63	30.87	30.68	7.28	12.37	16.64	9.85	30.08	43.05	11.4	22.0	53.45	26.68	37.0	32.76	28.64	20.81	30.41	30.87	31.4	48.76	12.65	18.38	40.61	2.0	39.29	34.93	35.36	29.02	43.57	34.53	15.03	26.63	39.85	31.4	9.06	35.47	40.05	19.03	6.0	30.36	24.41	54.71	7.28	30.07	48.76	23.35	36.62	23.77	13.93	10.3	38.83	30.15	21.93	9.22	10.3	15.0	22.02	0.0	39.82	29.43	8.94	18.25	18.03	27.17	18.36	42.49	36.4	28.64	47.07	24.19	40.72	33.29	9.43	33.62	26.08	48.37	2.24	17.26	17.03	41.77	36.06	22.02	
17.0	44.64	25.5	5.0	7.62	23.54	47.38	28.07	37.34	38.33	9.22	30.02	55.0	33.53	26.83	38.12	16.28	17.46	57.14	35.78	45.28	52.0	35.11	11.4	8.25	22.2	21.84	45.62	51.89	10.82	42.01	31.83	23.26	32.57	30.81	41.05	43.86	53.91	16.28	26.57	19.1	12.37	11.4	19.31	50.57	32.76	24.33	13.42	32.53	22.8	44.1	38.91	9.49	33.14	14.0	58.82	42.05	25.02	34.23	20.22	7.62	14.56	35.44	42.76	21.59	50.99	43.01	28.64	15.81	48.51	32.76	17.72	34.18	52.2	5.39	30.87	26.08	31.62	4.24	22.56	31.76	43.28	29.53	36.24	53.26	39.82	0.0	56.6	32.89	48.92	35.23	56.04	26.17	3.0	9.0	50.54	31.02	23.09	2.83	37.66	40.36	32.25	13.93	43.57	38.01	24.08	34.06	27.66	7.07	34.13	
43.14	42.3	33.97	51.62	50.54	35.36	15.52	46.04	43.57	38.64	55.97	26.63	5.0	38.05	48.37	28.79	45.97	40.46	1.0	48.7	25.18	10.0	36.12	65.44	50.99	45.71	45.0	12.21	8.06	45.79	22.2	26.93	39.05	38.01	29.21	32.76	18.11	8.6	64.35	31.14	43.19	45.0	46.07	42.72	9.22	28.02	35.38	59.4	25.96	42.76	27.29	31.4	51.09	30.89	45.34	4.0	32.56	37.01	44.18	51.97	52.63	42.8	38.21	22.8	44.2	10.77	23.54	31.24	45.54	42.01	31.06	39.82	44.94	6.08	55.9	26.25	34.93	38.0	57.71	36.07	25.0	20.22	34.23	21.19	8.06	29.43	56.6	0.0	37.01	11.18	21.47	2.83	45.18	58.25	49.2	7.62	45.19	50.49	56.04	25.5	21.0	30.53	46.24	37.34	31.26	34.18	46.17	41.68	50.22	51.16	
31.58	53.6	29.53	28.86	25.3	28.64	22.2	9.49	8.49	6.08	38.33	21.93	33.06	1.41	44.92	38.9	34.37	27.66	37.0	51.48	42.8	38.6	2.24	44.27	24.7	12.04	38.33	31.95	37.11	25.08	15.13	13.6	10.05	1.0	30.61	44.6	19.03	30.27	47.68	26.08	33.96	28.02	22.36	13.6	36.4	31.89	29.97	43.29	14.42	10.3	43.28	7.21	34.06	35.61	31.14	37.12	45.28	33.11	7.62	17.8	34.23	27.17	3.16	38.6	37.36	27.17	14.56	30.23	17.09	56.08	6.71	26.68	47.85	31.0	29.07	24.76	9.49	1.41	31.3	28.23	23.35	17.12	5.83	18.79	30.15	8.94	32.89	37.01	0.0	26.02	21.1	35.01	9.43	35.74	31.06	34.93	45.69	15.26	34.21	35.38	16.03	34.21	18.97	49.68	6.71	13.93	9.49	40.31	30.27	14.32	
37.74	44.41	29.55	43.93	42.2	30.41	4.47	35.23	32.39	27.46	49.82	20.25	7.07	27.0	45.88	29.02	40.82	34.41	11.05	48.26	28.16	16.28	25.02	58.73	42.44	35.44	41.23	12.65	14.14	38.21	11.05	17.49	29.15	27.02	25.96	34.23	7.0	5.0	58.82	25.94	38.47	38.29	37.8	33.11	14.21	25.5	30.87	53.82	16.64	32.57	29.83	20.22	44.82	29.27	39.41	11.18	34.37	33.24	33.06	41.76	46.1	36.24	27.07	24.52	40.31	2.24	12.37	27.51	36.24	45.12	20.4	33.6	44.28	5.1	47.43	21.02	25.08	27.07	49.41	30.89	19.24	9.06	23.77	12.73	4.47	18.25	48.92	11.18	26.02	0.0	14.42	9.0	34.53	50.93	42.52	12.04	43.74	40.02	48.8	25.0	10.2	28.44	37.22	39.46	20.1	25.24	35.06	39.29	43.14	40.05	
23.32	34.93	15.52	30.23	29.07	16.16	14.56	28.16	29.41	25.5	35.47	5.83	19.85	22.47	32.39	19.24	26.42	20.0	21.95	36.12	21.93	19.0	21.4	44.55	29.55	26.08	27.2	12.0	18.11	24.41	13.34	7.62	19.03	21.95	13.04	25.06	12.04	19.21	44.41	11.7	24.17	24.04	24.6	22.09	17.03	13.34	16.76	39.41	6.71	23.09	22.67	19.21	30.48	17.46	25.0	23.6	25.55	19.42	28.65	32.0	31.83	21.93	23.6	17.69	26.25	16.64	15.52	14.04	24.52	36.72	14.42	19.21	32.14	17.03	34.44	7.07	15.13	21.47	36.24	16.55	5.1	13.04	16.16	3.16	18.44	18.03	35.23	21.47	21.1	14.42	0.0	20.81	26.68	37.01	28.28	16.28	31.0	31.14	34.83	15.26	10.2	16.28	25.0	30.41	18.44	13.15	30.41	26.08	29.07	34.93	
43.19	44.1	34.21	51.04	49.74	35.47	13.15	44.18	41.3	36.35	55.87	26.25	2.24	36.0	49.19	30.08	46.1	40.31	2.24	50.0	27.02	12.17	34.01	65.19	50.12	44.15	45.49	13.0	10.05	45.22	20.02	25.63	37.64	36.01	29.68	34.37	16.0	5.83	64.44	31.14	43.42	44.69	45.28	41.44	11.0	28.65	35.61	59.46	24.7	41.23	29.07	29.15	50.93	31.78	45.25	2.83	34.23	37.44	42.05	50.45	52.4	42.52	36.06	24.33	44.65	8.25	21.21	31.62	44.38	44.01	29.27	39.62	46.17	4.12	55.07	26.17	33.53	36.06	56.94	36.12	24.76	18.03	32.56	20.12	5.39	27.17	56.04	2.83	35.01	9.0	20.81	0.0	43.42	57.8	48.92	9.06	46.24	48.84	55.61	26.57	19.1	31.3	45.19	39.12	29.07	33.11	44.05	42.49	49.82	49.04	
29.53	55.17	30.41	23.02	19.0	29.0	31.05	2.24	11.18	13.04	33.14	25.5	41.59	9.22	43.42	41.88	31.78	26.08	45.28	51.04	46.96	45.4	11.4	37.48	18.03	4.0	36.72	38.47	44.18	20.88	24.04	19.24	8.6	8.6	33.02	47.2	27.66	39.05	42.0	27.8	32.25	24.7	17.46	8.94	43.29	34.67	30.41	38.12	20.22	5.0	47.01	16.64	29.61	37.8	28.23	45.71	48.01	33.3	8.06	8.49	29.27	24.6	10.63	42.95	35.85	35.9	23.77	32.02	11.18	58.14	14.14	25.24	47.8	39.32	21.59	28.18	11.7	8.06	23.77	28.32	27.31	25.96	11.0	25.18	38.83	18.36	26.17	45.18	9.43	34.53	26.68	43.42	0.0	29.15	26.68	42.11	45.22	5.83	28.02	38.95	24.33	36.4	13.15	51.86	16.12	15.26	8.06	40.0	25.32	10.0	
17.26	43.93	26.25	7.21	10.44	24.35	49.58	31.06	40.31	41.23	7.21	31.62	56.85	36.4	25.63	38.47	16.0	18.38	58.82	34.54	45.71	53.23	37.95	8.54	11.18	25.18	21.21	47.01	53.24	12.73	44.41	34.06	26.0	35.44	31.62	41.01	46.1	55.9	13.34	27.73	19.03	13.42	13.89	22.14	51.88	33.53	25.0	10.82	34.71	25.71	44.41	41.63	9.0	33.54	14.32	60.61	42.01	25.32	37.22	23.19	7.0	15.65	38.33	43.42	21.1	53.04	45.49	29.41	18.68	47.85	35.36	18.79	33.24	54.04	8.25	32.25	28.65	34.48	6.71	23.41	33.29	45.61	32.2	38.21	55.23	42.49	3.0	58.25	35.74	50.93	37.01	57.8	29.15	0.0	9.49	51.97	30.08	26.08	2.24	38.33	42.64	32.76	16.76	43.19	40.72	26.4	37.05	27.17	8.06	37.12	
8.0	36.06	16.76	5.83	9.22	14.87	41.62	28.86	37.22	37.01	7.62	22.67	48.1	32.02	19.21	29.15	7.62	8.94	49.82	28.02	36.35	43.83	33.14	16.28	10.63	22.8	13.42	37.74	43.91	6.0	37.12	26.42	21.02	31.02	22.14	32.06	38.28	47.42	17.09	18.36	10.2	4.24	9.22	18.11	42.54	24.04	15.52	12.37	26.93	22.2	35.13	35.9	3.0	24.19	5.0	51.74	33.06	16.03	34.37	23.32	3.61	6.4	34.01	33.96	13.0	44.69	38.48	19.92	15.52	39.85	29.12	9.43	25.94	45.28	12.08	23.02	22.56	30.02	12.37	13.93	24.21	38.08	26.48	29.83	46.69	36.4	9.0	49.2	31.06	42.52	28.28	48.92	26.68	9.49	0.0	42.72	22.83	25.5	7.28	28.86	34.99	23.35	13.6	34.71	34.93	19.31	34.71	18.97	2.24	36.06	
36.24	35.06	26.91	45.62	44.94	28.43	16.28	43.29	42.38	37.7	49.2	20.62	10.05	36.14	40.82	21.19	38.95	33.84	8.54	41.11	18.0	4.24	34.48	58.82	45.54	42.01	37.64	5.0	2.24	39.81	21.47	23.0	35.06	35.9	21.93	25.32	17.49	12.65	57.31	24.41	36.07	38.59	40.5	38.33	2.24	20.62	28.32	52.4	22.0	39.01	20.02	30.46	44.41	23.32	38.6	11.4	25.18	29.73	42.45	48.09	46.04	36.36	36.69	15.3	36.88	13.04	23.32	24.04	40.79	35.06	28.44	33.29	37.34	8.54	50.33	19.72	31.02	35.69	52.0	29.21	18.79	19.72	31.14	17.0	11.7	28.64	50.54	7.62	34.93	12.04	16.28	9.06	42.11	51.97	42.72	0.0	37.58	47.0	49.74	17.89	19.31	23.02	41.23	30.07	30.08	29.43	44.38	34.13	43.91	49.24	
16.28	14.04	16.49	28.65	31.62	17.09	45.18	47.43	53.67	51.62	23.35	26.17	46.49	47.01	5.1	16.64	15.26	19.21	46.1	5.83	22.63	36.36	47.17	32.0	33.02	42.01	9.43	33.24	37.59	26.25	44.1	34.71	37.22	46.1	18.03	15.0	43.01	47.54	26.48	20.4	13.45	22.02	29.73	36.4	36.24	18.25	15.81	23.02	34.53	40.22	20.52	47.54	21.54	14.56	18.6	48.85	15.81	12.65	51.48	44.55	23.41	21.21	48.85	23.02	10.0	45.89	46.17	17.03	35.38	18.03	40.8	20.0	3.16	43.97	34.89	24.02	36.25	45.19	34.93	17.46	26.02	44.01	39.92	34.01	46.57	47.07	31.02	45.19	45.69	43.74	31.0	46.24	45.22	30.08	22.83	37.58	0.0	46.01	28.46	19.7	41.05	15.3	33.94	14.56	46.57	31.78	52.48	5.39	25.06	55.22	
29.83	57.01	32.45	20.88	16.76	30.81	36.69	6.4	15.65	18.44	31.05	29.12	47.07	15.0	43.6	44.72	31.62	26.87	50.64	51.74	50.33	50.09	17.2	34.01	15.52	5.1	37.01	43.1	49.01	20.25	29.73	24.0	12.17	14.42	35.78	49.74	33.24	44.64	39.32	30.41	32.65	24.41	16.64	10.3	48.04	37.58	32.2	35.9	25.0	8.06	50.16	22.47	28.23	40.31	28.02	51.2	50.61	34.83	12.53	3.16	27.51	24.84	16.28	46.49	36.24	41.48	29.55	34.48	10.63	60.22	19.65	26.17	48.8	44.72	18.0	31.62	16.03	13.89	20.02	30.0	31.05	31.62	16.28	30.0	44.38	24.19	23.09	50.49	15.26	40.02	31.14	48.84	5.83	26.08	25.5	47.0	46.01	0.0	25.32	42.15	29.83	38.95	12.21	54.08	21.95	18.68	11.7	41.01	23.77	11.05	
15.13	42.2	24.04	5.39	9.06	22.14	47.51	30.0	39.12	39.81	6.4	29.41	54.67	34.93	24.17	36.35	14.04	16.16	56.61	33.11	43.57	50.99	36.4	10.3	10.0	24.02	19.42	44.78	51.0	10.63	42.44	32.02	24.35	33.96	29.41	39.0	44.05	53.76	14.04	25.5	17.0	11.18	12.08	20.62	49.65	31.32	22.8	10.77	32.65	24.33	42.3	39.92	7.07	31.4	12.17	58.41	40.0	23.19	36.06	22.56	5.1	13.42	36.88	41.23	19.24	50.91	43.57	27.2	17.26	46.1	33.54	16.55	31.62	51.86	8.06	30.02	26.83	32.98	7.07	21.19	31.06	43.6	30.46	36.07	53.08	40.72	2.83	56.04	34.21	48.8	34.83	55.61	28.02	2.24	7.28	49.74	28.46	25.32	0.0	36.14	40.61	30.59	15.3	41.3	39.0	24.41	36.0	25.32	5.83	36.35	
21.19	19.92	12.17	33.24	34.0	14.14	27.29	40.82	43.86	40.36	34.01	13.6	26.93	36.8	23.02	4.12	23.26	20.22	26.4	23.54	8.25	17.03	36.07	43.86	35.01	37.16	20.62	13.6	18.03	28.02	28.23	21.93	30.41	36.12	7.0	9.85	25.96	28.28	41.05	12.17	20.12	25.32	30.07	31.95	16.64	5.0	13.34	36.36	21.26	34.44	8.06	34.41	29.73	5.66	24.04	29.15	10.3	13.42	42.64	42.06	31.62	23.19	38.18	5.1	20.0	27.02	30.46	9.06	32.98	21.47	29.0	20.1	19.65	24.52	39.05	10.82	27.46	35.47	40.2	15.13	12.04	27.51	29.83	18.36	27.29	33.29	37.66	25.5	35.38	25.0	15.26	26.57	38.95	38.33	28.86	17.89	19.7	42.15	36.14	0.0	25.08	5.83	32.56	15.23	33.6	23.71	44.2	16.4	30.59	48.26	
31.62	44.94	25.08	35.47	33.24	25.32	7.21	25.08	23.09	18.38	42.54	15.03	17.26	17.12	42.11	29.15	34.79	27.86	21.02	46.27	30.81	23.26	15.3	50.8	33.3	25.3	36.5	17.2	21.54	30.0	3.16	8.6	19.24	17.03	23.19	34.93	3.61	14.87	51.88	21.1	32.98	30.89	29.0	23.32	21.02	23.54	26.17	46.96	8.06	22.47	31.91	11.18	37.59	27.66	32.7	21.38	35.34	29.07	23.35	31.62	38.59	29.07	17.46	26.63	35.51	11.7	5.39	24.02	26.63	46.52	10.2	26.93	42.3	15.03	38.29	17.03	15.26	17.0	40.36	25.5	15.03	3.16	13.6	7.07	14.56	9.43	40.36	21.0	16.03	10.2	10.2	19.1	24.33	42.64	34.99	19.31	41.05	29.83	40.61	25.08	0.0	26.48	27.8	40.31	10.77	16.28	25.32	36.0	35.23	30.27	
15.52	19.42	7.07	28.02	29.15	9.06	30.02	38.42	42.64	39.66	28.23	12.53	31.38	35.61	17.89	6.08	17.46	15.0	31.38	20.0	13.04	22.63	35.23	38.08	30.27	34.13	14.87	18.36	23.43	23.09	29.61	21.47	27.8	34.83	3.61	10.82	28.07	32.28	35.23	8.6	14.32	20.02	25.5	28.65	22.02	3.0	8.0	30.53	21.02	31.62	12.04	34.44	24.04	1.41	18.44	34.0	11.66	7.62	41.04	38.48	25.96	18.0	37.2	10.77	14.21	30.59	31.78	4.47	29.15	21.93	28.3	15.03	16.0	28.79	34.01	9.85	25.46	34.06	35.01	10.05	11.7	29.27	28.43	19.42	31.32	33.62	32.25	30.53	34.21	28.44	16.28	31.3	36.4	32.76	23.35	23.02	15.3	38.95	30.59	5.83	26.48	0.0	28.46	15.56	33.54	21.26	42.43	11.18	25.18	46.1	
17.69	45.49	21.54	10.05	6.32	19.7	35.0	15.3	24.0	24.52	20.02	21.1	43.83	19.65	31.4	34.48	19.42	15.0	46.62	39.62	40.79	43.57	21.19	25.3	5.83	9.22	24.84	36.67	42.95	8.06	29.0	19.72	9.43	18.68	25.71	39.0	31.4	42.19	29.07	20.4	20.52	12.21	4.47	5.39	41.77	27.66	21.02	25.02	20.59	9.06	40.26	25.06	16.49	29.73	15.81	47.85	39.92	23.32	21.02	10.63	16.12	12.73	21.59	37.34	24.08	39.12	29.73	24.04	2.0	48.88	19.21	14.42	36.8	41.15	10.63	23.0	12.73	17.72	12.81	18.79	23.09	30.48	15.81	25.08	41.68	26.08	13.93	46.24	18.97	37.22	25.0	45.19	13.15	16.76	13.6	41.23	33.94	12.21	15.3	32.56	27.8	28.46	0.0	42.94	24.19	12.08	21.21	29.07	12.17	22.47	
26.93	5.0	21.63	40.26	42.38	23.32	42.2	53.91	58.14	55.0	37.0	27.8	40.01	51.09	19.65	11.18	27.29	28.23	38.33	14.21	12.17	27.46	50.61	46.17	43.66	49.41	22.02	27.07	29.27	36.4	43.46	36.62	43.28	50.33	19.1	5.39	41.11	42.05	41.0	24.08	24.52	32.57	39.4	43.83	28.16	17.8	21.95	37.34	36.06	47.01	10.05	49.4	34.23	14.14	29.83	41.3	5.1	19.7	56.59	53.34	36.22	31.02	52.63	15.03	22.09	41.3	45.69	19.85	43.91	6.4	43.6	28.64	12.08	38.01	46.57	25.0	41.01	49.58	47.07	24.19	26.63	42.72	43.93	33.54	41.05	48.37	43.57	37.34	49.68	39.46	30.41	39.12	51.86	43.19	34.71	30.07	14.56	54.08	41.3	15.23	40.31	15.56	42.94	0.0	48.55	36.8	57.98	16.03	36.88	61.62	
34.0	52.84	30.08	33.62	30.41	29.61	16.0	16.16	12.37	7.62	42.45	21.02	27.02	7.28	46.53	37.44	37.01	30.0	31.14	52.2	40.31	34.01	5.1	49.24	30.02	18.44	40.2	27.78	32.31	29.12	9.06	12.08	14.76	7.62	29.97	43.27	13.15	24.02	51.92	26.25	36.06	31.4	26.93	18.87	31.78	30.89	30.81	47.3	12.53	16.28	41.11	1.0	37.85	34.89	34.13	31.0	43.83	33.96	13.0	24.41	38.33	30.15	7.0	36.07	39.2	21.0	8.06	30.08	22.47	54.92	6.0	29.0	48.38	25.18	34.67	23.71	12.37	8.06	36.89	29.43	21.95	11.05	8.54	15.56	24.0	2.24	38.01	31.26	6.71	20.1	18.44	29.07	16.12	40.72	34.93	30.08	46.57	21.95	39.0	33.6	10.77	33.54	24.19	48.55	0.0	16.03	15.0	41.23	34.48	20.0	
18.03	40.36	15.81	19.21	17.03	14.76	23.35	17.2	21.95	19.92	26.93	10.44	31.76	15.23	31.05	26.63	21.0	14.04	34.54	37.58	31.78	32.06	15.52	34.67	17.2	13.6	24.52	25.08	31.26	13.89	18.03	7.81	6.71	14.32	17.8	32.02	19.8	30.23	36.4	12.73	20.22	15.52	12.73	9.0	30.15	19.42	16.12	31.62	8.6	10.77	31.76	17.03	22.14	22.67	18.11	35.78	32.8	19.24	20.0	19.1	22.85	14.14	17.09	27.86	23.54	27.2	19.24	16.97	11.4	43.14	10.05	13.04	34.0	29.07	22.2	13.0	4.47	13.42	24.21	14.32	12.37	19.21	8.25	13.0	29.68	17.26	24.08	34.18	13.93	25.24	13.15	33.11	15.26	26.4	19.31	29.43	31.78	18.68	24.41	23.71	16.28	21.26	12.08	36.8	16.03	0.0	21.26	26.4	19.24	24.84	
37.16	61.62	37.01	31.06	27.02	35.81	31.0	6.0	4.24	8.54	41.19	30.61	42.01	8.25	50.99	47.51	39.56	33.54	46.1	58.31	51.87	48.08	10.05	45.28	26.0	12.04	44.28	41.44	46.57	28.86	24.02	22.83	15.26	8.54	38.9	53.08	28.07	39.01	50.01	33.97	39.81	32.57	25.5	16.76	45.88	40.36	37.2	46.17	23.71	12.65	52.2	15.03	37.66	43.84	36.06	46.0	53.81	40.22	2.0	14.87	37.34	32.31	8.0	47.71	43.38	36.0	23.02	38.21	19.24	64.35	16.16	32.65	54.92	40.11	29.27	33.42	16.97	8.94	31.4	35.23	32.2	26.02	14.42	28.23	39.0	17.03	34.06	46.17	9.49	35.06	30.41	44.05	8.06	37.05	34.71	44.38	52.48	11.7	36.0	44.2	25.32	42.43	21.21	57.98	15.0	21.26	0.0	47.17	33.38	5.0	
11.66	17.09	11.18	24.7	27.29	11.7	40.45	42.2	48.3	46.24	21.02	21.02	42.54	41.63	6.71	14.21	11.4	14.14	42.54	11.18	21.1	33.42	41.79	30.41	28.65	36.88	6.0	29.53	34.41	21.63	39.01	29.43	31.91	40.72	13.34	14.56	38.12	43.32	26.0	15.13	8.94	17.49	25.0	31.24	33.02	13.93	10.44	21.84	29.27	35.0	19.24	42.2	18.25	10.82	14.32	45.18	15.52	7.28	46.14	39.7	20.22	16.4	43.46	20.52	6.08	41.48	41.05	12.04	30.41	20.88	35.44	14.87	7.81	39.92	31.02	19.03	30.87	39.81	31.32	12.08	21.02	39.01	34.54	29.02	42.38	41.77	27.66	41.68	40.31	39.29	26.08	42.49	40.0	27.17	18.97	34.13	5.39	41.01	25.32	16.4	36.0	11.18	29.07	16.03	41.23	26.4	47.17	0.0	21.19	50.0	
10.05	38.28	18.44	3.61	7.21	16.49	42.01	27.46	36.06	36.12	8.06	23.6	48.92	31.14	21.4	31.06	9.85	10.44	50.8	30.23	38.21	45.19	32.39	15.62	8.6	21.38	15.65	38.95	45.18	5.39	37.22	26.63	20.22	30.15	23.77	34.13	38.6	48.08	17.46	19.7	12.37	5.39	8.0	17.0	43.83	25.71	17.26	13.04	27.2	21.02	37.05	35.44	4.47	26.08	7.07	52.63	35.13	18.0	33.14	21.47	4.0	7.62	33.14	35.69	15.23	45.28	38.47	21.59	14.14	42.06	28.79	10.77	28.18	46.1	9.85	24.19	22.14	29.15	10.2	15.52	25.24	38.28	25.96	30.41	47.38	36.06	7.07	50.22	30.27	43.14	29.07	49.82	25.32	8.06	2.24	43.91	25.06	23.77	5.83	30.59	35.23	25.18	12.17	36.88	34.48	19.24	33.38	21.19	0.0	34.48	
39.45	65.05	40.31	31.78	27.66	38.95	36.0	7.81	8.54	13.34	41.98	34.67	47.01	13.15	53.34	51.4	41.59	36.06	51.09	61.03	56.08	52.89	15.03	45.0	26.48	13.42	46.65	46.17	51.42	30.46	29.02	27.31	18.38	13.34	42.64	56.85	33.06	44.01	50.36	37.54	42.19	34.44	26.93	18.87	50.7	44.2	40.36	46.87	28.23	15.0	56.3	20.02	38.9	47.51	38.01	51.0	57.63	43.28	7.0	14.0	38.33	34.48	13.0	51.97	45.79	41.0	28.02	41.77	20.62	67.94	20.88	35.23	57.8	45.1	29.02	37.44	20.81	13.6	31.0	38.29	36.36	31.02	18.79	32.89	44.0	22.02	34.13	51.16	14.32	40.05	34.93	49.04	10.0	37.12	36.06	49.24	55.22	11.05	36.35	48.26	30.27	46.1	22.47	61.62	20.0	24.84	5.0	50.0	34.48	0.0	
