110
0.0	31.02	18.68	21.1	18.03	29.07	12.0	10.2	14.0	25.0	13.15	3.61	16.55	8.06	16.03	31.78	24.0	28.84	6.32	17.69	28.84	1.41	5.0	30.15	29.21	25.18	16.49	16.12	29.83	25.08	19.31	22.47	18.0	15.26	26.63	39.05	8.25	27.46	17.89	21.54	5.0	18.68	23.26	22.2	4.24	29.61	35.38	14.42	35.36	8.54	15.3	10.2	13.0	21.21	12.08	13.15	12.17	25.96	34.66	2.24	30.08	25.5	29.55	29.97	30.08	17.09	22.8	24.21	22.56	18.0	29.21	20.52	21.38	33.3	29.0	27.29	29.41	30.89	10.3	25.55	15.0	24.04	24.19	39.82	15.03	17.0	34.44	28.07	11.7	24.74	12.81	20.1	29.15	27.8	24.76	23.35	29.12	24.6	15.52	31.06	23.02	5.39	9.85	35.47	2.24	23.43	20.81	26.08	22.09	25.02	
31.02	0.0	31.06	50.01	19.42	2.24	43.01	34.21	45.01	40.46	18.25	29.07	41.23	23.0	34.48	52.15	38.6	52.33	29.83	45.22	16.55	30.0	27.07	2.24	20.62	41.62	38.91	32.65	25.06	54.74	29.41	43.83	35.36	20.12	50.57	24.02	23.19	16.12	41.79	51.79	26.02	49.37	53.15	50.45	34.06	46.4	23.54	41.11	18.0	39.05	16.12	31.02	34.01	48.7	28.64	44.1	19.24	35.38	26.93	30.15	48.01	36.77	32.2	51.11	9.22	39.92	48.1	20.0	10.82	36.36	25.55	47.76	33.6	27.51	41.77	49.65	19.31	16.49	27.2	54.34	34.01	43.91	53.6	26.0	33.11	35.85	16.0	3.16	29.55	9.9	40.52	51.09	17.09	55.36	51.55	49.65	9.49	13.45	37.7	16.76	54.0	26.02	28.16	22.36	33.0	20.62	46.62	49.66	9.06	6.0	
18.68	31.06	0.0	24.04	29.73	28.84	24.76	10.63	26.17	43.29	21.54	15.3	35.11	17.26	34.23	21.1	7.81	21.84	24.19	35.36	19.1	17.46	15.03	29.15	40.25	10.63	35.17	3.61	14.87	29.12	2.0	13.34	5.0	27.2	20.4	25.96	20.22	18.25	13.15	36.07	18.0	32.53	38.21	23.54	17.0	15.56	21.84	32.7	43.6	19.85	18.03	28.16	31.4	38.59	29.0	26.91	21.19	43.05	47.01	20.4	17.03	43.0	11.4	20.12	35.38	11.18	19.0	35.85	28.6	36.35	13.93	38.08	3.16	46.24	12.08	18.97	39.82	39.66	9.0	27.46	5.83	13.0	39.7	50.25	5.0	35.36	42.01	28.02	29.02	30.61	30.87	32.02	38.59	27.02	23.02	21.02	34.71	18.38	9.49	21.02	32.76	16.0	9.06	22.56	18.38	35.47	38.91	19.42	23.35	26.25	
21.1	50.01	24.04	0.0	39.12	47.85	12.53	16.03	11.7	40.25	33.62	21.54	28.23	27.86	33.02	18.68	22.2	13.15	26.25	24.74	42.3	21.47	23.41	48.66	50.22	20.52	30.41	20.62	38.9	5.1	25.96	14.14	19.31	36.36	11.4	50.0	29.07	41.19	11.18	19.1	25.5	16.0	21.21	2.0	17.0	21.63	45.88	25.08	56.44	12.81	33.96	29.0	30.0	26.17	31.83	13.93	32.7	43.83	55.32	23.02	20.59	42.72	34.0	16.76	50.7	13.0	8.06	45.22	43.08	34.13	37.95	26.31	24.17	53.81	25.46	13.93	50.48	51.97	23.09	4.47	18.44	16.28	23.19	60.8	19.42	33.29	55.47	46.87	31.11	45.31	23.26	13.15	50.25	7.21	6.0	6.32	49.77	40.0	14.56	44.41	11.18	24.7	22.09	46.57	18.87	44.41	28.64	11.7	41.0	44.15	
18.03	19.42	29.73	39.12	0.0	18.44	28.79	26.25	30.68	21.21	8.25	18.38	22.56	13.04	15.23	48.01	37.16	46.01	13.6	27.17	27.51	17.8	17.03	19.85	11.31	39.36	19.92	29.07	33.24	42.94	29.12	38.6	31.76	2.83	43.86	38.08	10.63	26.25	34.71	35.06	14.14	33.38	36.0	40.22	22.2	44.29	35.74	23.09	17.46	26.42	13.0	13.0	15.3	30.41	10.05	29.12	8.54	17.0	17.49	16.12	45.28	18.03	37.12	46.4	14.14	33.42	40.31	6.4	8.6	17.0	33.14	29.43	32.89	16.55	41.79	44.05	11.4	13.0	21.47	43.57	29.15	39.66	36.06	21.93	28.65	16.55	16.76	17.69	11.05	9.85	23.0	35.9	11.18	45.8	42.64	41.11	13.15	22.14	31.4	29.15	39.56	15.62	21.95	35.11	20.25	5.83	27.89	43.19	13.89	14.87	
29.07	2.24	28.84	47.85	18.44	0.0	41.05	32.02	43.05	39.62	16.49	27.02	39.81	21.02	33.29	49.93	36.4	50.09	28.16	43.66	14.87	28.02	25.02	1.41	20.88	39.41	37.59	30.41	23.26	52.61	27.2	41.59	33.12	18.87	48.33	23.02	21.38	14.32	39.56	50.01	24.08	47.52	51.42	48.27	32.02	44.2	22.2	39.56	19.1	37.01	14.04	29.55	32.65	47.17	27.29	42.19	17.46	34.83	27.46	28.28	45.8	36.12	30.23	48.88	10.0	37.7	45.88	19.72	9.9	35.23	23.71	46.24	31.4	27.89	39.62	47.41	19.65	17.12	25.0	52.17	31.78	41.68	51.92	27.07	30.87	34.67	17.12	1.0	28.18	9.43	38.9	49.16	17.46	53.16	49.34	47.43	10.05	11.4	35.47	15.3	52.01	24.0	25.96	21.1	31.02	20.25	45.19	47.42	7.0	4.12	
12.0	43.01	24.76	12.53	28.79	41.05	0.0	14.14	2.0	27.73	25.08	14.32	15.81	20.02	20.62	29.02	26.83	24.33	15.23	13.0	39.4	13.04	16.28	42.11	39.36	26.57	17.89	21.26	38.6	14.87	26.17	21.38	21.63	26.25	22.2	48.88	20.1	38.08	16.49	11.31	17.0	7.81	13.45	14.32	9.49	29.61	44.94	12.65	46.24	5.0	27.17	17.2	17.69	15.3	20.25	2.24	24.08	31.4	43.83	13.15	29.27	30.23	36.12	27.02	41.77	17.09	18.11	34.44	34.37	21.63	37.8	15.13	26.4	42.2	31.38	24.02	39.81	41.79	19.24	16.4	19.21	23.54	15.0	49.74	19.85	20.81	45.54	40.05	19.42	36.5	10.77	8.25	39.92	19.72	18.03	17.46	40.79	35.74	17.0	41.63	11.05	17.12	18.36	45.28	10.05	33.54	17.0	22.09	34.06	37.01	
10.2	34.21	10.63	16.03	26.25	32.02	14.14	0.0	15.62	35.06	19.21	8.06	25.5	13.45	26.17	21.95	14.14	19.8	16.49	25.08	26.68	9.49	9.22	32.76	37.54	15.03	26.08	7.21	24.7	21.0	12.04	12.53	8.25	23.43	17.69	35.34	15.62	25.5	8.49	25.46	12.21	21.93	27.59	16.28	7.07	19.42	31.3	22.8	42.64	9.22	18.38	20.4	23.09	28.18	22.14	16.28	18.44	36.14	43.6	12.37	19.92	35.69	22.02	20.25	35.85	7.21	14.42	32.65	28.3	28.07	23.85	27.73	12.53	42.44	19.1	17.8	37.48	38.29	7.07	20.22	5.39	13.93	29.07	48.1	5.83	27.07	41.4	31.05	21.84	30.53	20.88	21.63	36.8	21.19	17.46	15.65	34.99	24.02	5.39	28.86	22.85	10.63	6.08	31.78	9.0	32.02	28.79	16.97	25.3	28.46	
14.0	45.01	26.17	11.7	30.68	43.05	2.0	15.62	0.0	28.65	27.07	16.28	16.55	22.02	21.93	29.02	27.78	24.08	17.09	13.15	41.23	15.03	18.25	44.1	41.15	27.31	18.87	22.63	40.22	13.45	27.66	21.84	22.8	28.16	22.02	50.61	22.09	39.92	17.09	10.0	19.0	6.4	12.21	13.6	11.4	30.08	46.65	13.42	48.1	6.71	29.15	18.87	19.1	15.03	21.95	2.24	26.08	32.65	45.49	15.13	29.61	31.4	37.48	27.02	43.74	17.89	18.0	36.25	36.35	22.8	39.41	15.0	27.66	43.83	32.2	24.02	41.63	43.66	21.02	15.26	20.52	24.04	13.89	51.48	21.21	22.02	47.43	42.05	21.1	38.47	11.66	6.32	41.79	18.79	17.46	17.12	42.76	37.64	18.03	43.46	9.06	19.1	20.12	47.01	12.04	35.34	17.12	22.0	36.06	39.01	
25.0	40.46	43.29	40.25	21.21	39.62	27.73	35.06	28.65	0.0	26.42	28.07	12.21	27.2	9.06	55.54	49.0	51.55	19.1	16.97	47.51	26.02	28.28	41.04	24.04	50.09	9.85	41.05	51.62	41.88	43.57	46.69	43.0	21.4	49.34	58.31	24.35	46.14	41.77	26.25	25.5	26.91	25.81	42.05	28.16	54.33	55.47	15.26	32.02	29.12	31.76	15.13	12.0	18.03	14.87	26.42	25.94	7.0	24.0	23.02	54.59	5.0	53.37	53.6	33.62	41.44	45.22	21.47	29.73	7.0	51.26	17.2	46.17	22.0	54.0	50.7	25.3	28.79	34.37	43.91	40.0	48.51	24.7	31.0	40.01	8.0	32.57	38.9	14.56	30.61	17.0	30.48	26.93	47.41	45.69	44.94	32.76	42.19	40.2	49.4	34.71	27.46	34.23	55.07	26.08	20.59	14.42	49.04	34.83	36.07	
13.15	18.25	21.54	33.62	8.25	16.49	25.08	19.21	27.07	26.42	0.0	12.08	23.85	5.83	18.44	40.46	29.07	38.95	11.7	27.31	21.1	12.37	10.3	17.72	18.87	31.38	22.02	21.1	25.71	37.95	20.88	31.14	23.85	6.0	36.88	31.91	5.0	19.72	27.66	33.54	8.25	31.14	34.93	34.44	16.76	36.36	29.07	23.26	23.43	21.59	5.39	13.6	17.03	30.87	12.04	26.0	1.0	23.77	25.5	12.0	37.44	24.35	29.02	38.95	17.09	26.17	33.6	14.32	9.49	20.62	25.5	29.97	24.7	24.7	33.62	36.77	18.6	19.1	13.6	38.08	21.4	32.02	35.44	29.21	20.81	19.85	22.2	15.52	12.73	11.7	22.47	33.0	17.69	39.82	36.36	34.67	16.16	15.81	24.04	23.02	36.12	8.94	14.21	28.65	15.3	13.93	29.15	36.12	9.85	12.37	
3.61	29.07	15.3	21.54	18.38	27.02	14.32	8.06	16.28	28.07	12.08	0.0	20.12	6.32	19.03	30.02	21.1	27.66	9.0	21.26	25.55	2.24	2.0	28.0	29.7	22.56	19.92	13.0	26.25	25.96	15.81	20.59	15.13	15.56	25.5	35.61	7.81	24.19	16.4	24.6	4.24	21.54	26.42	22.36	5.0	27.2	31.89	18.03	35.23	10.0	13.0	13.0	16.12	24.76	14.32	15.81	11.18	28.44	35.61	5.1	27.86	28.16	26.0	28.3	29.15	15.26	21.93	24.76	21.54	21.1	25.61	24.08	18.11	34.41	26.08	25.81	29.73	30.81	6.71	26.0	12.17	21.93	27.46	40.31	12.04	20.1	34.13	26.02	14.14	23.77	16.4	22.56	29.21	27.78	24.41	22.8	28.23	21.54	13.42	27.78	25.08	3.16	6.32	32.02	4.47	24.08	24.41	24.84	20.02	23.09	
16.55	41.23	35.11	28.23	22.56	39.81	15.81	25.5	16.55	12.21	23.85	20.12	0.0	21.93	8.06	44.41	39.62	40.02	12.73	5.39	43.84	17.89	21.1	41.15	30.15	40.2	3.16	32.28	46.04	29.68	35.85	36.01	33.73	21.19	37.85	54.49	19.85	42.43	31.02	14.76	19.21	14.87	14.87	30.08	18.44	44.01	51.09	3.16	38.05	18.03	28.43	10.3	7.28	8.0	12.65	14.32	23.02	17.2	32.57	15.26	44.01	15.62	46.1	42.43	36.67	31.02	33.73	26.0	30.68	7.62	45.49	7.0	37.64	30.68	44.55	39.46	31.06	34.0	26.83	31.76	30.81	38.0	14.32	39.29	31.05	7.28	38.0	38.91	11.7	32.28	5.1	18.38	32.0	35.34	33.84	33.24	35.69	38.95	30.15	45.97	22.63	20.81	26.4	50.99	16.76	25.0	5.39	37.66	33.62	35.78	
8.06	23.0	17.26	27.86	13.04	21.02	20.02	13.45	22.02	27.2	5.83	6.32	21.93	0.0	18.38	35.0	24.35	33.24	9.22	24.41	21.93	7.0	4.47	22.09	24.21	26.4	20.81	16.16	24.6	32.28	17.03	25.61	18.79	10.3	31.14	32.56	3.0	20.52	21.93	29.41	3.16	26.68	31.02	28.64	11.18	31.3	29.21	20.62	29.21	16.12	7.28	12.53	16.12	28.02	12.37	21.21	5.0	26.02	30.53	7.62	32.25	26.17	26.31	33.42	22.85	20.52	27.8	19.42	15.23	20.62	24.17	27.2	20.4	29.53	29.12	31.14	24.08	24.84	8.54	32.31	16.12	26.63	31.78	34.71	15.65	19.7	28.02	20.02	12.65	17.46	19.42	28.16	23.35	34.0	30.53	28.84	21.93	17.2	18.44	24.08	31.0	3.16	8.94	29.07	10.0	18.87	26.91	30.41	14.04	17.0	
16.03	34.48	34.23	33.02	15.23	33.29	20.62	26.17	21.93	9.06	18.44	19.03	8.06	18.38	0.0	47.13	40.01	43.46	10.05	13.34	39.41	17.0	19.24	34.67	22.09	41.19	5.0	32.02	42.95	35.38	34.53	38.08	34.01	14.42	41.23	50.22	15.65	38.01	33.24	22.47	16.49	21.95	22.8	34.67	19.42	45.54	47.17	9.85	30.02	21.02	23.6	6.08	3.16	16.03	6.4	19.8	17.8	10.82	24.7	14.0	45.89	9.85	44.38	45.22	29.12	32.76	37.16	18.03	23.71	2.24	42.54	15.03	37.12	22.85	45.01	42.38	23.02	26.02	25.32	37.01	31.02	39.81	22.36	31.32	31.0	1.41	30.02	32.45	5.83	25.08	10.82	25.24	24.02	40.22	38.08	37.12	28.16	34.21	31.4	41.4	29.41	18.44	25.18	46.87	17.26	17.03	13.04	40.85	27.66	29.41	
31.78	52.15	21.1	18.68	48.01	49.93	29.02	21.95	29.02	55.54	40.46	30.02	44.41	35.0	47.13	0.0	13.93	5.83	38.08	42.01	39.22	31.3	31.06	50.25	59.2	10.77	45.89	19.85	32.56	21.47	22.83	9.43	17.03	45.22	7.28	43.19	37.44	38.63	13.93	37.66	34.13	34.37	39.81	16.76	27.86	7.0	39.32	41.3	63.66	26.48	38.21	41.79	43.97	44.05	43.86	31.0	39.82	57.58	65.46	34.01	5.0	56.92	25.08	2.0	55.97	14.76	11.05	54.41	48.8	48.76	31.58	44.01	18.79	64.35	13.0	5.0	59.03	59.46	26.91	18.36	19.1	8.49	41.77	69.66	19.8	47.8	62.23	49.09	43.46	50.93	39.32	31.78	58.14	15.0	13.0	12.37	55.23	39.36	16.64	40.8	29.73	32.45	26.25	40.45	30.08	53.82	46.01	7.07	44.2	47.2	
24.0	38.6	7.81	22.2	37.16	36.4	26.83	14.14	27.78	49.0	29.07	21.1	39.62	24.35	40.01	13.93	0.0	16.0	30.07	38.9	25.3	23.02	21.38	36.62	47.89	3.16	40.2	8.25	19.03	26.93	9.22	8.54	6.0	34.54	15.13	30.02	27.2	24.7	11.31	37.74	24.52	34.13	39.96	21.1	21.21	7.81	26.0	36.88	51.4	22.47	25.81	34.06	37.0	41.79	35.36	29.07	28.64	49.5	54.56	26.02	9.43	49.25	12.37	13.34	43.19	10.0	15.23	43.38	36.4	42.0	18.03	41.44	5.0	53.71	5.0	13.0	47.51	47.43	15.81	24.6	9.0	7.07	41.68	57.98	9.06	41.0	49.82	35.61	35.23	38.42	34.93	32.8	46.32	23.09	19.31	17.46	42.52	25.55	9.85	26.93	32.53	22.56	15.52	27.02	23.09	42.95	42.72	14.14	31.11	33.97	
28.84	52.33	21.84	13.15	46.01	50.09	24.33	19.8	24.08	51.55	38.95	27.66	40.02	33.24	43.46	5.83	16.0	0.0	34.99	37.22	40.79	28.6	29.0	50.57	57.31	13.04	41.76	19.7	35.01	15.65	23.77	8.54	17.09	43.19	2.24	46.01	35.38	40.02	11.31	32.25	31.89	29.07	34.37	11.18	24.7	11.18	42.0	36.88	62.37	22.47	37.44	38.47	40.31	39.01	40.82	26.17	38.21	54.13	63.25	31.06	9.43	53.31	28.16	4.24	55.22	12.81	6.32	52.4	47.8	44.94	34.01	39.05	20.22	62.01	16.76	3.0	57.28	58.05	25.81	12.53	18.36	9.06	36.35	67.9	19.24	44.01	61.07	49.19	40.31	50.0	34.93	26.31	56.59	9.22	7.28	7.0	54.41	40.16	15.0	42.58	24.04	30.41	25.0	43.01	26.93	51.74	41.19	2.83	43.91	47.01	
6.32	29.83	24.19	26.25	13.6	28.16	15.23	16.49	17.09	19.1	11.7	9.0	12.73	9.22	10.05	38.08	30.07	34.99	0.0	15.65	31.11	7.07	9.22	29.41	24.19	31.4	11.66	22.0	33.62	29.68	24.52	28.79	24.08	11.18	32.76	41.77	7.21	29.7	24.17	22.09	6.71	20.02	23.35	27.59	10.3	35.9	38.42	11.66	31.02	13.45	15.81	4.0	7.28	19.24	5.83	15.52	10.77	19.65	29.07	4.12	36.4	19.24	34.48	36.25	27.07	23.41	28.84	19.24	20.02	12.17	33.12	18.36	27.07	27.59	35.06	33.54	24.6	26.57	15.3	30.61	21.1	30.36	23.77	34.67	21.02	11.18	30.36	27.2	5.39	22.0	10.77	22.36	24.7	33.24	30.48	29.21	26.08	26.25	21.84	33.24	25.96	8.54	15.13	38.29	8.06	18.36	17.8	32.25	21.54	24.04	
17.69	45.22	35.36	24.74	27.17	43.66	13.0	25.08	13.15	16.97	27.31	21.26	5.39	24.41	13.34	42.01	38.9	37.22	15.65	0.0	46.23	19.1	22.63	44.94	35.36	39.05	8.54	32.2	47.51	25.5	36.36	34.23	33.24	25.5	35.13	56.64	22.83	44.82	29.27	9.43	21.4	10.0	9.49	26.68	18.36	42.43	53.04	4.12	43.19	16.49	31.38	14.32	12.0	3.61	17.12	11.05	26.4	22.47	37.95	17.03	42.19	20.81	46.65	40.01	41.3	29.61	31.06	31.06	34.93	13.0	46.86	2.83	37.58	36.06	43.68	37.01	36.22	39.05	27.8	27.86	30.46	36.35	9.06	44.64	30.87	12.65	43.05	42.72	16.12	36.67	5.0	13.6	37.05	31.62	30.59	30.27	40.31	41.62	29.12	48.41	17.8	22.67	27.2	53.08	17.2	30.07	4.0	35.06	37.16	39.56	
28.84	16.55	19.1	42.3	27.51	14.87	39.4	26.68	41.23	47.51	21.1	25.55	43.84	21.93	39.41	39.22	25.3	40.79	31.11	46.23	0.0	27.46	23.85	14.32	34.01	28.46	42.52	22.0	8.6	47.38	17.12	32.39	24.08	26.4	39.46	10.82	24.08	1.41	32.0	50.12	24.84	46.96	51.97	42.11	29.97	32.7	8.25	42.52	33.73	34.54	15.81	34.06	37.64	49.82	33.02	41.15	21.63	44.38	41.0	29.21	34.54	45.19	16.28	38.6	24.52	30.0	38.05	31.4	21.1	41.62	9.22	49.04	20.62	41.05	27.29	37.85	33.0	31.14	20.25	46.1	24.02	31.78	53.0	41.59	23.02	40.8	31.78	14.56	33.6	22.0	41.23	47.54	31.02	46.01	42.01	40.01	24.33	5.39	28.02	2.24	49.34	23.6	21.19	7.62	30.02	31.58	48.84	38.47	14.14	15.03	
1.41	30.0	17.46	21.47	17.8	28.02	13.04	9.49	15.03	26.02	12.37	2.24	17.89	7.0	17.0	31.3	23.02	28.6	7.07	19.1	27.46	0.0	3.61	29.07	29.07	24.33	17.72	15.03	28.43	25.63	18.03	21.93	17.03	15.0	26.4	37.64	7.62	26.08	17.49	22.85	4.12	19.92	24.6	22.47	4.47	28.86	33.97	15.81	34.99	9.22	14.14	11.05	14.04	22.63	12.65	14.32	11.4	26.68	34.71	3.0	29.41	26.31	28.23	29.53	29.41	16.55	22.67	24.08	21.84	19.03	27.8	21.93	20.22	33.42	28.02	26.93	29.21	30.53	8.94	25.94	14.04	23.41	25.55	39.7	14.0	18.03	34.0	27.02	12.37	24.04	14.21	21.21	28.84	28.02	24.84	23.35	28.46	23.26	14.87	29.68	24.0	4.12	8.54	34.06	3.0	23.35	22.2	25.81	21.02	24.0	
5.0	27.07	15.03	23.41	17.03	25.02	16.28	9.22	18.25	28.28	10.3	2.0	21.1	4.47	19.24	31.06	21.38	29.0	9.22	22.63	23.85	3.61	0.0	26.0	28.32	23.09	20.62	13.15	25.0	27.89	15.3	21.63	15.52	14.21	26.87	34.06	6.4	22.47	17.69	26.4	3.16	23.41	28.18	24.17	7.0	27.86	30.41	19.21	33.6	12.0	11.0	13.15	16.49	26.17	14.04	17.72	9.43	28.16	34.41	5.83	28.64	28.02	25.3	29.41	27.31	16.4	23.43	23.43	19.7	21.38	24.41	25.46	18.0	33.29	26.31	27.02	28.28	29.21	6.08	27.86	12.65	22.83	29.15	38.9	12.37	20.4	32.45	24.02	14.0	21.93	17.69	24.52	27.66	29.53	26.08	24.41	26.4	19.7	14.42	26.08	27.07	1.41	6.0	30.48	6.32	22.8	25.61	26.17	18.03	21.1	
30.15	2.24	29.15	48.66	19.85	1.41	42.11	32.76	44.1	41.04	17.72	28.0	41.15	22.09	34.67	50.25	36.62	50.57	29.41	44.94	14.32	29.07	26.0	0.0	22.14	39.66	38.95	30.87	22.83	53.46	27.46	42.05	33.54	20.25	48.85	22.0	22.56	13.89	40.16	51.2	25.18	48.66	52.63	49.03	33.0	44.41	21.38	40.85	20.02	38.0	15.0	30.87	34.0	48.47	28.65	43.29	18.68	36.24	28.64	29.43	46.04	37.54	30.0	49.24	11.05	38.28	46.49	21.1	11.31	36.62	23.32	47.54	31.62	29.12	39.7	47.85	20.88	18.25	25.71	52.95	32.31	42.06	53.16	28.02	31.38	36.06	18.03	2.24	29.53	10.82	40.16	50.25	18.68	53.85	50.0	48.08	11.18	11.31	36.06	14.56	53.04	25.02	26.68	20.22	32.06	21.63	46.52	47.93	8.06	5.39	
29.21	20.62	40.25	50.22	11.31	20.88	39.36	37.54	41.15	24.04	18.87	29.7	30.15	24.21	22.09	59.2	47.89	57.31	24.19	35.36	34.01	29.07	28.32	22.14	0.0	50.25	27.07	39.96	41.19	53.85	39.4	49.82	42.72	14.14	55.17	43.57	21.93	33.0	46.01	44.15	25.46	43.01	44.72	51.4	33.42	55.23	42.11	31.58	8.06	37.44	22.47	22.47	23.54	38.12	19.31	39.4	19.42	17.46	7.07	27.2	56.3	19.31	46.32	57.63	11.66	44.69	51.62	5.0	13.04	23.0	41.3	37.12	43.38	7.07	52.33	55.32	1.41	5.0	32.45	54.64	40.22	50.8	44.41	10.63	39.66	23.02	8.54	20.62	20.25	12.04	32.02	45.88	3.61	57.01	53.91	52.4	11.18	29.02	42.64	35.13	49.77	26.91	33.02	41.19	31.4	5.83	35.01	54.49	20.02	19.1	
25.18	41.62	10.63	20.52	39.36	39.41	26.57	15.03	27.31	50.09	31.38	22.56	40.2	26.4	41.19	10.77	3.16	13.04	31.4	39.05	28.46	24.33	23.09	39.66	50.25	0.0	41.01	10.3	22.09	25.0	12.21	6.4	7.62	36.67	12.37	33.0	29.15	27.86	10.3	37.12	26.25	33.54	39.36	19.21	22.0	5.0	29.02	37.34	54.04	22.56	28.43	35.36	38.12	41.76	36.88	28.79	30.89	50.99	56.82	27.29	6.4	50.64	15.13	10.2	45.97	9.49	13.04	45.65	39.05	43.1	21.1	41.48	8.06	55.9	5.0	10.05	49.93	50.0	17.89	22.47	10.44	4.47	41.15	60.46	10.77	42.11	52.5	38.6	36.67	41.11	35.36	31.91	48.83	20.62	17.0	15.26	45.28	28.65	10.05	30.08	31.24	24.35	17.46	30.07	24.02	45.18	42.95	11.4	33.97	36.88	
16.49	38.91	35.17	30.41	19.92	37.59	17.89	26.08	18.87	9.85	22.02	19.92	3.16	20.81	5.0	45.89	40.2	41.76	11.66	8.54	42.52	17.72	20.62	38.95	27.07	41.01	0.0	32.56	45.28	32.2	35.74	37.22	34.23	18.79	39.56	53.26	18.44	41.11	32.25	17.89	18.36	17.8	18.03	32.2	19.03	45.04	50.0	5.66	35.01	19.42	26.87	8.49	5.0	11.05	10.3	16.64	21.26	14.21	29.41	14.87	45.18	12.73	45.88	43.93	33.96	32.06	35.44	23.02	28.23	4.47	44.78	10.05	37.85	27.51	45.18	41.0	28.02	31.02	26.57	34.13	31.26	39.12	17.46	36.14	31.4	4.12	35.01	36.72	9.43	29.73	7.21	21.26	29.02	37.59	35.85	35.11	32.98	37.48	31.0	44.6	25.5	20.12	26.25	49.82	17.12	22.02	8.06	39.29	31.62	33.62	
16.12	32.65	3.61	20.62	29.07	30.41	21.26	7.21	22.63	41.05	21.1	13.0	32.28	16.16	32.02	19.85	8.25	19.7	22.0	32.2	22.0	15.03	13.15	30.87	39.96	10.3	32.56	0.0	18.38	25.71	5.39	11.18	2.83	26.4	18.03	29.41	18.97	21.02	10.0	32.56	16.28	29.0	34.71	20.22	13.93	15.26	25.3	29.73	43.93	16.4	18.38	26.0	29.07	35.36	27.17	23.43	20.59	41.3	46.53	18.03	16.4	41.11	14.87	18.6	36.12	8.0	16.12	35.36	29.0	34.06	17.46	34.89	5.39	45.62	13.15	17.0	39.66	39.82	7.62	24.19	2.24	11.4	36.24	50.22	1.41	33.06	42.45	29.53	27.07	31.11	27.86	28.43	38.6	24.02	20.02	18.03	35.38	20.62	6.08	24.02	29.15	14.32	7.28	25.96	15.52	34.89	35.85	17.09	24.41	27.46	
29.83	25.06	14.87	38.9	33.24	23.26	38.6	24.7	40.22	51.62	25.71	26.25	46.04	24.6	42.95	32.56	19.03	35.01	33.62	47.51	8.6	28.43	25.0	22.83	41.19	22.09	45.28	18.38	0.0	43.97	13.0	27.07	19.65	31.58	34.01	11.18	27.31	8.94	27.89	49.82	26.93	46.4	51.86	38.33	29.73	25.71	7.07	44.2	41.76	33.6	20.4	37.12	40.71	50.99	36.77	40.61	25.96	49.48	48.26	30.81	27.66	50.0	8.06	32.25	32.57	25.96	33.38	38.0	28.16	45.19	1.0	50.33	15.13	48.09	19.92	32.02	40.31	38.83	19.8	42.2	20.62	26.0	53.15	49.48	19.7	44.28	39.85	22.85	37.16	29.43	42.64	46.32	38.47	41.44	37.48	35.51	32.28	12.37	24.35	9.22	47.41	25.24	20.52	8.0	30.41	38.01	50.61	33.02	21.21	22.8	
25.08	54.74	29.12	5.1	42.94	52.61	14.87	21.0	13.45	41.88	37.95	25.96	29.68	32.28	35.38	21.47	26.93	15.65	29.68	25.5	47.38	25.63	27.89	53.46	53.85	25.0	32.2	25.71	43.97	0.0	31.05	18.6	24.35	40.25	14.42	55.08	33.24	46.27	16.16	18.25	29.73	15.81	20.1	5.83	21.19	25.5	50.96	26.63	60.37	16.55	38.64	32.02	32.53	26.25	35.0	15.62	37.0	46.1	58.6	26.83	24.21	44.82	38.91	19.72	55.03	18.03	12.04	48.88	47.43	36.24	43.01	26.57	29.15	57.01	29.83	17.2	54.2	55.9	28.02	3.16	23.54	20.62	22.09	64.35	24.52	35.47	59.51	51.62	34.21	49.65	25.0	12.37	54.12	7.07	8.6	9.9	54.08	45.01	19.65	49.5	9.0	29.12	27.02	51.66	22.85	48.02	29.15	15.0	45.71	48.84	
19.31	29.41	2.0	25.96	29.12	27.2	26.17	12.04	27.66	43.57	20.88	15.81	35.85	17.03	34.53	22.83	9.22	23.77	24.52	36.36	17.12	18.03	15.3	27.46	39.4	12.21	35.74	5.39	13.0	31.05	0.0	15.3	7.0	26.68	22.36	24.04	20.02	16.28	15.13	37.48	18.11	33.97	39.6	25.5	18.03	17.03	19.92	33.54	42.44	21.21	17.0	28.44	31.78	39.66	29.07	28.28	20.62	43.0	46.24	20.88	18.6	43.05	10.3	21.93	34.06	13.15	21.0	35.11	27.46	36.67	12.08	39.12	4.24	45.54	13.04	20.88	38.91	38.59	9.22	29.43	7.62	14.87	41.04	49.24	6.71	35.69	40.8	26.4	29.15	29.41	31.76	33.6	37.59	29.02	25.02	23.02	33.42	16.55	11.4	19.03	34.48	16.12	9.49	20.62	19.24	34.79	39.82	21.38	21.93	24.76	
22.47	43.83	13.34	14.14	38.6	41.59	21.38	12.53	21.84	46.69	31.14	20.59	36.01	25.61	38.08	9.43	8.54	8.54	28.79	34.23	32.39	21.93	21.63	42.05	49.82	6.4	37.22	11.18	27.07	18.6	15.3	0.0	8.54	35.81	7.07	38.21	28.02	31.58	5.0	31.38	24.7	27.86	33.62	12.81	18.68	8.25	34.13	33.0	54.45	18.0	29.21	32.57	34.93	36.67	34.54	23.54	30.48	48.38	56.04	24.7	8.0	47.8	20.88	7.81	47.01	5.39	6.71	45.0	39.7	39.81	26.08	36.5	12.0	54.92	11.31	5.83	49.68	50.21	17.69	16.12	10.0	2.24	35.47	60.31	10.82	38.83	53.08	40.71	34.18	41.87	31.0	25.94	48.84	14.56	10.77	8.94	46.23	31.62	7.21	34.23	25.0	23.02	16.97	35.06	20.88	44.41	38.21	6.08	35.51	38.59	
18.0	35.36	5.0	19.31	31.76	33.12	21.63	8.25	22.8	43.0	23.85	15.13	33.73	18.79	34.01	17.03	6.0	17.09	24.08	33.24	24.08	17.03	15.52	33.54	42.72	7.62	34.23	2.83	19.65	24.35	7.0	8.54	0.0	29.07	15.52	30.81	21.54	23.19	8.25	32.8	18.68	29.21	35.0	18.68	15.3	12.53	26.68	31.05	46.75	17.0	21.21	28.07	31.0	36.25	29.43	23.85	23.32	43.57	49.24	20.02	13.6	43.29	15.0	15.81	38.95	6.32	14.0	38.08	31.83	36.0	18.68	35.85	5.0	48.3	11.0	14.32	42.44	42.64	10.3	22.56	3.0	8.6	36.62	53.01	3.16	35.0	45.28	32.25	29.27	33.94	29.12	28.28	41.4	22.02	18.03	16.03	38.21	23.09	5.0	26.02	28.6	16.76	9.85	27.46	17.12	37.59	37.0	14.56	27.2	30.23	
15.26	20.12	27.2	36.36	2.83	18.87	26.25	23.43	28.16	21.4	6.0	15.56	21.19	10.3	14.42	45.22	34.54	43.19	11.18	25.5	26.4	15.0	14.21	20.25	14.14	36.67	18.79	26.4	31.58	40.25	26.68	35.81	29.07	0.0	41.04	37.12	7.81	25.08	31.89	33.0	11.31	31.14	34.06	37.44	19.42	41.59	34.54	21.38	20.12	23.71	11.18	11.18	13.93	28.86	8.54	26.68	6.08	18.03	20.25	13.42	42.54	18.79	35.01	43.6	16.0	30.61	37.48	9.22	9.49	16.4	31.4	27.89	30.36	19.24	39.22	41.23	14.21	15.65	18.79	40.82	26.42	36.89	34.23	24.76	25.94	15.81	19.31	18.03	9.49	11.18	21.1	33.54	13.89	43.01	39.82	38.29	15.0	21.02	28.6	28.18	37.11	12.81	19.24	34.01	17.49	8.6	26.57	40.36	13.45	15.0	
26.63	50.57	20.4	11.4	43.86	48.33	22.2	17.69	22.02	49.34	36.88	25.5	37.85	31.14	41.23	7.28	15.13	2.24	32.76	35.13	39.46	26.4	26.87	48.85	55.17	12.37	39.56	18.03	34.01	14.42	22.36	7.07	15.52	41.04	0.0	45.1	33.24	38.64	9.22	30.41	29.73	27.17	32.56	9.49	22.47	11.4	41.05	34.71	60.31	20.25	35.51	36.24	38.08	37.0	38.59	24.08	36.12	51.89	61.07	28.84	9.9	51.08	27.46	5.39	53.25	10.82	4.12	50.25	45.8	42.72	33.02	37.01	19.03	59.82	16.55	2.83	55.15	55.97	23.85	11.4	16.55	8.06	34.53	65.76	17.46	41.79	59.03	47.42	38.08	48.01	32.76	24.52	54.49	8.6	5.83	5.1	52.43	38.6	13.04	41.3	22.47	28.28	23.02	42.01	24.7	49.58	39.12	1.0	42.06	45.18	
39.05	24.02	25.96	50.0	38.08	23.02	48.88	35.34	50.61	58.31	31.91	35.61	54.49	32.56	50.22	43.19	30.02	46.01	41.77	56.64	10.82	37.64	34.06	22.0	43.57	33.0	53.26	29.41	11.18	55.08	24.04	38.21	30.81	37.12	45.1	0.0	34.83	12.21	39.05	59.91	35.36	56.6	61.85	49.48	39.66	36.22	4.12	53.04	42.01	43.91	26.63	44.82	48.41	60.21	43.83	50.77	32.45	55.04	50.36	39.62	38.21	55.9	18.11	43.05	33.02	37.11	44.55	41.48	31.05	52.43	12.17	59.46	26.31	50.64	30.27	43.01	42.43	40.11	29.68	53.37	31.62	37.05	63.01	50.01	30.68	51.61	40.01	23.09	44.41	31.58	51.66	56.82	40.31	52.61	48.66	46.69	33.06	16.12	35.44	8.94	58.18	33.97	30.53	3.61	40.0	41.76	59.4	44.1	24.35	24.52	
8.25	23.19	20.22	29.07	10.63	21.38	20.1	15.62	22.09	24.35	5.0	7.81	19.85	3.0	15.65	37.44	27.2	35.38	7.21	22.83	24.08	7.62	6.4	22.56	21.93	29.15	18.44	18.97	27.31	33.24	20.02	28.02	21.54	7.81	33.24	34.83	0.0	22.67	24.08	28.64	3.61	26.17	30.08	30.02	12.08	34.01	31.62	18.87	27.46	16.76	8.6	10.0	13.6	26.42	9.49	21.0	4.0	23.02	28.02	7.0	34.89	23.19	29.27	35.81	21.84	22.8	29.73	17.03	14.32	17.89	26.93	25.55	23.35	26.93	32.02	33.42	21.93	23.02	11.4	33.54	18.79	29.15	30.68	32.53	18.38	17.0	26.42	20.4	9.85	16.49	17.89	28.0	21.4	35.51	32.2	30.61	20.88	19.1	20.81	26.17	31.14	5.0	11.7	31.4	10.44	16.4	25.0	32.56	14.56	17.26	
27.46	16.12	18.25	41.19	26.25	14.32	38.08	25.5	39.92	46.14	19.72	24.19	42.43	20.52	38.01	38.63	24.7	40.02	29.7	44.82	1.41	26.08	22.47	13.89	33.0	27.86	41.11	21.02	8.94	46.27	16.28	31.58	23.19	25.08	38.64	12.21	22.67	0.0	31.02	48.76	23.43	45.62	50.61	41.05	28.64	32.2	9.49	41.11	32.98	33.24	14.42	32.65	36.24	48.41	31.62	39.81	20.25	43.08	40.01	27.8	34.01	43.86	16.28	37.95	23.77	29.02	37.12	30.27	20.02	40.22	9.43	47.63	19.92	40.01	26.93	37.11	32.02	30.27	18.97	45.04	23.0	31.05	51.62	40.79	22.0	39.41	31.05	13.93	32.2	21.02	39.82	46.24	30.07	45.04	41.05	39.05	23.54	4.12	27.0	3.61	48.08	22.2	19.92	8.94	28.65	30.41	47.42	37.66	13.04	14.14	
17.89	41.79	13.15	11.18	34.71	39.56	16.49	8.49	17.09	41.77	27.66	16.4	31.02	21.93	33.24	13.93	11.31	11.31	24.17	29.27	32.0	17.49	17.69	40.16	46.01	10.3	32.25	10.0	27.89	16.16	15.13	5.0	8.25	31.89	9.22	39.05	24.08	31.02	0.0	26.83	20.62	23.26	29.07	10.44	13.93	13.15	34.93	28.0	51.09	13.0	26.42	27.86	30.08	31.78	29.97	18.68	26.91	43.66	52.01	20.12	13.0	43.01	22.83	12.08	44.1	2.0	6.32	41.11	36.62	34.93	26.93	31.58	13.0	50.8	15.26	9.43	45.97	46.75	14.76	14.32	8.06	7.07	30.87	56.59	9.06	33.96	49.82	38.63	29.55	38.83	26.0	21.63	45.28	14.04	10.05	8.06	43.27	30.41	4.12	34.01	21.21	19.1	13.89	35.69	16.16	40.46	33.24	8.49	33.11	36.25	
21.54	51.79	36.07	19.1	35.06	50.01	11.31	25.46	10.0	26.25	33.54	24.6	14.76	29.41	22.47	37.66	37.74	32.25	22.09	9.43	50.12	22.85	26.4	51.2	44.15	37.12	17.89	32.56	49.82	18.25	37.48	31.38	32.8	33.0	30.41	59.91	28.64	48.76	26.83	0.0	26.25	3.61	2.24	21.1	20.25	39.56	56.04	12.65	51.79	16.28	36.69	22.09	20.62	8.6	25.18	9.22	32.56	31.91	47.17	21.84	38.9	30.23	47.42	35.69	49.0	27.78	26.68	39.62	42.11	22.36	49.04	9.22	37.64	45.31	42.06	32.76	44.91	47.52	30.23	21.1	30.48	33.62	4.12	53.76	31.14	21.93	51.48	49.03	24.19	44.05	12.17	6.0	45.54	25.08	25.08	25.32	48.0	46.1	28.02	52.35	9.49	26.93	29.41	56.3	20.12	38.64	12.04	30.59	43.17	45.89	
5.0	26.02	18.0	25.5	14.14	24.08	17.0	12.21	19.0	25.5	8.25	4.24	19.21	3.16	16.49	34.13	24.52	31.89	6.71	21.4	24.84	4.12	3.16	25.18	25.46	26.25	18.36	16.28	26.93	29.73	18.11	24.7	18.68	11.31	29.73	35.36	3.61	23.43	20.62	26.25	0.0	23.54	27.86	26.42	8.54	31.02	31.89	17.69	31.06	13.34	10.44	10.44	13.93	25.0	11.0	18.11	7.28	25.08	31.4	4.47	31.78	25.0	27.89	32.45	25.3	19.42	26.17	20.52	17.72	18.68	26.42	24.21	21.02	30.23	29.43	30.0	25.5	26.63	9.0	29.97	15.81	25.94	28.64	36.07	15.52	17.72	30.02	23.09	11.05	19.92	16.4	25.08	25.0	31.91	28.6	27.02	24.35	20.25	17.49	27.02	28.02	2.0	9.06	31.83	7.07	19.85	24.04	29.07	17.12	20.02	
18.68	49.37	32.53	16.0	33.38	47.52	7.81	21.93	6.4	26.91	31.14	21.54	14.87	26.68	21.95	34.37	34.13	29.07	20.02	10.0	46.96	19.92	23.41	48.66	43.01	33.54	17.8	29.0	46.4	15.81	33.97	27.86	29.21	31.14	27.17	56.6	26.17	45.62	23.26	3.61	23.54	0.0	5.83	18.0	17.0	36.06	52.7	12.21	50.45	12.81	33.96	20.62	19.7	10.44	23.77	5.83	30.15	32.02	46.52	19.24	35.44	30.48	43.86	32.39	47.1	24.19	23.35	38.33	40.0	22.2	45.61	10.77	34.06	44.72	38.47	29.43	43.68	46.1	26.93	18.44	26.91	30.08	7.62	52.92	27.59	21.63	50.01	46.53	22.8	42.01	11.18	3.61	44.15	22.36	22.0	22.09	46.1	43.08	24.41	49.19	7.81	24.04	26.08	53.0	17.09	37.36	13.42	27.29	40.61	43.42	
23.26	53.15	38.21	21.21	36.0	51.42	13.45	27.59	12.21	25.81	34.93	26.42	14.87	31.02	22.8	39.81	39.96	34.37	23.35	9.49	51.97	24.6	28.18	52.63	44.72	39.36	18.03	34.71	51.86	20.1	39.6	33.62	35.0	34.06	32.56	61.85	30.08	50.61	29.07	2.24	27.86	5.83	0.0	23.19	22.2	41.79	58.01	13.15	52.47	18.38	38.28	23.0	21.21	7.81	26.02	11.31	33.96	31.76	47.43	23.41	41.11	30.02	49.58	37.85	50.04	30.02	28.86	40.31	43.29	22.47	51.09	8.6	39.82	45.54	44.29	34.93	45.54	48.26	32.2	23.02	32.65	35.85	2.0	54.12	33.3	22.14	52.24	50.45	25.02	45.18	13.0	8.06	46.27	27.02	27.17	27.46	49.04	47.85	30.23	54.2	11.18	28.64	31.4	58.25	21.95	39.32	11.4	32.76	44.64	47.3	
22.2	50.45	23.54	2.0	40.22	48.27	14.32	16.28	13.6	42.05	34.44	22.36	30.08	28.64	34.67	16.76	21.1	11.18	27.59	26.68	42.11	22.47	24.17	49.03	51.4	19.21	32.2	20.22	38.33	5.83	25.5	12.81	18.68	37.44	9.49	49.48	30.02	41.05	10.44	21.1	26.42	18.0	23.19	0.0	18.03	20.0	45.35	26.93	57.45	14.14	34.48	30.48	31.62	28.16	33.24	15.81	33.54	45.49	56.64	24.21	18.87	44.42	33.11	14.87	51.48	12.37	6.4	46.4	43.86	35.85	37.36	28.28	23.41	55.17	24.08	12.08	51.61	53.0	23.35	4.0	18.11	14.87	25.18	62.01	19.1	34.99	56.44	47.3	32.56	46.1	25.08	15.13	51.31	5.66	4.0	4.47	50.57	40.05	14.14	44.18	13.0	25.5	22.36	46.1	20.0	45.61	30.59	9.85	41.48	44.64	
4.24	34.06	17.0	17.0	22.2	32.02	9.49	7.07	11.4	28.16	16.76	5.0	18.44	11.18	19.42	27.86	21.21	24.7	10.3	18.36	29.97	4.47	7.0	33.0	33.42	22.0	19.03	13.93	29.73	21.19	18.03	18.68	15.3	19.42	22.47	39.66	12.08	28.64	13.93	20.25	8.54	17.0	22.2	18.03	0.0	26.17	35.81	15.81	39.45	5.0	18.0	13.93	16.28	21.63	16.12	11.18	15.81	29.73	38.9	6.4	26.48	29.12	28.3	26.0	33.84	13.34	18.6	28.43	26.25	21.21	29.0	21.1	19.31	37.54	26.17	23.26	33.6	34.99	10.0	21.47	12.37	20.4	23.43	44.05	12.65	20.22	38.47	31.02	15.65	28.46	13.93	17.72	33.29	23.6	20.52	19.1	32.89	26.25	12.04	32.2	20.1	8.06	9.22	36.06	2.24	27.66	21.93	21.95	25.02	28.07	
29.61	46.4	15.56	21.63	44.29	44.2	29.61	19.42	30.08	54.33	36.36	27.2	44.01	31.3	45.54	7.0	7.81	11.18	35.9	42.43	32.7	28.86	27.86	44.41	55.23	5.0	45.04	15.26	25.71	25.5	17.03	8.25	12.53	41.59	11.4	36.22	34.01	32.2	13.15	39.56	31.02	36.06	41.79	20.0	26.17	0.0	32.39	41.05	59.03	26.08	33.42	39.81	42.43	44.91	41.48	31.78	35.85	55.54	61.77	31.78	2.0	55.11	18.11	7.28	50.93	13.0	13.6	50.61	44.05	47.38	24.74	44.72	12.81	60.83	6.0	8.6	54.92	55.0	22.83	22.63	15.23	6.08	43.66	65.46	15.65	46.39	57.49	43.42	41.23	46.1	39.05	34.01	53.82	20.0	16.97	15.62	50.25	33.29	14.14	34.18	32.76	29.15	22.36	33.54	28.28	50.12	46.39	10.63	38.9	41.77	
35.38	23.54	21.84	45.88	35.74	22.2	44.94	31.3	46.65	55.47	29.07	31.89	51.09	29.21	47.17	39.32	26.0	42.0	38.42	53.04	8.25	33.97	30.41	21.38	42.11	29.02	50.0	25.3	7.07	50.96	19.92	34.13	26.68	34.54	41.05	4.12	31.62	9.49	34.93	56.04	31.89	52.7	58.01	45.35	35.81	32.39	0.0	49.52	41.3	39.96	23.71	41.62	45.22	56.59	40.82	46.87	29.53	52.55	49.04	36.07	34.37	53.31	14.32	39.12	32.14	32.98	40.45	39.62	29.27	49.4	8.06	55.87	22.2	49.16	26.48	39.0	41.05	39.01	25.81	49.24	27.51	33.02	59.2	49.25	26.57	48.55	39.32	22.09	41.34	30.07	48.08	52.84	39.01	48.51	44.55	42.58	32.06	13.6	31.32	7.0	54.13	30.41	26.63	1.41	36.24	39.81	55.9	40.05	22.36	23.02	
14.42	41.11	32.7	25.08	23.09	39.56	12.65	22.8	13.42	15.26	23.26	18.03	3.16	20.62	9.85	41.3	36.88	36.88	11.66	4.12	42.52	15.81	19.21	40.85	31.58	37.34	5.66	29.73	44.2	26.63	33.54	33.0	31.05	21.38	34.71	53.04	18.87	41.11	28.0	12.65	17.69	12.21	13.15	26.93	15.81	41.05	49.52	0.0	39.32	15.0	27.46	10.2	8.06	7.62	13.04	11.18	22.36	19.85	34.54	13.45	41.0	18.38	43.83	39.32	37.22	28.07	30.59	27.17	30.81	10.0	43.6	6.71	35.11	32.7	41.77	36.35	32.39	35.13	24.7	28.65	28.16	35.01	13.0	41.11	28.46	9.43	39.12	38.63	12.04	32.56	2.0	15.62	33.14	32.2	30.68	30.08	36.22	37.8	27.29	44.69	19.85	19.1	24.19	49.5	14.32	26.17	6.4	34.53	33.11	35.47	
35.36	18.0	43.6	56.44	17.46	19.1	46.24	42.64	48.1	32.02	23.43	35.23	38.05	29.21	30.02	63.66	51.4	62.37	31.02	43.19	33.73	34.99	33.6	20.02	8.06	54.04	35.01	43.93	41.76	60.37	42.44	54.45	46.75	20.12	60.31	42.01	27.46	32.98	51.09	51.79	31.06	50.45	52.47	57.45	39.45	59.03	41.3	39.32	0.0	43.83	25.61	29.83	31.26	46.04	26.68	46.49	24.21	25.3	10.63	33.54	60.31	27.2	47.93	62.23	9.22	49.58	57.01	12.17	15.0	31.02	42.06	45.04	46.62	12.04	55.47	60.14	7.0	4.47	36.77	60.9	44.55	55.17	52.24	8.0	43.86	31.0	2.0	19.24	27.66	13.04	39.62	53.16	6.32	62.97	59.64	58.01	9.49	29.41	47.42	34.37	56.92	32.2	37.48	40.2	37.59	13.15	43.0	59.55	21.02	18.97	
8.54	39.05	19.85	12.81	26.42	37.01	5.0	9.22	6.71	29.12	21.59	10.0	18.03	16.12	21.02	26.48	22.47	22.47	13.45	16.49	34.54	9.22	12.0	38.0	37.44	22.56	19.42	16.4	33.6	16.55	21.21	18.0	17.0	23.71	20.25	43.91	16.76	33.24	13.0	16.28	13.34	12.81	18.38	14.14	5.0	26.08	39.96	15.0	43.83	0.0	23.0	16.4	17.89	19.31	19.1	7.07	20.62	31.76	42.52	10.3	26.0	30.87	31.24	24.52	38.6	13.15	16.16	32.45	31.05	22.47	32.8	18.97	21.63	41.04	27.2	21.59	37.74	39.36	14.32	17.2	14.42	20.02	19.85	48.01	15.0	21.54	42.95	36.01	18.44	33.24	13.0	13.0	37.59	19.8	17.2	16.12	37.64	31.05	12.65	36.77	15.13	13.04	13.42	40.31	6.32	31.62	20.4	19.92	30.02	33.06	
15.3	16.12	18.03	33.96	13.0	14.04	27.17	18.38	29.15	31.76	5.39	13.0	28.43	7.28	23.6	38.21	25.81	37.44	15.81	31.38	15.81	14.14	11.0	15.0	22.47	28.43	26.87	18.38	20.4	38.64	17.0	29.21	21.21	11.18	35.51	26.63	8.6	14.42	26.42	36.69	10.44	33.96	38.28	34.48	18.0	33.42	23.71	27.46	25.61	23.0	0.0	18.38	21.93	34.99	17.2	28.44	5.83	29.12	29.41	14.87	34.71	29.73	24.19	36.88	17.8	24.7	32.65	18.44	10.63	25.81	20.22	34.13	21.1	28.86	30.02	35.0	21.93	21.63	11.66	38.33	19.21	29.73	39.0	32.25	18.44	25.0	24.08	13.04	17.8	12.73	26.42	35.36	20.59	39.56	35.85	34.01	17.03	10.63	22.47	17.8	38.05	10.05	12.53	23.32	17.12	18.25	33.6	34.67	7.07	10.2	
10.2	31.02	28.16	29.0	13.0	29.55	17.2	20.4	18.87	15.13	13.6	13.0	10.3	12.53	6.08	41.79	34.06	38.47	4.0	14.32	34.06	11.05	13.15	30.87	22.47	35.36	8.49	26.0	37.12	32.02	28.44	32.57	28.07	11.18	36.24	44.82	10.0	32.65	27.86	22.09	10.44	20.62	23.0	30.48	13.93	39.81	41.62	10.2	29.83	16.4	18.38	0.0	3.61	17.72	3.16	17.0	12.81	15.81	26.63	8.06	40.26	15.3	38.33	39.92	27.07	27.2	32.25	17.72	20.62	8.25	36.67	16.76	31.06	25.0	39.05	37.16	23.09	25.5	19.24	33.24	25.08	34.21	23.09	32.65	25.02	7.28	29.43	28.64	2.24	22.36	10.0	23.41	23.54	36.12	33.6	32.45	26.08	29.0	25.71	36.12	27.31	12.37	19.1	41.4	11.7	16.76	15.65	35.78	23.32	25.5	
13.0	34.01	31.4	30.0	15.3	32.65	17.69	23.09	19.1	12.0	17.03	16.12	7.28	16.12	3.16	43.97	37.0	40.31	7.28	12.0	37.64	14.04	16.49	34.0	23.54	38.12	5.0	29.07	40.71	32.53	31.78	34.93	31.0	13.93	38.08	48.41	13.6	36.24	30.08	20.62	13.93	19.7	21.21	31.62	16.28	42.43	45.22	8.06	31.26	17.89	21.93	3.61	0.0	15.13	5.39	17.03	16.28	13.89	26.83	11.05	42.76	13.0	41.76	42.06	29.43	29.61	34.01	19.1	23.41	5.0	40.25	14.14	34.23	25.06	42.0	39.22	24.33	27.07	22.56	34.06	28.0	36.67	21.02	33.24	28.02	4.0	31.06	31.76	4.47	25.0	8.54	22.83	25.08	37.2	34.99	34.0	28.44	32.56	28.28	39.7	26.93	15.81	22.36	45.0	14.14	18.11	12.65	37.7	26.63	28.65	
21.21	48.7	38.59	26.17	30.41	47.17	15.3	28.18	15.03	18.03	30.87	24.76	8.0	28.02	16.03	44.05	41.79	39.01	19.24	3.61	49.82	22.63	26.17	48.47	38.12	41.76	11.05	35.36	50.99	26.25	39.66	36.67	36.25	28.86	37.0	60.21	26.42	48.41	31.78	8.6	25.0	10.44	7.81	28.16	21.63	44.91	56.59	7.62	46.04	19.31	34.99	17.72	15.13	0.0	20.4	13.15	29.97	24.17	40.26	20.62	44.55	22.36	49.93	42.05	44.55	32.28	33.02	34.0	38.33	15.3	50.33	1.0	40.71	38.33	46.49	39.05	39.05	42.0	31.24	28.86	33.54	38.83	6.71	47.07	34.0	15.13	46.0	46.24	19.42	40.02	8.6	13.93	40.0	32.76	32.14	32.02	43.57	45.22	31.95	52.01	17.89	26.25	30.61	56.64	20.62	33.0	3.61	37.01	40.72	43.08	
12.08	28.64	29.0	31.83	10.05	27.29	20.25	22.14	21.95	14.87	12.04	14.32	12.65	12.37	6.4	43.86	35.36	40.82	5.83	17.12	33.02	12.65	14.04	28.65	19.31	36.88	10.3	27.17	36.77	35.0	29.07	34.54	29.43	8.54	38.59	43.83	9.49	31.62	29.97	25.18	11.0	23.77	26.02	33.24	16.12	41.48	40.82	13.04	26.68	19.1	17.2	3.16	5.39	20.4	0.0	20.12	11.4	14.14	23.6	9.85	42.06	14.0	38.64	42.05	24.19	29.15	34.67	14.56	18.03	8.6	36.4	19.42	32.02	22.02	40.31	39.36	19.92	22.36	20.0	36.12	26.48	36.06	26.02	29.53	26.31	7.81	26.31	26.42	1.0	19.65	13.04	26.57	20.4	38.9	36.24	35.0	23.19	27.8	27.51	35.0	30.46	13.0	20.02	40.5	13.89	13.6	18.03	38.08	21.4	23.32	
13.15	44.1	26.91	13.93	29.12	42.19	2.24	16.28	2.24	26.42	26.0	15.81	14.32	21.21	19.8	31.0	29.07	26.17	15.52	11.05	41.15	14.32	17.72	43.29	39.4	28.79	16.64	23.43	40.61	15.62	28.28	23.54	23.85	26.68	24.08	50.77	21.0	39.81	18.68	9.22	18.11	5.83	11.31	15.81	11.18	31.78	46.87	11.18	46.49	7.07	28.44	17.0	17.03	13.15	20.12	0.0	25.0	30.48	43.57	14.0	31.4	29.21	38.29	29.0	42.43	19.31	20.02	34.54	35.13	20.62	39.82	13.04	28.6	41.88	33.62	26.0	39.92	42.06	21.1	17.49	21.4	25.71	12.81	49.65	22.02	19.85	45.88	41.19	19.24	37.22	9.43	7.0	40.16	21.02	19.65	19.24	41.44	37.34	19.24	43.38	10.44	18.44	20.25	47.17	11.4	33.62	15.03	24.02	35.23	38.12	
12.17	19.24	21.19	32.7	8.54	17.46	24.08	18.44	26.08	25.94	1.0	11.18	23.02	5.0	17.8	39.82	28.64	38.21	10.77	26.4	21.63	11.4	9.43	18.68	19.42	30.89	21.26	20.59	25.96	37.0	20.62	30.48	23.32	6.08	36.12	32.45	4.0	20.25	26.91	32.56	7.28	30.15	33.96	33.54	15.81	35.85	29.53	22.36	24.21	20.62	5.83	12.81	16.28	29.97	11.4	25.0	0.0	23.54	25.94	11.0	36.89	24.04	29.0	38.29	18.03	25.46	32.8	14.76	10.44	20.0	25.71	29.07	24.35	25.08	33.24	36.07	19.21	19.85	13.04	37.16	20.81	31.4	34.48	29.83	20.25	19.21	23.02	16.49	12.04	12.65	21.54	32.0	18.38	38.95	35.51	33.84	17.09	16.4	23.35	23.6	35.13	8.06	13.6	29.15	14.32	14.32	28.3	35.38	10.77	13.34	
25.96	35.38	43.05	43.83	17.0	34.83	31.4	36.14	32.65	7.0	23.77	28.44	17.2	26.02	10.82	57.58	49.5	54.13	19.65	22.47	44.38	26.68	28.16	36.24	17.46	50.99	14.21	41.3	49.48	46.1	43.0	48.38	43.57	18.03	51.89	55.04	23.02	43.08	43.66	31.91	25.08	32.02	31.76	45.49	29.73	55.54	52.55	19.85	25.3	31.76	29.12	15.81	13.89	24.17	14.14	30.48	23.54	0.0	17.0	23.77	56.04	2.0	52.24	55.71	27.8	43.01	47.85	15.62	25.0	9.9	49.24	23.26	46.1	15.0	54.45	52.92	18.79	22.36	34.06	47.8	40.61	50.0	30.87	24.0	40.45	10.63	26.0	34.21	14.32	25.5	21.21	35.47	20.59	51.04	48.88	47.89	27.02	39.0	41.48	46.1	39.7	27.07	34.13	52.0	27.51	14.87	20.62	51.48	30.89	31.62	
34.66	26.93	47.01	55.32	17.49	27.46	43.83	43.6	45.49	24.0	25.5	35.61	32.57	30.53	24.7	65.46	54.56	63.25	29.07	37.95	41.0	34.71	34.41	28.64	7.07	56.82	29.41	46.53	48.26	58.6	46.24	56.04	49.24	20.25	61.07	50.36	28.02	40.01	52.01	47.17	31.4	46.52	47.43	56.64	38.9	61.77	49.04	34.54	10.63	42.52	29.41	26.63	26.83	40.26	23.6	43.57	25.94	17.0	0.0	32.53	62.77	19.0	53.37	63.82	17.72	50.8	57.38	11.18	20.1	25.0	48.37	39.29	50.16	2.0	59.09	61.4	8.0	10.44	38.95	59.67	46.65	57.14	46.84	7.0	46.14	25.3	12.21	27.29	24.41	19.0	35.34	49.65	10.05	62.29	59.4	58.0	17.46	36.06	48.83	42.05	53.71	33.02	39.45	48.09	36.77	11.66	36.88	60.44	27.07	26.02	
2.24	30.15	20.4	23.02	16.12	28.28	13.15	12.37	15.13	23.02	12.0	5.1	15.26	7.62	14.0	34.01	26.02	31.06	4.12	17.03	29.21	3.0	5.83	29.43	27.2	27.29	14.87	18.03	30.81	26.83	20.88	24.7	20.02	13.42	28.84	39.62	7.0	27.8	20.12	21.84	4.47	19.24	23.41	24.21	6.4	31.78	36.07	13.45	33.54	10.3	14.87	8.06	11.05	20.62	9.85	14.0	11.0	23.77	32.53	0.0	32.28	23.35	31.02	32.2	28.64	19.31	25.0	22.2	21.21	16.03	30.23	19.85	23.19	31.14	31.02	29.53	27.46	29.07	11.7	27.46	17.03	26.25	24.17	37.8	17.0	15.03	32.7	27.29	9.49	23.35	12.04	21.0	27.29	29.83	26.87	25.5	27.66	24.7	17.72	31.4	24.19	5.66	11.4	36.07	4.24	21.4	19.85	28.3	21.38	24.19	
30.08	48.01	17.03	20.59	45.28	45.8	29.27	19.92	29.61	54.59	37.44	27.86	44.01	32.25	45.89	5.0	9.43	9.43	36.4	42.19	34.54	29.41	28.64	46.04	56.3	6.4	45.18	16.4	27.66	24.21	18.6	8.0	13.6	42.54	9.9	38.21	34.89	34.01	13.0	38.9	31.78	35.44	41.11	18.87	26.48	2.0	34.37	41.0	60.31	26.0	34.71	40.26	42.76	44.55	42.06	31.4	36.89	56.04	62.77	32.28	0.0	55.54	20.1	5.39	52.33	13.15	12.53	51.62	45.34	47.68	26.68	44.41	14.42	61.77	8.0	7.07	56.04	56.22	23.85	21.26	16.12	6.08	43.01	66.61	16.64	46.69	58.8	45.0	41.76	47.42	39.0	33.24	55.0	18.44	15.62	14.42	51.62	34.99	14.56	36.06	31.76	29.97	23.32	35.51	28.64	51.11	46.17	9.22	40.36	43.28	
25.5	36.77	43.0	42.72	18.03	36.12	30.23	35.69	31.4	5.0	24.35	28.16	15.62	26.17	9.85	56.92	49.25	53.31	19.24	20.81	45.19	26.31	28.02	37.54	19.31	50.64	12.73	41.11	50.0	44.82	43.05	47.8	43.29	18.79	51.08	55.9	23.19	43.86	43.01	30.23	25.0	30.48	30.02	44.42	29.12	55.11	53.31	18.38	27.2	30.87	29.73	15.3	13.0	22.36	14.0	29.21	24.04	2.0	19.0	23.35	55.54	0.0	52.47	55.03	29.41	42.45	47.01	17.2	26.25	8.6	49.73	21.47	46.01	17.0	54.23	52.2	20.62	24.17	34.0	46.62	40.31	49.48	29.07	26.0	40.2	9.43	27.86	35.47	14.04	26.87	19.85	33.97	22.36	49.93	47.89	46.96	28.6	39.81	41.0	46.96	38.21	27.0	34.01	52.8	26.93	16.4	18.79	50.7	31.91	32.8	
29.55	32.2	11.4	34.0	37.12	30.23	36.12	22.02	37.48	53.37	29.02	26.0	46.1	26.31	44.38	25.08	12.37	28.16	34.48	46.65	16.28	28.23	25.3	30.0	46.32	15.13	45.88	14.87	8.06	38.91	10.3	20.88	15.0	35.01	27.46	18.11	29.27	16.28	22.83	47.42	27.89	43.86	49.58	33.11	28.3	18.11	14.32	43.83	47.93	31.24	24.19	38.33	41.76	49.93	38.64	38.29	29.0	52.24	53.37	31.02	20.1	52.47	0.0	25.0	38.91	21.1	27.51	42.58	33.53	46.57	7.21	49.4	10.0	52.95	12.17	25.18	45.61	44.6	19.31	36.77	16.97	19.42	51.09	55.36	16.28	45.61	46.1	29.68	38.83	35.11	42.06	43.19	43.97	35.44	31.62	29.73	38.48	18.87	20.0	17.2	43.6	25.96	19.7	15.52	29.53	42.43	50.12	26.48	26.93	29.07	
29.97	51.11	20.12	16.76	46.4	48.88	27.02	20.25	27.02	53.6	38.95	28.3	42.43	33.42	45.22	2.0	13.34	4.24	36.25	40.01	38.6	29.53	29.41	49.24	57.63	10.2	43.93	18.6	32.25	19.72	21.93	7.81	15.81	43.6	5.39	43.05	35.81	37.95	12.08	35.69	32.45	32.39	37.85	14.87	26.0	7.28	39.12	39.32	62.23	24.52	36.88	39.92	42.06	42.05	42.05	29.0	38.29	55.71	63.82	32.2	5.39	55.03	25.0	0.0	54.67	13.04	9.06	52.8	47.42	46.84	31.26	42.01	18.03	62.68	13.15	3.0	57.49	58.0	25.46	16.64	17.69	7.21	39.81	68.12	18.44	45.88	60.83	48.02	41.63	49.58	37.34	29.83	56.64	13.45	11.18	10.44	53.91	38.48	15.0	40.26	27.86	30.81	24.76	40.2	28.23	52.2	44.01	5.1	43.01	46.04	
30.08	9.22	35.38	50.7	14.14	10.0	41.77	35.85	43.74	33.62	17.09	29.15	36.67	22.85	29.12	55.97	43.19	55.22	27.07	41.3	24.52	29.41	27.31	11.05	11.66	45.97	33.96	36.12	32.57	55.03	34.06	47.01	38.95	16.0	53.25	33.02	21.84	23.77	44.1	49.0	25.3	47.1	50.04	51.48	33.84	50.93	32.14	37.22	9.22	38.6	17.8	27.07	29.43	44.55	24.19	42.43	18.03	27.8	17.72	28.64	52.33	29.41	38.91	54.67	0.0	42.44	50.25	12.21	7.62	30.68	32.89	43.57	38.29	18.38	47.01	52.8	10.3	7.28	29.41	55.15	37.01	47.51	50.16	17.12	36.24	30.36	7.28	10.05	25.18	5.39	37.05	49.37	8.06	56.8	53.24	51.48	1.0	20.25	40.22	25.18	52.77	26.0	30.23	31.06	32.28	13.04	41.98	52.43	12.21	9.85	
17.09	39.92	11.18	13.0	33.42	37.7	17.09	7.21	17.89	41.44	26.17	15.26	31.02	20.52	32.76	14.76	10.0	12.81	23.41	29.61	30.0	16.55	16.4	38.28	44.69	9.49	32.06	8.0	25.96	18.03	13.15	5.39	6.32	30.61	10.82	37.11	22.8	29.02	2.0	27.78	19.42	24.19	30.02	12.37	13.34	13.0	32.98	28.07	49.58	13.15	24.7	27.2	29.61	32.28	29.15	19.31	25.46	43.01	50.8	19.31	13.15	42.45	21.1	13.04	42.44	0.0	8.25	39.82	35.0	34.53	25.0	32.02	11.18	49.65	14.32	10.63	44.6	45.28	13.04	16.28	6.08	7.07	31.76	55.23	7.07	33.54	48.27	36.77	28.79	37.2	26.08	22.8	43.84	16.03	12.04	10.05	41.62	28.44	2.24	32.02	22.67	17.8	12.21	33.73	15.52	39.2	33.54	10.0	31.3	34.44	
22.8	48.1	19.0	8.06	40.31	45.88	18.11	14.42	18.0	45.22	33.6	21.93	33.73	27.8	37.16	11.05	15.23	6.32	28.84	31.06	38.05	22.67	23.43	46.49	51.62	13.04	35.44	16.12	33.38	12.04	21.0	6.71	14.0	37.48	4.12	44.55	29.73	37.12	6.32	26.68	26.17	23.35	28.86	6.4	18.6	13.6	40.45	30.59	57.01	16.16	32.65	32.25	34.01	33.02	34.67	20.02	32.8	47.85	57.38	25.0	12.53	47.01	27.51	9.06	50.25	8.25	0.0	46.67	42.72	38.63	32.39	33.0	18.25	56.08	17.8	6.08	51.66	52.63	21.02	9.43	14.32	8.6	30.81	62.24	15.3	37.7	55.8	44.94	34.13	44.94	28.64	20.88	51.09	8.06	4.12	2.24	49.4	36.67	10.44	40.01	19.24	24.84	20.12	41.3	20.81	45.97	35.06	4.0	39.4	42.54	
24.21	20.0	35.85	45.22	6.4	19.72	34.44	32.65	36.25	21.47	14.32	24.76	26.0	19.42	18.03	54.41	43.38	52.4	19.24	31.06	31.4	24.08	23.43	21.1	5.0	45.65	23.02	35.36	38.0	48.88	35.11	45.0	38.08	9.22	50.25	41.48	17.03	30.27	41.11	39.62	20.52	38.33	40.31	46.4	28.43	50.61	39.62	27.17	12.17	32.45	18.44	17.72	19.1	34.0	14.56	34.54	14.76	15.62	11.18	22.2	51.62	17.2	42.58	52.8	12.21	39.82	46.67	0.0	10.44	19.24	38.01	33.0	39.0	10.44	47.93	50.45	5.39	8.0	27.78	49.65	35.51	46.04	40.11	15.62	34.99	19.1	12.0	19.24	15.52	10.3	27.46	41.11	6.0	52.01	48.92	47.42	11.4	26.17	37.8	32.76	44.94	22.02	28.3	38.83	26.4	1.0	31.06	49.58	17.26	17.09	
22.56	10.82	28.6	43.08	8.6	9.9	34.37	28.3	36.35	29.73	9.49	21.54	30.68	15.23	23.71	48.8	36.4	47.8	20.02	34.93	21.1	21.84	19.7	11.31	13.04	39.05	28.23	29.0	28.16	47.43	27.46	39.7	31.83	9.49	45.8	31.05	14.32	20.02	36.62	42.11	17.72	40.0	43.29	43.86	26.25	44.05	29.27	30.81	15.0	31.05	10.63	20.62	23.41	38.33	18.03	35.13	10.44	25.0	20.1	21.21	45.34	26.25	33.53	47.42	7.62	35.0	42.72	10.44	0.0	25.55	28.28	37.36	31.62	20.0	40.5	45.45	12.17	11.18	22.02	47.54	29.73	40.31	43.57	21.93	29.0	25.06	13.45	9.22	18.97	2.24	30.41	42.11	10.44	49.19	45.65	43.91	6.71	16.0	32.8	22.36	45.4	18.38	22.8	28.44	24.74	10.77	36.06	45.0	7.0	6.71	
18.0	36.36	36.35	34.13	17.0	35.23	21.63	28.07	22.8	7.0	20.62	21.1	7.62	20.62	2.24	48.76	42.0	44.94	12.17	13.0	41.62	19.03	21.38	36.62	23.0	43.1	4.47	34.06	45.19	36.24	36.67	39.81	36.0	16.4	42.72	52.43	17.89	40.22	34.93	22.36	18.68	22.2	22.47	35.85	21.21	47.38	49.4	10.0	31.02	22.47	25.81	8.25	5.0	15.3	8.6	20.62	20.0	9.9	25.0	16.03	47.68	8.6	46.57	46.84	30.68	34.53	38.63	19.24	25.55	0.0	44.78	14.32	39.2	23.09	47.0	43.97	24.02	27.17	27.46	38.01	33.0	41.59	21.84	31.78	33.02	1.0	31.14	34.41	8.06	26.83	11.31	25.61	25.18	41.34	39.36	38.48	29.73	36.4	33.24	43.6	29.83	20.62	27.29	49.09	19.1	18.25	12.04	42.38	29.73	31.4	
29.21	25.55	13.93	37.95	33.14	23.71	37.8	23.85	39.41	51.26	25.5	25.61	45.49	24.17	42.54	31.58	18.03	34.01	33.12	46.86	9.22	27.8	24.41	23.32	41.3	21.1	44.78	17.46	1.0	43.01	12.08	26.08	18.68	31.4	33.02	12.17	26.93	9.43	26.93	49.04	26.42	45.61	51.09	37.36	29.0	24.74	8.06	43.6	42.06	32.8	20.22	36.67	40.25	50.33	36.4	39.82	25.71	49.24	48.37	30.23	26.68	49.73	7.21	31.26	32.89	25.0	32.39	38.01	28.28	44.78	0.0	49.68	14.14	48.17	18.97	31.02	40.45	39.05	19.1	41.23	19.7	25.0	52.4	49.73	18.79	43.86	40.16	23.26	36.77	29.61	42.01	45.49	38.64	40.45	36.5	34.53	32.57	12.65	23.41	10.0	46.53	24.7	19.8	9.0	29.73	38.0	50.0	32.02	21.38	23.09	
20.52	47.76	38.08	26.31	29.43	46.24	15.13	27.73	15.0	17.2	29.97	24.08	7.0	27.2	15.03	44.01	41.44	39.05	18.36	2.83	49.04	21.93	25.46	47.54	37.12	41.48	10.05	34.89	50.33	26.57	39.12	36.5	35.85	27.89	37.01	59.46	25.55	47.63	31.58	9.22	24.21	10.77	8.6	28.28	21.1	44.72	55.87	6.71	45.04	18.97	34.13	16.76	14.14	1.0	19.42	13.04	29.07	23.26	39.29	19.85	44.41	21.47	49.4	42.01	43.57	32.02	33.0	33.0	37.36	14.32	49.68	0.0	40.25	37.36	46.17	39.01	38.05	41.0	30.61	29.12	33.11	38.64	7.62	46.1	33.54	14.14	45.0	45.31	18.44	39.05	7.81	14.32	39.0	32.98	32.25	32.06	42.58	44.41	31.62	51.22	18.36	25.5	30.0	55.9	20.0	32.0	2.83	37.0	39.81	42.15	
21.38	33.6	3.16	24.17	32.89	31.4	26.4	12.53	27.66	46.17	24.7	18.11	37.64	20.4	37.12	18.79	5.0	20.22	27.07	37.58	20.62	20.22	18.0	31.62	43.38	8.06	37.85	5.39	15.13	29.15	4.24	12.0	5.0	30.36	19.03	26.31	23.35	19.92	13.0	37.64	21.02	34.06	39.82	23.41	19.31	12.81	22.2	35.11	46.62	21.63	21.1	31.06	34.23	40.71	32.02	28.6	24.35	46.1	50.16	23.19	14.42	46.01	10.0	18.03	38.29	11.18	18.25	39.0	31.62	39.2	14.14	40.25	0.0	49.4	8.94	17.26	42.94	42.72	12.04	27.2	7.21	11.18	41.4	53.34	6.71	38.21	45.0	30.61	32.0	33.6	33.24	33.24	41.68	26.31	22.36	20.4	37.64	20.59	10.0	22.36	33.6	19.03	12.0	23.09	20.88	38.63	41.23	18.03	26.17	29.0	
33.3	27.51	46.24	53.81	16.55	27.89	42.2	42.44	43.83	22.0	24.7	34.41	30.68	29.53	22.85	64.35	53.71	62.01	27.59	36.06	41.05	33.42	33.29	29.12	7.07	55.9	27.51	45.62	48.09	57.01	45.54	54.92	48.3	19.24	59.82	50.64	26.93	40.01	50.8	45.31	30.23	44.72	45.54	55.17	37.54	60.83	49.16	32.7	12.04	41.04	28.86	25.0	25.06	38.33	22.02	41.88	25.08	15.0	2.0	31.14	61.77	17.0	52.95	62.68	18.38	49.65	56.08	10.44	20.0	23.09	48.17	37.36	49.4	0.0	58.31	60.22	8.25	11.18	38.01	58.14	45.65	56.08	44.92	9.0	45.18	23.41	13.45	27.66	22.8	19.1	33.54	47.89	10.44	60.83	58.0	56.64	18.03	36.0	47.71	42.19	51.97	31.91	38.47	48.26	35.38	10.77	34.93	59.2	27.0	26.17	
29.0	41.77	12.08	25.46	41.79	39.62	31.38	19.1	32.2	54.0	33.62	26.08	44.55	29.12	45.01	13.0	5.0	16.76	35.06	43.68	27.29	28.02	26.31	39.7	52.33	5.0	45.18	13.15	19.92	29.83	13.04	11.31	11.0	39.22	16.55	30.27	32.02	26.93	15.26	42.06	29.43	38.47	44.29	24.08	26.17	6.0	26.48	41.77	55.47	27.2	30.02	39.05	42.0	46.49	40.31	33.62	33.24	54.45	59.09	31.02	8.0	54.23	12.17	13.15	47.01	14.32	17.8	47.93	40.5	47.0	18.97	46.17	8.94	58.31	0.0	13.93	51.88	51.62	20.62	27.2	14.0	9.22	46.07	62.27	14.04	46.0	53.82	38.9	40.2	42.44	39.81	36.89	50.61	25.06	21.63	20.0	46.4	28.43	14.56	28.64	36.24	27.46	20.4	27.66	28.07	47.54	47.54	15.65	34.83	37.54	
27.29	49.65	18.97	13.93	44.05	47.41	24.02	17.8	24.02	50.7	36.77	25.81	39.46	31.14	42.38	5.0	13.0	3.0	33.54	37.01	37.85	26.93	27.02	47.85	55.32	10.05	41.0	17.0	32.02	17.2	20.88	5.83	14.32	41.23	2.83	43.01	33.42	37.11	9.43	32.76	30.0	29.43	34.93	12.08	23.26	8.6	39.0	36.35	60.14	21.59	35.0	37.16	39.22	39.05	39.36	26.0	36.07	52.92	61.4	29.53	7.07	52.2	25.18	3.0	52.8	10.63	6.08	50.45	45.45	43.97	31.02	39.01	17.26	60.22	13.93	0.0	55.23	55.87	23.43	14.21	15.81	6.08	36.88	65.86	16.64	43.01	58.8	46.53	38.91	47.63	34.37	26.93	54.45	11.4	8.6	7.62	52.01	37.34	12.73	39.62	25.08	28.43	22.67	40.01	25.5	49.82	41.01	2.24	41.34	44.42	
29.41	19.31	39.82	50.48	11.4	19.65	39.81	37.48	41.63	25.3	18.6	29.73	31.06	24.08	23.02	59.03	47.51	57.28	24.6	36.22	33.0	29.21	28.28	20.88	1.41	49.93	28.02	39.66	40.31	54.2	38.91	49.68	42.44	14.21	55.15	42.43	21.93	32.02	45.97	44.91	25.5	43.68	45.54	51.61	33.6	54.92	41.05	32.39	7.0	37.74	21.93	23.09	24.33	39.05	19.92	39.92	19.21	18.79	8.0	27.46	56.04	20.62	45.61	57.49	10.3	44.6	51.66	5.39	12.17	24.02	40.45	38.05	42.94	8.25	51.88	55.23	0.0	3.61	32.2	54.92	40.0	50.61	45.28	10.63	39.41	24.0	7.28	19.42	20.88	11.0	32.76	46.49	2.24	57.2	54.04	52.5	9.85	28.07	42.52	34.06	50.33	26.87	32.8	40.11	31.62	6.32	36.0	54.45	19.1	18.03	
30.89	16.49	39.66	51.97	13.0	17.12	41.79	38.29	43.66	28.79	19.1	30.81	34.0	24.84	26.02	59.46	47.43	58.05	26.57	39.05	31.14	30.53	29.21	18.25	5.0	50.0	31.02	39.82	38.83	55.9	38.59	50.21	42.64	15.65	55.97	40.11	23.02	30.27	46.75	47.52	26.63	46.1	48.26	53.0	34.99	55.0	39.01	35.13	4.47	39.36	21.63	25.5	27.07	42.0	22.36	42.06	19.85	22.36	10.44	29.07	56.22	24.17	44.6	58.0	7.28	45.28	52.63	8.0	11.18	27.17	39.05	41.0	42.72	11.18	51.62	55.87	3.61	0.0	32.56	56.44	40.36	50.99	48.09	10.77	39.7	27.07	4.0	17.03	23.35	9.49	35.36	48.76	2.0	58.52	55.22	53.6	7.07	26.48	43.14	32.02	52.5	27.8	33.24	38.0	33.12	9.0	39.05	55.23	17.72	16.12	
10.3	27.2	9.0	23.09	21.47	25.0	19.24	7.07	21.02	34.37	13.6	6.71	26.83	8.54	25.32	26.91	15.81	25.81	15.3	27.8	20.25	8.94	6.08	25.71	32.45	17.89	26.57	7.62	19.8	28.02	9.22	17.69	10.3	18.79	23.85	29.68	11.4	18.97	14.76	30.23	9.0	26.93	32.2	23.35	10.0	22.83	25.81	24.7	36.77	14.32	11.66	19.24	22.56	31.24	20.0	21.1	13.04	34.06	38.95	11.7	23.85	34.0	19.31	25.46	29.41	13.04	21.02	27.78	22.02	27.46	19.1	30.61	12.04	38.01	20.62	23.43	32.2	32.56	0.0	27.29	7.81	18.44	33.42	42.8	7.21	26.48	35.38	24.04	20.02	24.21	23.02	27.31	31.24	28.16	24.35	22.47	28.6	17.12	10.82	22.47	29.12	7.0	1.0	26.08	10.63	27.29	31.06	23.02	18.38	21.54	
25.55	54.34	27.46	4.47	43.57	52.17	16.4	20.22	15.26	43.91	38.08	26.0	31.76	32.31	37.01	18.36	24.6	12.53	30.61	27.86	46.1	25.94	27.86	52.95	54.64	22.47	34.13	24.19	42.2	3.16	29.43	16.12	22.56	40.82	11.4	53.37	33.54	45.04	14.32	21.1	29.97	18.44	23.02	4.0	21.47	22.63	49.24	28.65	60.9	17.2	38.33	33.24	34.06	28.86	36.12	17.49	37.16	47.8	59.67	27.46	21.26	46.62	36.77	16.64	55.15	16.28	9.43	49.65	47.54	38.01	41.23	29.12	27.2	58.14	27.2	14.21	54.92	56.44	27.29	0.0	22.09	18.03	25.02	65.22	23.09	37.2	59.94	51.2	35.38	49.77	26.93	15.13	54.71	4.0	5.66	7.21	54.23	44.05	18.11	48.17	12.04	29.15	26.31	50.01	23.32	48.83	31.62	12.04	45.35	48.51	
15.0	34.01	5.83	18.44	29.15	31.78	19.21	5.39	20.52	40.0	21.4	12.17	30.81	16.12	31.02	19.1	9.0	18.36	21.1	30.46	24.02	14.04	12.65	32.31	40.22	10.44	31.26	2.24	20.62	23.54	7.62	10.0	3.0	26.42	16.55	31.62	18.79	23.0	8.06	30.48	15.81	26.91	32.65	18.11	12.37	15.23	27.51	28.16	44.55	14.42	19.21	25.08	28.0	33.54	26.48	21.4	20.81	40.61	46.65	17.03	16.12	40.31	16.97	17.69	37.01	6.08	14.32	35.51	29.73	33.0	19.7	33.11	7.21	45.65	14.0	15.81	40.0	40.36	7.81	22.09	0.0	10.63	34.21	50.61	1.0	32.0	43.14	30.87	26.31	31.89	26.25	26.25	39.05	22.09	18.11	16.12	36.24	22.36	4.0	26.08	26.93	13.93	7.21	28.16	14.14	34.99	34.18	15.65	25.55	28.65	
24.04	43.91	13.0	16.28	39.66	41.68	23.54	13.93	24.04	48.51	32.02	21.93	38.0	26.63	39.81	8.49	7.07	9.06	30.36	36.35	31.78	23.41	22.83	42.06	50.8	4.47	39.12	11.4	26.0	20.62	14.87	2.24	8.6	36.89	8.06	37.05	29.15	31.05	7.07	33.62	25.94	30.08	35.85	14.87	20.4	6.08	33.02	35.01	55.17	20.02	29.73	34.21	36.67	38.83	36.06	25.71	31.4	50.0	57.14	26.25	6.08	49.48	19.42	7.21	47.51	7.07	8.6	46.04	40.31	41.59	25.0	38.64	11.18	56.08	9.22	6.08	50.61	50.99	18.44	18.03	10.63	0.0	37.7	61.22	11.31	40.61	53.74	40.82	35.74	42.45	33.02	28.18	49.68	16.16	12.53	10.82	46.75	31.38	8.54	33.54	27.2	24.19	17.8	34.0	22.56	45.49	40.31	7.07	35.81	38.83	
24.19	53.6	39.7	23.19	36.06	51.92	15.0	29.07	13.89	24.7	35.44	27.46	14.32	31.78	22.36	41.77	41.68	36.35	23.77	9.06	53.0	25.55	29.15	53.16	44.41	41.15	17.46	36.24	53.15	22.09	41.04	35.47	36.62	34.23	34.53	63.01	30.68	51.62	30.87	4.12	28.64	7.62	2.0	25.18	23.43	43.66	59.2	13.0	52.24	19.85	39.0	23.09	21.02	6.71	26.02	12.81	34.48	30.87	46.84	24.17	43.01	29.07	51.09	39.81	50.16	31.76	30.81	40.11	43.57	21.84	52.4	7.62	41.4	44.92	46.07	36.88	45.28	48.09	33.42	25.02	34.21	37.7	0.0	53.6	34.83	21.59	52.09	50.96	25.02	45.4	13.15	10.05	46.1	29.02	29.15	29.43	49.16	48.76	31.91	55.23	13.15	29.53	32.65	59.41	23.02	39.12	10.3	34.71	45.22	47.8	
39.82	26.0	50.25	60.8	21.93	27.07	49.74	48.1	51.48	31.0	29.21	40.31	39.29	34.71	31.32	69.66	57.98	67.9	34.67	44.64	41.59	39.7	38.9	28.02	10.63	60.46	36.14	50.22	49.48	64.35	49.24	60.31	53.01	24.76	65.76	50.01	32.53	40.79	56.59	53.76	36.07	52.92	54.12	62.01	44.05	65.46	49.25	41.11	8.0	48.01	32.25	32.65	33.24	47.07	29.53	49.65	29.83	24.0	7.0	37.8	66.61	26.0	55.36	68.12	17.12	55.23	62.24	15.62	21.93	31.78	49.73	46.1	53.34	9.0	62.27	65.86	10.63	10.77	42.8	65.22	50.61	61.22	53.6	0.0	50.0	32.02	10.0	27.17	30.41	20.25	41.79	55.95	11.66	67.62	64.54	63.03	17.26	37.11	53.15	42.3	59.93	37.48	43.42	48.17	42.01	16.4	43.74	65.07	28.46	26.68	
15.03	33.11	5.0	19.42	28.65	30.87	19.85	5.83	21.21	40.01	20.81	12.04	31.05	15.65	31.0	19.8	9.06	19.24	21.02	30.87	23.02	14.0	12.37	31.38	39.66	10.77	31.4	1.41	19.7	24.52	6.71	10.82	3.16	25.94	17.46	30.68	18.38	22.0	9.06	31.14	15.52	27.59	33.3	19.1	12.65	15.65	26.57	28.46	43.86	15.0	18.44	25.02	28.02	34.0	26.31	22.02	20.25	40.45	46.14	17.0	16.64	40.2	16.28	18.44	36.24	7.07	15.3	34.99	29.0	33.02	18.79	33.54	6.71	45.18	14.04	16.64	39.41	39.7	7.21	23.09	1.0	11.31	34.83	50.0	0.0	32.02	42.43	29.97	26.17	31.14	26.57	27.02	38.42	23.09	19.1	17.12	35.47	21.38	5.0	25.08	27.78	13.6	6.71	27.2	14.32	34.48	34.54	16.55	24.7	27.78	
17.0	35.85	35.36	33.29	16.55	34.67	20.81	27.07	22.02	8.0	19.85	20.1	7.28	19.7	1.41	47.8	41.0	44.01	11.18	12.65	40.8	18.03	20.4	36.06	23.02	42.11	4.12	33.06	44.28	35.47	35.69	38.83	35.0	15.81	41.79	51.61	17.0	39.41	33.96	21.93	17.72	21.63	22.14	34.99	20.22	46.39	48.55	9.43	31.0	21.54	25.0	7.28	4.0	15.13	7.81	19.85	19.21	10.63	25.3	15.03	46.69	9.43	45.61	45.88	30.36	33.54	37.7	19.1	25.06	1.0	43.86	14.14	38.21	23.41	46.0	43.01	24.0	27.07	26.48	37.2	32.0	40.61	21.59	32.02	32.02	0.0	31.06	33.84	7.21	26.4	10.63	25.0	25.08	40.5	38.47	37.58	29.41	35.61	32.25	42.8	29.21	19.65	26.31	48.26	18.11	18.11	12.0	41.44	29.07	30.81	
34.44	16.0	42.01	55.47	16.76	17.12	45.54	41.4	47.43	32.57	22.2	34.13	38.0	28.02	30.02	62.23	49.82	61.07	30.36	43.05	31.78	34.0	32.45	18.03	8.54	52.5	35.01	42.45	39.85	59.51	40.8	53.08	45.28	19.31	59.03	40.01	26.42	31.05	49.82	51.48	30.02	50.01	52.24	56.44	38.47	57.49	39.32	39.12	2.0	42.95	24.08	29.43	31.06	46.0	26.31	45.88	23.02	26.0	12.21	32.7	58.8	27.86	46.1	60.83	7.28	48.27	55.8	12.0	13.45	31.14	40.16	45.0	45.0	13.45	53.82	58.8	7.28	4.0	35.38	59.94	43.14	53.74	52.09	10.0	42.43	31.06	0.0	17.26	27.29	11.4	39.32	52.63	6.0	61.91	58.52	56.86	7.62	27.51	46.1	32.39	56.32	31.06	36.12	38.21	36.67	13.0	43.05	58.26	19.24	17.09	
28.07	3.16	28.02	46.87	17.69	1.0	40.05	31.05	42.05	38.9	15.52	26.02	38.91	20.02	32.45	49.09	35.61	49.19	27.2	42.72	14.56	27.02	24.02	2.24	20.62	38.6	36.72	29.53	22.85	51.62	26.4	40.71	32.25	18.03	47.42	23.09	20.4	13.93	38.63	49.03	23.09	46.53	50.45	47.3	31.02	43.42	22.09	38.63	19.24	36.01	13.04	28.64	31.76	46.24	26.42	41.19	16.49	34.21	27.29	27.29	45.0	35.47	29.68	48.02	10.05	36.77	44.94	19.24	9.22	34.41	23.26	45.31	30.61	27.66	38.9	46.53	19.42	17.03	24.04	51.2	30.87	40.82	50.96	27.17	29.97	33.84	17.26	0.0	27.29	8.94	37.95	48.17	17.26	52.2	48.38	46.49	10.0	10.82	34.54	15.13	51.01	23.0	25.0	21.02	30.02	19.72	44.28	46.52	6.0	3.16	
11.7	29.55	29.02	31.11	11.05	28.18	19.42	21.84	21.1	14.56	12.73	14.14	11.7	12.65	5.83	43.46	35.23	40.31	5.39	16.12	33.6	12.37	14.0	29.53	20.25	36.67	9.43	27.07	37.16	34.21	29.15	34.18	29.27	9.49	38.08	44.41	9.85	32.2	29.55	24.19	11.05	22.8	25.02	32.56	15.65	41.23	41.34	12.04	27.66	18.44	17.8	2.24	4.47	19.42	1.0	19.24	12.04	14.32	24.41	9.49	41.76	14.04	38.83	41.63	25.18	28.79	34.13	15.52	18.97	8.06	36.77	18.44	32.0	22.8	40.2	38.91	20.88	23.35	20.02	35.38	26.31	35.74	25.02	30.41	26.17	7.21	27.29	27.29	0.0	20.62	12.04	25.63	21.38	38.21	35.61	34.41	24.19	28.43	27.2	35.61	29.55	13.04	20.0	41.05	13.42	14.56	17.09	37.59	22.2	24.19	
24.74	9.9	30.61	45.31	9.85	9.43	36.5	30.53	38.47	30.61	11.7	23.77	32.28	17.46	25.08	50.93	38.42	50.0	22.0	36.67	22.0	24.04	21.93	10.82	12.04	41.11	29.73	31.11	29.43	49.65	29.41	41.87	33.94	11.18	48.01	31.58	16.49	21.02	38.83	44.05	19.92	42.01	45.18	46.1	28.46	46.1	30.07	32.56	13.04	33.24	12.73	22.36	25.0	40.02	19.65	37.22	12.65	25.5	19.0	23.35	47.42	26.87	35.11	49.58	5.39	37.2	44.94	10.3	2.24	26.83	29.61	39.05	33.6	19.1	42.44	47.63	11.0	9.49	24.21	49.77	31.89	42.45	45.4	20.25	31.14	26.4	11.4	8.94	20.62	0.0	32.25	44.18	9.06	51.43	47.89	46.14	4.47	17.12	35.0	23.09	47.52	20.62	25.0	29.15	26.93	10.82	37.64	47.2	8.25	7.07	
12.81	40.52	30.87	23.26	23.0	38.9	10.77	20.88	11.66	17.0	22.47	16.4	5.1	19.42	10.82	39.32	34.93	34.93	10.77	5.0	41.23	14.21	17.69	40.16	32.02	35.36	7.21	27.86	42.64	25.0	31.76	31.0	29.12	21.1	32.76	51.66	17.89	39.82	26.0	12.17	16.4	11.18	13.0	25.08	13.93	39.05	48.08	2.0	39.62	13.0	26.42	10.0	8.54	8.6	13.04	9.43	21.54	21.21	35.34	12.04	39.0	19.85	42.06	37.34	37.05	26.08	28.64	27.46	30.41	11.31	42.01	7.81	33.24	33.54	39.81	34.37	32.76	35.36	23.02	26.93	26.25	33.02	13.15	41.79	26.57	10.63	39.32	37.95	12.04	32.25	0.0	14.42	33.38	30.41	28.79	28.16	36.06	36.62	25.32	43.42	18.6	17.69	22.47	48.1	12.53	26.48	8.06	32.56	32.31	34.79	
20.1	51.09	32.02	13.15	35.9	49.16	8.25	21.63	6.32	30.48	33.0	22.56	18.38	28.16	25.24	31.78	32.8	26.31	22.36	13.6	47.54	21.21	24.52	50.25	45.88	31.91	21.26	28.43	46.32	12.37	33.6	25.94	28.28	33.54	24.52	56.82	28.0	46.24	21.63	6.0	25.08	3.61	8.06	15.13	17.72	34.01	52.84	15.62	53.16	13.0	35.36	23.41	22.83	13.93	26.57	7.0	32.0	35.47	49.65	21.0	33.24	33.97	43.19	29.83	49.37	22.8	20.88	41.11	42.11	25.61	45.49	14.32	33.24	47.89	36.89	26.93	46.49	48.76	27.31	15.13	26.25	28.18	10.05	55.95	27.02	25.0	52.63	48.17	25.63	44.18	14.42	0.0	46.84	19.1	19.1	19.42	48.37	43.97	23.35	49.77	4.24	25.32	26.4	53.24	18.25	40.16	17.0	24.74	42.19	45.1	
29.15	17.09	38.59	50.25	11.18	17.46	39.92	36.8	41.79	26.93	17.69	29.21	32.0	23.35	24.02	58.14	46.32	56.59	24.7	37.05	31.02	28.84	27.66	18.68	3.61	48.83	29.02	38.6	38.47	54.12	37.59	48.84	41.4	13.89	54.49	40.31	21.4	30.07	45.28	45.54	25.0	44.15	46.27	51.31	33.29	53.82	39.01	33.14	6.32	37.59	20.59	23.54	25.08	40.0	20.4	40.16	18.38	20.59	10.05	27.29	55.0	22.36	43.97	56.64	8.06	43.84	51.09	6.0	10.44	25.18	38.64	39.0	41.68	10.44	50.61	54.45	2.24	2.0	31.24	54.71	39.05	49.68	46.1	11.66	38.42	25.08	6.0	17.26	21.38	9.06	33.38	46.84	0.0	56.86	53.6	52.01	7.62	26.17	41.73	32.02	50.6	26.25	31.89	38.05	31.38	7.0	37.05	53.76	17.26	16.0	
27.8	55.36	27.02	7.21	45.8	53.16	19.72	21.19	18.79	47.41	39.82	27.78	35.34	34.0	40.22	15.0	23.09	9.22	33.24	31.62	46.01	28.02	29.53	53.85	57.01	20.62	37.59	24.02	41.44	7.07	29.02	14.56	22.02	43.01	8.6	52.61	35.51	45.04	14.04	25.08	31.91	22.36	27.02	5.66	23.6	20.0	48.51	32.2	62.97	19.8	39.56	36.12	37.2	32.76	38.9	21.02	38.95	51.04	62.29	29.83	18.44	49.93	35.44	13.45	56.8	16.03	8.06	52.01	49.19	41.34	40.45	32.98	26.31	60.83	25.06	11.4	57.2	58.52	28.16	4.0	22.09	16.16	29.02	67.62	23.09	40.5	61.91	52.2	38.21	51.43	30.41	19.1	56.86	0.0	4.0	6.0	55.9	44.41	18.11	48.0	16.03	30.89	27.2	49.37	25.61	51.22	35.44	9.43	46.49	49.65	
24.76	51.55	23.02	6.0	42.64	49.34	18.03	17.46	17.46	45.69	36.36	24.41	33.84	30.53	38.08	13.0	19.31	7.28	30.48	30.59	42.01	24.84	26.08	50.0	53.91	17.0	35.85	20.02	37.48	8.6	25.02	10.77	18.03	39.82	5.83	48.66	32.2	41.05	10.05	25.08	28.6	22.0	27.17	4.0	20.52	16.97	44.55	30.68	59.64	17.2	35.85	33.6	34.99	32.14	36.24	19.65	35.51	48.88	59.4	26.87	15.62	47.89	31.62	11.18	53.24	12.04	4.12	48.92	45.65	39.36	36.5	32.25	22.36	58.0	21.63	8.6	54.04	55.22	24.35	5.66	18.11	12.53	29.15	64.54	19.1	38.47	58.52	48.38	35.61	47.89	28.79	19.1	53.6	4.0	0.0	2.0	52.35	40.45	14.14	44.0	16.76	27.46	23.41	45.4	22.63	48.17	34.53	6.4	42.72	45.88	
23.35	49.65	21.02	6.32	41.11	47.43	17.46	15.65	17.12	44.94	34.67	22.8	33.24	28.84	37.12	12.37	17.46	7.0	29.21	30.27	40.01	23.35	24.41	48.08	52.4	15.26	35.11	18.03	35.51	9.9	23.02	8.94	16.03	38.29	5.1	46.69	30.61	39.05	8.06	25.32	27.02	22.09	27.46	4.47	19.1	15.62	42.58	30.08	58.01	16.12	34.01	32.45	34.0	32.02	35.0	19.24	33.84	47.89	58.0	25.5	14.42	46.96	29.73	10.44	51.48	10.05	2.24	47.42	43.91	38.48	34.53	32.06	20.4	56.64	20.0	7.62	52.5	53.6	22.47	7.21	16.12	10.82	29.43	63.03	17.12	37.58	56.86	46.49	34.41	46.14	28.16	19.42	52.01	6.0	2.0	0.0	50.61	38.47	12.17	42.0	17.46	25.81	21.54	43.42	21.26	46.69	34.23	5.39	40.85	44.01	
29.12	9.49	34.71	49.77	13.15	10.05	40.79	34.99	42.76	32.76	16.16	28.23	35.69	21.93	28.16	55.23	42.52	54.41	26.08	40.31	24.33	28.46	26.4	11.18	11.18	45.28	32.98	35.38	32.28	54.08	33.42	46.23	38.21	15.0	52.43	33.06	20.88	23.54	43.27	48.0	24.35	46.1	49.04	50.57	32.89	50.25	32.06	36.22	9.49	37.64	17.03	26.08	28.44	43.57	23.19	41.44	17.09	27.02	17.46	27.66	51.62	28.6	38.48	53.91	1.0	41.62	49.4	11.4	6.71	29.73	32.57	42.58	37.64	18.03	46.4	52.01	9.85	7.07	28.6	54.23	36.24	46.75	49.16	17.26	35.47	29.41	7.62	10.0	24.19	4.47	36.06	48.37	7.62	55.9	52.35	50.61	0.0	19.92	39.41	25.08	51.79	25.08	29.41	31.02	31.32	12.21	41.0	51.61	11.66	9.49	
24.6	13.45	18.38	40.0	22.14	11.4	35.74	24.02	37.64	42.19	15.81	21.54	38.95	17.2	34.21	39.36	25.55	40.16	26.25	41.62	5.39	23.26	19.7	11.31	29.02	28.65	37.48	20.62	12.37	45.01	16.55	31.62	23.09	21.02	38.6	16.12	19.1	4.12	30.41	46.1	20.25	43.08	47.85	40.05	26.25	33.29	13.6	37.8	29.41	31.05	10.63	29.0	32.56	45.22	27.8	37.34	16.4	39.0	36.06	24.7	34.99	39.81	18.87	38.48	20.25	28.44	36.67	26.17	16.0	36.4	12.65	44.41	20.59	36.0	28.43	37.34	28.07	26.48	17.12	44.05	22.36	31.38	48.76	37.11	21.38	35.61	27.51	10.82	28.43	17.12	36.62	43.97	26.17	44.41	40.45	38.47	19.92	0.0	26.31	7.21	46.1	19.24	18.11	13.0	26.0	26.31	44.05	37.64	9.0	10.44	
15.52	37.7	9.49	14.56	31.4	35.47	17.0	5.39	18.03	40.2	24.04	13.42	30.15	18.44	31.4	16.64	9.85	15.0	21.84	29.12	28.02	14.87	14.42	36.06	42.64	10.05	31.0	6.08	24.35	19.65	11.4	7.21	5.0	28.6	13.04	35.44	20.81	27.0	4.12	28.02	17.49	24.41	30.23	14.14	12.04	14.14	31.32	27.29	47.42	12.65	22.47	25.71	28.28	31.95	27.51	19.24	23.35	41.48	48.83	17.72	14.56	41.0	20.0	15.0	40.22	2.24	10.44	37.8	32.8	33.24	23.41	31.62	10.0	47.71	14.56	12.73	42.52	43.14	10.82	18.11	4.0	8.54	31.91	53.15	5.0	32.25	46.1	34.54	27.2	35.0	25.32	23.35	41.73	18.11	14.14	12.17	39.41	26.31	0.0	30.07	23.6	15.81	10.0	32.02	14.14	37.2	32.98	12.21	29.07	32.2	
31.06	16.76	21.02	44.41	29.15	15.3	41.63	28.86	43.46	49.4	23.02	27.78	45.97	24.08	41.4	40.8	26.93	42.58	33.24	48.41	2.24	29.68	26.08	14.56	35.13	30.08	44.6	24.02	9.22	49.5	19.03	34.23	26.02	28.18	41.3	8.94	26.17	3.61	34.01	52.35	27.02	49.19	54.2	44.18	32.2	34.18	7.0	44.69	34.37	36.77	17.8	36.12	39.7	52.01	35.0	43.38	23.6	46.1	42.05	31.4	36.06	46.96	17.2	40.26	25.18	32.02	40.01	32.76	22.36	43.6	10.0	51.22	22.36	42.19	28.64	39.62	34.06	32.02	22.47	48.17	26.08	33.54	55.23	42.3	25.08	42.8	32.39	15.13	35.61	23.09	43.42	49.77	32.02	48.0	44.0	42.0	25.08	7.21	30.07	0.0	51.55	25.81	23.41	6.08	32.25	32.98	50.99	40.31	15.52	16.03	
23.02	54.0	32.76	11.18	39.56	52.01	11.05	22.85	9.06	34.71	36.12	25.08	22.63	31.0	29.41	29.73	32.53	24.04	25.96	17.8	49.34	24.0	27.07	53.04	49.77	31.24	25.5	29.15	47.41	9.0	34.48	25.0	28.6	37.11	22.47	58.18	31.14	48.08	21.21	9.49	28.02	7.81	11.18	13.0	20.1	32.76	54.13	19.85	56.92	15.13	38.05	27.31	26.93	17.89	30.46	10.44	35.13	39.7	53.71	24.19	31.76	38.21	43.6	27.86	52.77	22.67	19.24	44.94	45.4	29.83	46.53	18.36	33.6	51.97	36.24	25.08	50.33	52.5	29.12	12.04	26.93	27.2	13.15	59.93	27.78	29.21	56.32	51.01	29.55	47.52	18.6	4.24	50.6	16.03	16.76	17.46	51.79	46.1	23.6	51.55	0.0	28.02	28.16	54.63	21.0	44.01	21.1	22.85	45.01	48.0	
5.39	26.02	16.0	24.7	15.62	24.0	17.12	10.63	19.1	27.46	8.94	3.16	20.81	3.16	18.44	32.45	22.56	30.41	8.54	22.67	23.6	4.12	1.41	25.02	26.91	24.35	20.12	14.32	25.24	29.12	16.12	23.02	16.76	12.81	28.28	33.97	5.0	22.2	19.1	26.93	2.0	24.04	28.64	25.5	8.06	29.15	30.41	19.1	32.2	13.04	10.05	12.37	15.81	26.25	13.0	18.44	8.06	27.07	33.02	5.66	29.97	27.0	25.96	30.81	26.0	17.8	24.84	22.02	18.38	20.62	24.7	25.5	19.03	31.91	27.46	28.43	26.87	27.8	7.0	29.15	13.93	24.19	29.53	37.48	13.6	19.65	31.06	23.0	13.04	20.62	17.69	25.32	26.25	30.89	27.46	25.81	25.08	19.24	15.81	25.81	28.02	0.0	7.07	30.41	7.07	21.4	25.5	27.59	17.0	20.02	
9.85	28.16	9.06	22.09	21.95	25.96	18.36	6.08	20.12	34.23	14.21	6.32	26.4	8.94	25.18	26.25	15.52	25.0	15.13	27.2	21.19	8.54	6.0	26.68	33.02	17.46	26.25	7.28	20.52	27.02	9.49	16.97	9.85	19.24	23.02	30.53	11.7	19.92	13.89	29.41	9.06	26.08	31.4	22.36	9.22	22.36	26.63	24.19	37.48	13.42	12.53	19.1	22.36	30.61	20.02	20.25	13.6	34.13	39.45	11.4	23.32	34.01	19.7	24.76	30.23	12.21	20.12	28.3	22.8	27.29	19.8	30.0	12.0	38.47	20.4	22.67	32.8	33.24	1.0	26.31	7.21	17.8	32.65	43.42	6.71	26.31	36.12	25.0	20.0	25.0	22.47	26.4	31.89	27.2	23.41	21.54	29.41	18.11	10.0	23.41	28.16	7.07	0.0	26.93	10.0	27.78	30.53	22.2	19.31	22.47	
35.47	22.36	22.56	46.57	35.11	21.1	45.28	31.78	47.01	55.07	28.65	32.02	50.99	29.07	46.87	40.45	27.02	43.01	38.29	53.08	7.62	34.06	30.48	20.22	41.19	30.07	49.82	25.96	8.0	51.66	20.62	35.06	27.46	34.01	42.01	3.61	31.4	8.94	35.69	56.3	31.83	53.0	58.25	46.1	36.06	33.54	1.41	49.5	40.2	40.31	23.32	41.4	45.0	56.64	40.5	47.17	29.15	52.0	48.09	36.07	35.51	52.8	15.52	40.2	31.06	33.73	41.3	38.83	28.44	49.09	9.0	55.9	23.09	48.26	27.66	40.01	40.11	38.0	26.08	50.01	28.16	34.0	59.41	48.17	27.2	48.26	38.21	21.02	41.05	29.15	48.1	53.24	38.05	49.37	45.4	43.42	31.02	13.0	32.02	6.08	54.63	30.41	26.93	0.0	36.4	39.05	55.87	41.01	21.59	22.09	
2.24	33.0	18.38	18.87	20.25	31.02	10.05	9.0	12.04	26.08	15.3	4.47	16.76	10.0	17.26	30.08	23.09	26.93	8.06	17.2	30.02	3.0	6.32	32.06	31.4	24.02	17.12	15.52	30.41	22.85	19.24	20.88	17.12	17.49	24.7	40.0	10.44	28.65	16.16	20.12	7.07	17.09	21.95	20.0	2.24	28.28	36.24	14.32	37.59	6.32	17.12	11.7	14.14	20.62	13.89	11.4	14.32	27.51	36.77	4.24	28.64	26.93	29.53	28.23	32.28	15.52	20.81	26.4	24.74	19.1	29.73	20.0	20.88	35.38	28.07	25.5	31.62	33.12	10.63	23.32	14.14	22.56	23.02	42.01	14.32	18.11	36.67	30.02	13.42	26.93	12.53	18.25	31.38	25.61	22.63	21.26	31.32	26.0	14.14	32.25	21.0	7.07	10.0	36.4	0.0	25.61	20.59	24.19	24.02	27.0	
23.43	20.62	35.47	44.41	5.83	20.25	33.54	32.02	35.34	20.59	13.93	24.08	25.0	18.87	17.03	53.82	42.95	51.74	18.36	30.07	31.58	23.35	22.8	21.63	5.83	45.18	22.02	34.89	38.01	48.02	34.79	44.41	37.59	8.6	49.58	41.76	16.4	30.41	40.46	38.64	19.85	37.36	39.32	45.61	27.66	50.12	39.81	26.17	13.15	31.62	18.25	16.76	18.11	33.0	13.6	33.62	14.32	14.87	11.66	21.4	51.11	16.4	42.43	52.2	13.04	39.2	45.97	1.0	10.77	18.25	38.0	32.0	38.63	10.77	47.54	49.82	6.32	9.0	27.29	48.83	34.99	45.49	39.12	16.4	34.48	18.11	13.0	19.72	14.56	10.82	26.48	40.16	7.0	51.22	48.17	46.69	12.21	26.31	37.2	32.98	44.01	21.4	27.78	39.05	25.61	0.0	30.07	48.92	17.46	17.46	
20.81	46.62	38.91	28.64	27.89	45.19	17.0	28.79	17.12	14.42	29.15	24.41	5.39	26.91	13.04	46.01	42.72	41.19	17.8	4.0	48.84	22.2	25.61	46.52	35.01	42.95	8.06	35.85	50.61	29.15	39.82	38.21	37.0	26.57	39.12	59.4	25.0	47.42	33.24	12.04	24.04	13.42	11.4	30.59	21.93	46.39	55.9	6.4	43.0	20.4	33.6	15.65	12.65	3.61	18.03	15.03	28.3	20.62	36.88	19.85	46.17	18.79	50.12	44.01	41.98	33.54	35.06	31.06	36.06	12.04	50.0	2.83	41.23	34.93	47.54	41.01	36.0	39.05	31.06	31.62	34.18	40.31	10.3	43.74	34.54	12.0	43.05	44.28	17.09	37.64	8.06	17.0	37.05	35.44	34.53	34.23	41.0	44.05	32.98	50.99	21.1	25.5	30.53	55.87	20.59	30.07	0.0	39.05	38.95	41.15	
26.08	49.66	19.42	11.7	43.19	47.42	22.09	16.97	22.0	49.04	36.12	24.84	37.66	30.41	40.85	7.07	14.14	2.83	32.25	35.06	38.47	25.81	26.17	47.93	54.49	11.4	39.29	17.09	33.02	15.0	21.38	6.08	14.56	40.36	1.0	44.1	32.56	37.66	8.49	30.59	29.07	27.29	32.76	9.85	21.95	10.63	40.05	34.53	59.55	19.92	34.67	35.78	37.7	37.01	38.08	24.02	35.38	51.48	60.44	28.3	9.22	50.7	26.48	5.1	52.43	10.0	4.0	49.58	45.0	42.38	32.02	37.0	18.03	59.2	15.65	2.24	54.45	55.23	23.02	12.04	15.65	7.07	34.71	65.07	16.55	41.44	58.26	46.52	37.59	47.2	32.56	24.74	53.76	9.43	6.4	5.39	51.61	37.64	12.21	40.31	22.85	27.59	22.2	41.01	24.19	48.92	39.05	0.0	41.18	44.29	
22.09	9.06	23.35	41.0	13.89	7.0	34.06	25.3	36.06	34.83	9.85	20.02	33.62	14.04	27.66	44.2	31.11	43.91	21.54	37.16	14.14	21.02	18.03	8.06	20.02	33.97	31.62	24.41	21.21	45.71	21.93	35.51	27.2	13.45	42.06	24.35	14.56	13.04	33.11	43.17	17.12	40.61	44.64	41.48	25.02	38.9	22.36	33.11	21.02	30.02	7.07	23.32	26.63	40.72	21.4	35.23	10.77	30.89	27.07	21.38	40.36	31.91	26.93	43.01	12.21	31.3	39.4	17.26	7.0	29.73	21.38	39.81	26.17	27.0	34.83	41.34	19.1	17.72	18.38	45.35	25.55	35.81	45.22	28.46	24.7	29.07	19.24	6.0	22.2	8.25	32.31	42.19	17.26	46.49	42.72	40.85	11.66	9.0	29.07	15.52	45.01	17.0	19.31	21.59	24.02	17.46	38.95	41.18	0.0	3.16	
25.02	6.0	26.25	44.15	14.87	4.12	37.01	28.46	39.01	36.07	12.37	23.09	35.78	17.0	29.41	47.2	33.97	47.01	24.04	39.56	15.03	24.0	21.1	5.39	19.1	36.88	33.62	27.46	22.8	48.84	24.76	38.59	30.23	15.0	45.18	24.52	17.26	14.14	36.25	45.89	20.02	43.42	47.3	44.64	28.07	41.77	23.02	35.47	18.97	33.06	10.2	25.5	28.65	43.08	23.32	38.12	13.34	31.62	26.02	24.19	43.28	32.8	29.07	46.04	9.85	34.44	42.54	17.09	6.71	31.4	23.09	42.15	29.0	26.17	37.54	44.42	18.03	16.12	21.54	48.51	28.65	38.83	47.8	26.68	27.78	30.81	17.09	3.16	24.19	7.07	34.79	45.1	16.0	49.65	45.88	44.01	9.49	10.44	32.2	16.03	48.0	20.02	22.47	22.09	27.0	17.46	41.15	44.29	3.16	0.0	
