110
0.0	51.24	52.35	27.02	37.48	21.4	42.43	25.96	19.72	14.21	32.02	60.61	25.08	30.59	32.8	21.93	49.93	7.28	14.76	33.62	16.4	51.01	39.56	42.05	20.59	33.24	17.69	32.06	32.45	45.1	57.71	43.19	20.0	17.2	7.0	58.83	16.76	8.6	23.71	32.0	16.64	41.11	48.47	15.0	18.38	27.02	59.36	25.5	30.02	6.4	4.24	4.47	29.0	24.21	51.48	39.29	44.78	11.18	34.18	5.39	32.57	24.7	20.22	8.6	21.4	18.03	29.07	21.84	18.44	23.02	45.69	32.2	6.4	38.18	26.93	52.63	18.38	51.92	42.64	7.07	5.1	23.85	38.08	22.14	26.31	49.24	4.47	60.75	26.31	20.81	30.53	40.22	18.03	18.87	51.66	18.36	20.0	10.3	43.83	26.17	35.78	36.67	24.84	16.28	9.22	20.1	44.64	22.2	40.16	43.29	
51.24	0.0	33.62	24.33	14.04	34.93	9.06	26.08	34.37	44.94	30.02	32.14	28.44	51.48	37.44	36.4	23.77	53.04	38.05	21.54	38.33	4.0	14.32	11.4	43.01	21.19	39.81	59.48	27.29	6.32	22.0	34.83	53.16	45.19	51.04	26.02	36.4	45.12	30.59	57.71	39.56	10.2	14.32	45.31	36.06	54.63	27.02	36.77	55.9	48.05	48.66	49.01	22.56	33.53	2.0	19.85	16.4	41.0	47.43	53.94	48.55	34.99	32.02	44.0	38.47	51.66	32.2	31.95	40.72	40.5	15.81	38.28	47.0	32.56	30.02	18.0	34.06	19.03	36.88	51.42	50.0	40.85	52.8	32.31	26.57	16.28	49.82	28.0	25.02	34.71	40.82	39.6	35.74	35.36	8.06	37.7	38.91	43.17	40.46	52.39	44.2	44.82	37.7	35.9	46.57	55.08	18.79	30.08	22.2	12.81	
52.35	33.62	0.0	36.69	30.02	31.14	30.27	31.78	33.42	55.23	20.62	10.05	30.02	32.56	20.59	30.41	9.85	49.41	38.29	24.04	36.07	37.34	25.0	38.21	33.29	25.0	34.71	40.2	21.1	33.73	15.81	9.85	41.23	57.31	47.8	13.0	46.53	51.4	30.23	38.21	51.0	33.14	19.31	56.08	47.85	38.08	12.65	27.02	37.48	53.26	52.4	48.17	37.11	28.32	31.78	46.0	18.25	41.77	26.31	57.28	28.44	51.87	42.95	43.84	53.31	41.15	23.35	45.31	53.67	30.23	18.44	21.47	46.01	14.21	47.8	50.7	35.81	51.42	11.4	56.73	48.27	29.68	29.02	46.24	41.76	48.05	53.81	13.34	34.18	31.89	24.17	15.3	46.96	34.06	25.94	50.09	52.8	50.22	13.0	36.4	22.36	22.2	27.8	44.78	53.6	43.08	48.26	42.15	49.0	41.3	
27.02	24.33	36.69	0.0	11.18	15.62	15.81	6.32	13.45	21.63	19.1	41.68	9.85	35.81	25.96	17.8	30.02	29.61	15.23	12.65	16.64	24.0	14.87	15.3	24.04	11.7	19.21	42.45	17.0	18.11	35.38	31.06	33.02	22.67	27.66	37.8	12.53	20.88	11.66	41.11	16.4	14.14	24.76	22.2	12.81	36.77	38.6	20.59	38.95	23.77	24.33	25.18	2.24	16.12	24.74	15.56	22.02	17.46	34.44	29.61	34.48	15.23	8.06	20.4	17.2	31.06	18.68	9.22	18.38	22.8	22.67	26.25	23.35	26.0	11.18	27.78	11.66	27.46	32.0	27.2	26.31	23.6	40.25	10.0	5.1	24.19	25.5	40.0	3.16	14.87	27.31	32.25	12.21	14.21	25.94	14.87	17.03	18.97	35.06	34.66	32.89	33.84	21.1	11.7	22.47	34.67	20.62	6.4	17.8	17.09	
37.48	14.04	30.02	11.18	0.0	21.19	5.0	12.04	20.4	32.76	18.44	32.89	14.56	39.2	26.25	22.85	21.59	39.01	24.02	9.22	24.33	14.87	5.1	9.43	29.55	8.49	25.96	46.87	15.62	8.54	25.24	27.2	39.56	33.6	37.01	28.18	23.71	31.95	16.76	45.22	27.46	5.0	14.42	33.29	23.85	41.68	29.07	23.85	43.27	34.79	35.17	35.06	10.0	20.12	14.04	16.03	12.65	27.02	36.07	40.52	36.8	24.84	19.24	30.02	27.59	37.95	19.85	20.0	29.21	27.29	13.0	26.91	33.02	23.26	20.0	23.6	20.02	23.85	28.79	38.28	36.01	27.78	41.77	20.62	14.87	20.25	36.4	30.41	11.18	20.88	29.0	30.41	23.32	21.38	14.76	25.81	27.66	30.08	32.31	39.45	33.42	34.21	24.7	22.85	33.62	41.44	18.97	17.49	19.03	12.53	
21.4	34.93	31.14	15.62	21.19	0.0	25.96	10.0	3.0	25.3	10.63	39.2	6.71	20.25	13.34	2.24	28.65	19.92	7.21	14.0	5.0	36.06	21.1	29.15	8.6	14.04	5.0	26.87	11.18	29.73	36.77	22.47	18.38	27.89	18.03	37.59	18.03	20.59	4.47	25.5	22.2	26.0	28.44	26.25	20.0	21.26	38.08	6.0	23.35	22.2	21.26	17.49	17.69	2.83	34.53	31.14	24.52	10.63	19.65	26.17	19.31	26.31	16.28	12.81	26.0	16.76	7.81	19.42	25.18	7.21	25.5	13.15	15.26	17.2	24.35	42.8	6.0	42.64	22.36	25.61	17.89	8.06	25.3	20.4	19.24	39.2	22.67	39.45	12.73	1.0	13.04	20.88	19.0	3.16	33.0	22.02	25.02	19.7	24.35	19.1	19.03	20.02	6.08	16.03	22.83	20.25	36.07	16.76	33.42	31.62	
42.43	9.06	30.27	15.81	5.0	25.96	0.0	17.03	25.32	37.12	22.02	31.58	19.42	43.27	29.73	27.51	21.0	44.01	29.02	13.04	29.27	10.3	6.4	8.0	34.18	12.53	30.81	51.11	19.21	4.24	22.85	29.07	44.27	37.74	42.01	26.25	28.23	36.69	21.59	49.4	31.76	3.16	12.37	37.59	28.18	46.07	27.2	28.18	47.51	39.56	40.02	40.05	14.32	24.7	9.06	16.49	12.04	32.02	39.7	45.35	40.61	28.32	23.77	35.01	31.4	42.72	23.85	24.19	33.29	31.78	12.0	30.48	38.01	25.81	23.35	21.02	25.02	21.54	30.89	43.01	41.01	32.2	45.28	24.7	18.87	18.03	41.23	28.46	16.12	25.71	32.8	33.02	27.73	26.31	10.63	30.02	31.62	34.79	34.48	43.83	36.77	37.48	29.07	27.51	38.28	46.17	18.03	21.93	19.42	11.05	
25.96	26.08	31.78	6.32	12.04	10.0	17.03	0.0	8.54	24.08	13.0	37.8	3.61	29.83	19.65	12.04	26.25	27.0	12.0	8.49	12.37	26.68	13.6	19.24	18.6	7.81	14.32	36.8	11.18	20.4	32.8	25.32	28.18	25.81	25.0	34.66	15.0	21.63	5.66	35.36	19.42	16.49	22.83	24.84	16.12	31.24	35.36	14.42	33.24	24.19	24.17	23.19	8.06	10.0	26.0	21.4	19.42	15.13	28.18	29.55	28.3	20.4	11.18	18.11	21.54	26.4	12.37	13.6	21.95	16.97	20.25	19.92	21.1	20.1	17.0	32.8	8.0	32.65	26.08	27.78	24.08	17.69	34.0	14.56	11.05	29.21	25.5	36.77	3.16	9.43	21.02	26.08	15.26	9.49	25.71	18.36	21.02	20.0	29.0	29.07	26.57	27.51	15.0	13.45	23.6	29.97	26.17	10.44	23.85	21.63	
19.72	34.37	33.42	13.45	20.4	3.0	25.32	8.54	0.0	22.47	12.81	41.11	6.0	22.83	16.28	5.1	30.23	19.24	5.0	14.32	4.0	35.17	21.02	27.73	10.63	14.14	5.83	29.07	12.81	28.86	38.01	25.06	19.72	25.0	17.26	39.12	15.03	18.03	4.12	27.8	19.24	25.0	29.12	23.41	17.0	23.35	39.66	9.0	25.61	19.85	19.1	16.16	15.62	5.39	34.13	29.0	25.3	8.6	22.56	24.21	22.14	23.35	13.34	11.18	23.0	17.89	10.3	16.49	22.2	9.85	26.25	16.12	13.93	19.72	21.54	41.05	3.0	40.8	25.08	23.35	16.76	10.77	28.16	17.46	16.64	37.44	20.52	41.05	10.82	2.0	16.03	23.77	16.0	1.0	33.14	19.03	22.02	17.0	27.2	21.26	22.02	23.02	9.06	13.04	20.25	21.47	34.06	13.93	31.14	30.02	
14.21	44.94	55.23	21.63	32.76	25.3	37.12	24.08	22.47	0.0	34.89	61.85	25.24	41.11	38.6	26.93	50.33	21.1	18.44	32.56	21.38	43.68	36.4	34.21	29.02	31.83	24.19	44.38	34.13	38.63	56.64	47.42	32.28	3.16	20.12	58.69	9.22	6.32	25.06	43.93	5.39	34.93	46.23	1.0	8.94	38.83	59.41	31.05	41.77	7.81	10.0	16.55	22.83	27.86	45.69	29.02	43.19	16.03	43.1	12.53	42.01	12.17	13.6	16.12	8.25	30.08	32.7	13.0	5.1	30.27	43.93	38.33	16.76	42.05	16.03	42.05	19.7	41.11	47.54	8.94	17.89	31.26	48.0	12.65	18.38	39.0	9.9	60.83	22.67	24.35	37.66	46.17	9.43	22.14	47.51	7.28	7.07	6.0	49.65	37.48	43.57	44.55	30.81	10.63	5.0	32.89	34.01	15.26	29.07	34.53	
32.02	30.02	20.62	19.1	18.44	10.63	22.02	13.0	12.81	34.89	0.0	28.6	10.2	21.47	7.81	10.3	18.38	29.97	17.69	9.22	15.62	32.2	15.81	27.8	15.13	10.0	14.76	29.55	2.83	26.25	26.93	12.65	25.0	37.16	28.18	27.31	26.57	30.81	9.85	27.73	31.02	23.35	20.1	35.78	28.16	25.0	27.73	8.06	26.0	32.65	31.83	28.02	20.4	7.81	29.07	32.7	16.12	21.21	17.69	36.8	18.6	33.24	23.54	23.43	33.96	24.08	3.16	26.31	33.84	12.04	17.12	8.49	25.81	7.28	30.0	42.01	15.26	42.2	13.15	36.12	28.3	12.0	23.35	27.29	24.02	38.6	33.24	29.07	16.03	11.31	10.82	13.15	27.2	13.45	25.96	30.36	33.24	29.68	16.0	22.8	15.0	15.81	9.06	24.7	33.02	27.0	36.72	23.19	35.47	30.81	
60.61	32.14	10.05	41.68	32.89	39.2	31.58	37.8	41.11	61.85	28.6	0.0	36.8	42.58	30.08	38.83	11.66	58.31	46.1	29.41	44.2	36.12	27.86	39.46	42.49	30.23	43.27	50.25	28.32	34.13	10.44	19.65	50.92	63.6	56.6	6.32	52.8	58.69	37.48	48.26	57.2	34.71	19.24	62.63	53.82	48.05	5.39	35.85	47.52	60.83	60.21	56.61	41.59	36.4	30.15	48.05	20.25	49.68	36.35	65.3	38.47	56.82	48.83	52.01	58.83	50.7	31.62	50.77	59.64	39.36	19.92	31.02	54.41	23.26	52.33	50.09	43.14	51.04	21.38	64.38	56.86	38.91	39.0	51.62	46.53	48.0	61.62	5.0	39.66	39.82	33.84	25.32	53.01	41.87	24.08	56.04	58.52	57.31	23.02	46.32	32.39	32.25	36.72	51.22	60.83	52.81	49.25	47.71	50.99	42.3	
25.08	28.44	30.02	9.85	14.56	6.71	19.42	3.61	6.0	25.24	10.2	36.8	0.0	26.25	16.28	8.6	25.5	25.18	10.44	8.54	10.0	29.41	15.03	22.47	15.26	8.25	11.4	33.3	8.94	23.09	32.76	22.8	25.08	27.29	23.19	34.21	16.55	21.93	2.24	31.83	21.02	19.31	23.41	26.08	18.03	27.8	34.83	10.82	29.73	24.21	23.85	21.84	11.66	6.4	28.16	25.0	19.7	13.93	24.6	29.15	24.7	23.09	13.34	16.76	23.77	23.41	9.06	16.12	23.77	13.45	20.62	16.49	19.65	17.46	20.1	36.24	6.71	36.12	23.35	27.8	22.56	14.14	30.41	17.12	14.32	32.65	25.24	36.24	6.71	6.32	17.46	23.0	17.09	7.0	27.17	20.25	23.09	20.52	26.08	25.61	23.09	24.04	11.4	14.76	24.04	26.93	29.73	13.04	27.46	25.0	
30.59	51.48	32.56	35.81	39.2	20.25	43.27	29.83	22.83	41.11	21.47	42.58	26.25	0.0	14.56	18.03	36.12	24.35	24.04	30.23	21.19	53.54	37.22	48.17	12.65	30.81	18.03	8.25	24.19	47.43	45.1	23.09	11.66	44.18	23.77	44.01	36.4	35.01	24.21	6.32	39.81	44.2	40.8	42.11	38.6	5.83	44.05	15.56	5.0	35.06	33.14	26.31	37.8	19.85	50.54	51.22	37.0	25.32	6.32	35.9	4.12	45.54	35.85	25.02	44.38	13.0	19.42	39.0	42.76	13.04	37.95	13.6	25.08	21.21	44.28	62.24	25.5	62.23	21.21	37.34	25.5	12.21	7.62	39.92	39.45	58.69	34.23	45.1	32.8	21.1	10.77	17.26	37.64	22.36	47.17	40.26	43.17	35.13	19.92	5.0	10.2	10.44	14.87	34.48	37.0	12.81	55.97	36.67	53.6	50.93	
32.8	37.44	20.59	25.96	26.25	13.34	29.73	19.65	16.28	38.6	7.81	30.08	16.28	14.56	0.0	11.7	22.02	29.07	20.25	17.03	17.46	39.82	23.43	35.61	12.81	17.8	15.26	22.8	10.63	33.97	31.02	10.82	20.88	41.23	27.59	30.41	31.26	33.62	15.03	20.88	35.51	31.14	26.25	39.56	33.14	19.03	30.59	7.62	19.42	34.89	33.62	28.43	27.51	11.05	36.36	40.25	22.47	23.26	10.0	38.01	11.18	39.01	29.0	24.7	39.12	20.62	7.28	32.02	38.47	9.9	23.41	1.0	26.4	7.07	36.35	49.82	19.24	50.0	9.9	38.08	28.32	9.22	15.56	33.02	30.59	46.4	34.99	31.78	22.8	14.32	4.0	7.62	32.14	16.49	32.7	35.23	38.21	32.89	11.18	17.0	7.21	8.06	8.06	29.27	35.85	22.8	44.42	29.07	42.95	38.6	
21.93	36.4	30.41	17.8	22.85	2.24	27.51	12.04	5.1	26.93	10.3	38.83	8.6	18.03	11.7	0.0	28.64	19.7	8.54	15.13	5.83	37.7	22.36	31.06	6.71	15.3	4.47	24.76	11.4	31.38	37.0	21.4	16.76	29.61	17.89	37.58	20.0	21.93	6.4	23.35	24.08	27.73	29.15	27.89	22.02	19.21	38.01	4.12	21.21	23.32	22.2	17.8	19.85	3.0	35.9	33.3	25.18	11.66	17.46	26.91	17.09	28.44	18.44	13.45	28.02	15.3	7.21	21.59	27.07	5.0	26.17	11.4	15.62	16.28	26.57	44.82	8.06	44.69	21.1	26.63	18.03	5.83	23.09	22.56	21.47	41.23	23.6	39.36	14.87	3.16	11.0	19.31	21.02	5.0	34.06	24.0	27.0	21.19	22.85	17.03	17.0	18.0	4.0	18.0	24.17	18.68	38.18	18.97	35.61	33.6	
49.93	23.77	9.85	30.02	21.59	28.65	21.0	26.25	30.23	50.33	18.38	11.66	25.5	36.12	22.02	28.64	0.0	48.33	35.23	17.8	33.62	27.51	16.49	29.0	33.24	18.6	33.11	44.28	17.49	24.19	9.0	13.93	42.58	52.01	46.52	8.94	41.23	47.42	26.4	42.3	45.61	24.02	9.49	51.09	42.2	41.0	9.43	26.25	41.11	49.68	49.2	46.14	29.97	25.94	21.93	37.22	9.06	38.83	30.41	54.41	32.25	45.18	37.2	41.34	47.17	41.98	21.54	39.12	48.01	30.08	9.0	23.02	43.91	15.0	40.72	41.0	32.02	41.77	16.16	53.26	46.53	29.83	34.48	39.96	34.89	38.47	50.61	10.82	28.02	29.15	26.02	19.92	41.4	31.06	16.12	44.41	46.87	45.97	19.24	39.01	26.48	26.68	27.2	39.7	49.52	44.55	39.01	36.06	40.2	32.02	
7.28	53.04	49.41	29.61	39.01	19.92	44.01	27.0	19.24	21.1	29.97	58.31	25.18	24.35	29.07	19.7	48.33	0.0	15.0	33.54	15.3	53.34	40.2	44.91	16.28	33.38	15.23	25.0	31.02	47.17	56.65	39.82	13.15	24.19	2.0	57.27	21.63	15.0	23.35	25.08	22.63	43.19	48.27	21.95	23.6	20.22	57.7	22.47	23.19	13.42	11.18	5.0	31.78	22.47	53.0	43.46	44.38	12.17	28.65	12.0	26.83	30.48	24.17	9.22	27.59	11.4	26.83	26.42	24.84	19.21	45.35	28.32	6.32	35.23	31.91	56.65	19.0	56.08	38.95	14.32	3.61	19.85	31.95	26.93	30.08	53.14	11.7	59.03	28.16	19.65	26.17	36.07	23.02	18.25	52.35	24.08	26.17	16.28	39.62	19.65	30.81	31.62	21.63	20.59	16.12	13.0	48.85	26.0	44.72	46.57	
14.76	38.05	38.29	15.23	24.02	7.21	29.02	12.0	5.0	18.44	17.69	46.1	10.44	24.04	20.25	8.54	35.23	15.0	0.0	18.97	3.0	38.47	25.32	30.36	11.4	18.68	6.08	29.15	17.8	32.25	42.94	29.68	18.38	21.21	13.0	44.1	12.37	13.42	8.94	28.18	16.03	28.28	33.84	19.42	14.56	23.32	44.65	12.65	25.94	15.0	14.14	11.4	17.46	10.0	38.0	30.23	30.08	3.61	25.02	19.21	24.19	21.54	12.21	6.32	20.4	16.28	15.0	15.26	19.03	12.0	31.02	19.92	9.22	24.41	20.81	42.94	4.0	42.54	29.53	18.44	12.17	13.0	30.27	16.12	17.03	39.36	15.56	46.04	13.34	6.4	19.24	27.86	13.6	4.24	37.48	16.28	19.24	12.65	31.38	21.47	25.18	26.17	12.37	10.44	15.65	19.85	35.51	13.45	32.02	32.31	
33.62	21.54	24.04	12.65	9.22	14.0	13.04	8.49	14.32	32.56	9.22	29.41	8.54	30.23	17.03	15.13	17.8	33.54	18.97	0.0	18.25	23.32	7.28	18.6	21.59	1.0	19.0	38.08	6.4	17.2	24.41	19.1	31.78	34.21	31.58	26.17	23.43	30.0	10.2	36.36	27.8	14.14	14.87	33.3	24.41	33.11	26.87	15.23	34.48	32.45	32.25	30.36	13.15	12.17	20.88	24.04	11.18	22.47	26.87	37.59	27.66	27.86	19.42	25.3	29.53	30.41	10.82	21.47	30.23	18.97	12.08	17.69	28.16	14.56	23.77	32.8	15.23	33.02	20.4	36.06	31.05	19.31	32.56	22.36	17.72	29.41	33.62	28.28	10.3	14.04	19.85	21.54	23.6	15.3	19.0	26.63	29.15	28.43	23.77	30.87	24.21	25.0	16.16	21.93	32.02	33.73	27.73	18.36	26.93	21.63	
16.4	38.33	36.07	16.64	24.33	5.0	29.27	12.37	4.0	21.38	15.62	44.2	10.0	21.19	17.46	5.83	33.62	15.3	3.0	18.25	0.0	39.05	25.02	31.38	8.54	18.11	3.16	26.63	16.12	32.76	41.63	27.2	16.4	24.19	13.34	42.54	15.3	16.16	8.06	25.55	19.03	28.86	32.98	22.36	17.46	20.81	43.05	9.85	23.32	17.49	16.4	12.53	18.87	7.81	38.12	32.02	29.12	5.83	22.02	21.21	21.21	24.35	14.76	7.81	23.35	14.42	12.73	17.89	22.02	9.0	30.08	17.09	10.3	22.02	23.32	44.42	5.0	44.1	26.93	20.81	13.0	10.0	27.29	18.79	19.1	40.82	17.8	44.42	14.32	4.47	16.28	25.08	16.49	3.0	37.12	19.24	22.2	15.52	28.64	18.87	22.2	23.19	9.49	13.34	18.38	18.03	37.2	15.81	33.97	33.54	
51.01	4.0	37.34	24.0	14.87	36.06	10.3	26.68	35.17	43.68	32.2	36.12	29.41	53.54	39.82	37.7	27.51	53.34	38.47	23.32	39.05	0.0	16.4	9.49	44.38	22.83	40.8	61.4	29.41	6.32	26.0	38.01	54.42	43.66	51.35	30.02	35.51	44.41	31.62	59.68	38.33	10.2	18.03	43.97	34.93	56.36	31.02	38.47	57.8	47.38	48.17	49.09	22.02	34.93	6.0	17.03	19.72	41.19	49.82	53.34	50.8	33.11	31.26	44.18	36.77	52.81	34.13	30.81	39.22	42.05	19.24	40.61	47.17	35.38	28.23	14.0	34.53	15.03	40.0	50.64	50.16	42.49	55.32	31.05	25.5	12.37	49.25	32.0	25.18	35.74	43.01	42.52	34.71	36.14	12.04	36.4	37.34	42.43	43.6	54.12	46.75	47.42	39.36	35.23	45.71	56.3	15.26	29.27	19.1	10.0	
39.56	14.32	25.0	14.87	5.1	21.1	6.4	13.6	21.02	36.4	15.81	27.86	15.03	37.22	23.43	22.36	16.49	40.2	25.32	7.28	25.02	16.4	0.0	13.6	28.86	7.07	26.08	45.18	13.04	10.63	20.62	22.85	39.05	37.54	38.21	23.32	27.2	34.89	17.0	43.42	31.24	8.54	9.9	37.01	27.66	40.31	24.19	22.47	41.59	37.58	37.7	36.67	14.21	19.42	13.6	21.0	7.62	28.64	33.42	43.08	34.41	29.41	22.8	31.58	31.89	37.66	17.89	24.04	33.24	26.25	8.06	24.21	34.53	19.42	24.7	27.29	21.38	27.73	24.6	41.15	37.48	26.57	38.95	24.76	19.21	24.17	39.0	25.55	13.89	21.02	26.63	26.63	27.02	22.02	12.17	29.73	31.83	33.12	28.18	38.08	30.41	31.11	23.41	26.08	36.72	41.0	23.54	21.26	24.0	16.76	
42.05	11.4	38.21	15.3	9.43	29.15	8.0	19.24	27.73	34.21	27.8	39.46	22.47	48.17	35.61	31.06	29.0	44.91	30.36	18.6	31.38	9.49	13.6	0.0	37.74	17.8	33.54	55.61	25.0	5.83	30.36	36.4	47.41	34.18	42.95	33.96	26.17	35.13	24.7	54.04	28.86	5.1	20.22	34.48	25.5	50.22	34.93	32.65	52.01	38.12	39.01	40.45	13.15	28.6	12.73	8.94	20.02	32.76	45.34	44.1	45.97	23.71	22.02	35.69	27.31	45.62	29.0	21.38	29.73	35.81	20.0	36.24	38.64	32.65	18.79	14.21	26.57	14.42	38.08	41.3	41.59	36.4	51.09	21.59	16.12	10.82	40.05	36.14	17.09	28.65	38.21	39.82	25.32	28.64	17.0	26.93	27.86	33.14	41.63	48.01	42.8	43.6	33.42	26.02	36.35	49.19	10.05	20.02	11.7	3.16	
20.59	43.01	33.29	24.04	29.55	8.6	34.18	18.6	10.63	29.02	15.13	42.49	15.26	12.65	12.81	6.71	33.24	16.28	11.4	21.59	8.54	44.38	28.86	37.74	0.0	21.84	5.39	18.44	17.0	38.08	41.98	23.6	10.2	32.0	14.87	42.06	23.77	23.19	13.04	17.2	27.29	34.44	35.0	30.02	25.96	12.73	42.38	7.07	15.0	23.77	22.14	16.12	26.17	9.49	42.45	39.6	31.0	13.0	14.14	25.94	13.0	32.89	23.26	13.34	31.78	9.0	12.04	26.4	30.27	3.16	32.0	12.04	14.32	19.24	31.76	51.4	13.04	51.22	22.67	26.57	15.81	3.61	19.03	27.31	27.2	47.8	23.41	43.66	21.26	9.22	10.0	19.85	25.0	10.0	40.31	27.66	30.59	23.02	23.43	10.63	15.23	16.16	6.08	21.84	25.32	12.17	44.6	24.19	41.77	40.22	
33.24	21.19	25.0	11.7	8.49	14.04	12.53	7.81	14.14	31.83	10.0	30.23	8.25	30.81	17.8	15.3	18.6	33.38	18.68	1.0	18.11	22.83	7.07	17.8	21.84	0.0	19.03	38.59	7.21	16.64	25.0	20.1	32.02	33.42	31.4	26.87	22.67	29.41	10.05	36.89	27.02	13.45	15.23	32.56	23.6	33.54	27.59	15.65	34.99	31.91	31.76	30.08	12.17	12.37	20.62	23.09	11.66	22.14	27.59	37.12	28.32	26.93	18.6	25.0	28.65	30.59	11.4	20.59	29.41	19.31	12.53	18.44	27.89	15.52	22.8	32.02	14.87	32.2	21.38	35.51	30.81	19.7	33.3	21.47	16.76	28.6	33.12	29.0	9.43	14.0	20.52	22.47	22.8	15.13	19.03	25.81	28.3	27.8	24.74	31.3	25.0	25.81	16.55	21.21	31.4	33.96	26.83	17.49	25.96	20.81	
17.69	39.81	34.71	19.21	25.96	5.0	30.81	14.32	5.83	24.19	14.76	43.27	11.4	18.03	15.26	4.47	33.11	15.23	6.08	19.0	3.16	40.8	26.08	33.54	5.39	19.03	0.0	23.6	15.81	34.48	41.44	25.5	13.89	27.07	13.42	42.05	18.44	18.68	9.22	22.47	22.09	30.68	33.38	25.18	20.62	17.8	42.49	7.81	20.25	19.7	18.36	13.45	21.4	7.28	39.46	34.71	29.43	8.25	19.0	22.8	18.11	27.51	17.89	9.43	26.48	12.08	11.66	21.02	25.08	6.08	30.41	14.76	11.31	20.52	26.42	46.87	7.81	46.62	25.0	22.83	13.6	7.07	24.19	21.93	22.02	43.27	19.72	43.83	16.64	5.1	13.6	22.83	19.65	5.0	38.0	22.36	25.32	18.25	26.42	15.81	19.42	20.4	7.21	16.49	20.88	15.65	39.82	18.87	36.77	35.85	
32.06	59.48	40.2	42.45	46.87	26.87	51.11	36.8	29.07	44.38	29.55	50.25	33.3	8.25	22.8	24.76	44.28	25.0	29.15	38.08	26.63	61.4	45.18	55.61	18.44	38.59	23.6	0.0	32.2	55.23	53.24	31.0	12.17	47.54	25.08	52.01	41.15	38.08	31.14	2.0	44.01	51.87	49.04	45.35	43.38	5.83	52.0	23.02	3.61	37.48	35.36	28.28	44.55	27.02	58.6	58.0	45.22	29.55	14.0	37.0	12.04	50.54	41.34	28.46	48.85	14.32	27.29	44.42	46.82	19.85	46.17	21.84	27.66	29.43	49.93	69.53	31.4	69.43	29.02	39.12	27.17	19.21	12.08	45.28	45.61	65.95	36.22	53.01	39.6	27.59	18.97	25.02	42.49	28.43	55.36	44.78	47.54	38.6	27.29	7.81	18.0	18.03	22.2	39.36	39.81	12.0	62.94	42.44	60.21	58.26	
32.45	27.29	21.1	17.0	15.62	11.18	19.21	11.18	12.81	34.13	2.83	28.32	8.94	24.19	10.63	11.4	17.49	31.02	17.8	6.4	16.12	29.41	13.04	25.0	17.0	7.21	15.81	32.2	0.0	23.43	25.63	14.14	27.07	36.24	29.15	26.42	25.5	30.48	9.22	30.41	29.97	20.52	18.0	34.99	26.93	27.51	26.93	10.05	28.64	32.53	31.89	28.65	18.11	8.54	26.4	30.08	14.0	21.4	20.52	37.01	21.4	31.58	22.14	23.85	32.57	26.0	5.1	24.74	32.7	14.04	15.0	11.31	26.42	9.0	28.07	39.2	14.87	39.41	15.0	36.07	29.07	14.14	26.17	25.71	22.02	35.81	33.3	28.3	14.04	11.66	13.6	15.52	26.0	13.6	23.54	29.15	31.95	29.21	18.11	25.3	17.8	18.6	11.05	23.71	32.65	29.07	34.0	21.59	32.89	28.02	
45.1	6.32	33.73	18.11	8.54	29.73	4.24	20.4	28.86	38.63	26.25	34.13	23.09	47.43	33.97	31.38	24.19	47.17	32.25	17.2	32.76	6.32	10.63	5.83	38.08	16.64	34.48	55.23	23.43	0.0	24.74	33.12	48.1	38.91	45.18	28.44	30.08	38.83	25.3	53.54	33.24	4.0	15.0	39.0	29.73	50.12	29.43	32.25	51.62	41.77	42.43	43.01	16.28	28.64	7.21	14.76	15.52	35.06	43.93	47.68	44.82	28.84	25.71	38.05	32.25	46.49	28.02	25.63	34.44	35.78	15.3	34.71	41.05	30.0	23.85	17.09	28.28	17.72	34.99	45.12	44.05	36.24	49.52	26.0	20.25	14.32	43.57	30.59	19.03	29.41	37.01	37.2	29.41	29.83	11.18	31.38	32.65	36.88	38.59	47.89	41.01	41.73	33.12	29.61	40.26	49.98	15.13	23.77	17.46	8.25	
57.71	22.0	15.81	35.38	25.24	36.77	22.85	32.8	38.01	56.64	26.93	10.44	32.76	45.1	31.02	37.0	9.0	56.65	42.94	24.41	41.63	26.0	20.62	30.36	41.98	25.0	41.44	53.24	25.63	24.74	0.0	22.56	51.48	57.98	54.78	4.12	47.42	54.41	34.0	51.24	51.62	26.0	10.82	57.31	48.08	50.0	5.1	34.93	50.09	56.86	56.6	54.13	34.83	34.18	20.0	39.22	13.45	46.53	39.32	61.91	41.19	50.0	43.14	49.19	52.5	50.8	30.08	44.6	53.76	38.83	12.73	32.02	51.89	24.0	45.22	40.0	39.45	41.01	24.74	60.46	54.63	38.64	43.17	45.34	39.82	38.12	57.98	6.0	33.97	37.16	35.01	28.64	47.38	38.91	14.04	50.21	52.4	52.8	27.51	48.01	35.36	35.51	35.9	46.1	56.4	53.46	39.81	41.73	42.06	32.98	
43.19	34.83	9.85	31.06	27.2	22.47	29.07	25.32	25.06	47.42	12.65	19.65	22.8	23.09	10.82	21.4	13.93	39.82	29.68	19.1	27.2	38.01	22.85	36.4	23.6	20.1	25.5	31.0	14.14	33.12	22.56	0.0	31.38	49.77	38.29	21.02	39.22	43.05	22.47	29.0	43.66	31.38	21.26	48.33	40.8	28.44	21.0	17.69	28.07	44.65	43.6	38.9	32.0	19.72	33.3	42.95	18.44	33.02	17.0	48.27	19.03	45.71	36.14	34.83	46.57	31.3	14.76	38.83	46.49	20.62	19.1	11.66	36.8	5.39	42.19	50.09	27.73	50.57	2.24	48.01	38.9	20.0	20.62	39.81	36.12	47.01	45.0	22.02	28.16	23.32	14.32	6.08	39.85	25.55	28.32	43.01	45.88	42.06	5.66	26.68	13.0	13.04	18.38	37.34	45.28	33.24	46.17	35.69	45.89	39.56	
20.0	53.16	41.23	33.02	39.56	18.38	44.27	28.18	19.72	32.28	25.0	50.92	25.08	11.66	20.88	16.76	42.58	13.15	18.38	31.78	16.4	54.42	39.05	47.41	10.2	32.02	13.89	12.17	27.07	48.1	51.48	31.38	0.0	35.44	13.0	51.2	29.68	25.96	22.85	12.0	32.2	44.38	45.04	33.24	31.91	7.07	51.42	17.03	10.05	25.32	23.19	16.12	35.23	19.65	52.63	48.41	41.05	18.03	16.97	25.08	14.87	39.12	30.48	16.55	37.12	2.24	22.02	33.42	34.93	13.04	42.05	19.92	15.52	27.89	39.05	60.75	21.4	60.46	29.97	27.02	15.03	13.0	19.24	34.21	35.38	57.14	24.08	52.63	30.53	18.79	17.09	26.42	31.06	18.87	50.49	33.12	35.78	26.57	29.68	6.71	20.0	20.62	16.03	28.02	27.66	2.0	53.6	31.83	50.33	49.74	
17.2	45.19	57.31	22.67	33.6	27.89	37.74	25.81	25.0	3.16	37.16	63.6	27.29	44.18	41.23	29.61	52.01	24.19	21.21	34.21	24.19	43.66	37.54	34.18	32.0	33.42	27.07	47.54	36.24	38.91	57.98	49.77	35.44	0.0	23.26	60.21	10.82	9.49	27.31	47.07	6.4	35.36	47.42	2.24	9.9	41.98	60.96	33.73	44.91	10.82	13.04	19.7	23.6	30.36	46.07	28.28	44.55	19.0	46.04	15.0	45.0	11.05	14.87	19.24	7.07	33.24	35.11	13.6	4.47	33.14	45.25	41.0	19.92	44.38	15.52	41.01	22.14	40.0	49.98	11.4	21.02	34.13	51.01	13.04	18.87	38.12	12.81	62.37	24.08	26.93	40.45	48.76	10.63	24.74	48.26	7.81	6.32	9.06	52.2	40.61	46.39	47.38	33.54	12.53	8.06	36.06	33.06	16.28	28.02	34.21	
7.0	51.04	47.8	27.66	37.01	18.03	42.01	25.0	17.26	20.12	28.18	56.6	23.19	23.77	27.59	17.89	46.52	2.0	13.0	31.58	13.34	51.35	38.21	42.95	14.87	31.4	13.42	25.08	29.15	45.18	54.78	38.29	13.0	23.26	0.0	55.46	20.0	13.89	21.38	25.0	21.26	41.19	46.32	21.02	22.02	20.02	55.9	20.81	23.02	12.65	10.44	3.61	29.83	20.62	51.0	41.63	42.45	10.2	27.73	12.17	26.0	29.0	22.36	7.28	26.25	11.05	25.06	24.7	23.6	17.69	43.42	26.87	4.47	33.6	30.23	54.78	17.0	54.23	37.48	14.04	2.24	18.38	31.32	25.24	28.23	51.26	11.18	57.25	26.17	17.72	24.84	34.71	21.4	16.28	50.36	22.63	24.84	15.0	38.29	19.24	29.68	30.53	20.0	18.87	15.23	13.15	47.01	24.17	42.94	44.64	
58.83	26.02	13.0	37.8	28.18	37.59	26.25	34.66	39.12	58.69	27.31	6.32	34.21	44.01	30.41	37.58	8.94	57.27	44.1	26.17	42.54	30.02	23.32	33.96	42.06	26.87	42.05	52.01	26.42	28.44	4.12	21.02	51.2	60.21	55.46	0.0	49.52	56.08	35.23	50.01	53.81	29.41	13.93	59.41	50.33	49.16	1.0	35.11	49.01	58.41	58.01	55.07	37.44	34.89	24.02	42.72	15.81	47.71	38.01	63.25	40.0	52.7	45.34	50.25	55.0	50.7	30.46	47.01	56.08	38.9	15.26	31.4	52.84	23.35	48.02	44.01	40.8	45.0	23.09	62.01	55.47	38.6	41.44	47.8	42.44	42.05	59.41	2.24	36.12	38.08	34.37	27.07	49.58	39.96	18.0	52.5	54.82	54.56	25.5	47.27	34.01	34.06	36.06	48.08	58.14	53.15	43.57	44.05	45.61	36.67	
16.76	36.4	46.53	12.53	23.71	18.03	28.23	15.0	15.03	9.22	26.57	52.8	16.55	36.4	31.26	20.0	41.23	21.63	12.37	23.43	15.3	35.51	27.2	26.17	23.77	22.67	18.44	41.15	25.5	30.08	47.42	39.22	29.68	10.82	20.0	49.52	0.0	9.0	16.76	40.31	4.47	26.25	37.01	9.9	2.24	35.34	50.25	24.02	38.08	12.0	13.15	16.64	13.93	20.22	37.0	22.56	33.97	11.66	37.22	18.0	36.5	9.43	4.47	13.45	8.06	27.46	24.74	5.1	7.28	24.19	34.71	31.14	15.62	33.84	10.3	35.9	12.04	35.17	39.56	15.13	18.03	25.18	42.58	5.39	10.05	32.56	14.04	51.66	13.45	17.03	31.0	38.64	1.41	15.0	38.47	4.0	7.0	7.0	41.98	33.62	37.0	38.0	24.0	2.0	10.2	30.81	27.89	6.32	23.41	27.0	
8.6	45.12	51.4	20.88	31.95	20.59	36.69	21.63	18.03	6.32	30.81	58.69	21.93	35.01	33.62	21.93	47.42	15.0	13.42	30.0	16.16	44.41	34.89	35.13	23.19	29.41	18.68	38.08	30.48	38.83	54.41	43.05	25.96	9.49	13.89	56.08	9.0	0.0	21.26	37.66	8.06	34.93	44.42	7.28	10.2	32.56	56.73	26.0	35.51	3.0	4.47	10.3	22.56	23.32	45.61	31.4	41.05	10.44	37.34	9.0	36.12	16.12	13.15	10.0	12.81	23.77	28.3	14.04	9.9	24.74	41.88	33.24	10.44	37.74	18.68	44.72	15.62	43.93	42.94	6.32	11.66	25.71	42.05	14.14	19.03	41.44	5.1	58.14	21.02	19.72	32.28	41.23	10.05	17.49	46.62	9.85	11.4	2.0	44.78	31.26	38.08	39.05	25.63	9.22	2.24	26.57	36.67	15.13	32.02	36.0	
23.71	30.59	30.23	11.66	16.76	4.47	21.59	5.66	4.12	25.06	9.85	37.48	2.24	24.21	15.03	6.4	26.4	23.35	8.94	10.2	8.06	31.62	17.0	24.7	13.04	10.05	9.22	31.14	9.22	25.3	34.0	22.47	22.85	27.31	21.38	35.23	16.76	21.26	0.0	29.7	21.19	21.54	25.0	25.94	18.44	25.61	35.81	8.94	27.59	23.35	22.8	20.25	13.6	4.47	30.27	27.02	21.19	12.53	22.85	28.02	22.83	24.0	14.04	15.23	24.33	21.19	8.06	17.0	24.04	11.31	22.14	15.13	18.03	17.09	21.38	38.42	5.66	38.29	22.8	26.91	20.88	12.04	28.64	18.0	15.81	34.83	24.21	37.2	8.6	4.12	15.81	22.09	17.46	5.1	29.07	20.62	23.54	20.0	25.32	23.43	21.59	22.56	9.43	14.87	23.43	24.7	31.83	14.04	29.41	27.2	
32.0	57.71	38.21	41.11	45.22	25.5	49.4	35.36	27.8	43.93	27.73	48.26	31.83	6.32	20.88	23.35	42.3	25.08	28.18	36.36	25.55	59.68	43.42	54.04	17.2	36.89	22.47	2.0	30.41	53.54	51.24	29.0	12.0	47.07	25.0	50.01	40.31	37.66	29.7	0.0	43.32	50.22	47.13	44.91	42.54	5.1	50.0	21.4	2.24	37.22	35.13	28.07	43.19	25.5	56.8	56.64	43.32	28.79	12.0	37.05	10.05	49.66	40.31	27.89	48.1	14.04	25.55	43.42	46.17	18.38	44.27	19.92	27.29	27.46	48.88	68.01	30.23	67.94	27.02	39.01	27.02	17.69	10.3	44.29	44.41	64.44	36.06	51.01	38.21	26.25	17.09	23.02	41.63	27.2	53.49	44.01	46.82	38.08	25.32	6.71	16.0	16.03	20.62	38.48	39.46	12.17	61.52	41.34	58.9	56.73	
16.64	39.56	51.0	16.4	27.46	22.2	31.76	19.42	19.24	5.39	31.02	57.2	21.02	39.81	35.51	24.08	45.61	22.63	16.03	27.8	19.03	38.33	31.24	28.86	27.29	27.02	22.09	44.01	29.97	33.24	51.62	43.66	32.2	6.4	21.26	53.81	4.47	8.06	21.19	43.32	0.0	29.55	41.11	5.83	3.61	38.28	54.56	28.16	41.11	10.77	12.53	17.69	17.49	24.52	40.31	24.02	38.18	14.56	41.05	16.49	40.2	8.06	8.49	15.65	5.0	29.97	29.12	7.62	3.0	28.02	38.9	35.36	17.2	38.28	11.05	37.22	16.28	36.35	43.97	13.15	19.1	29.02	46.27	7.28	13.0	34.06	13.0	55.97	17.69	21.21	35.06	42.95	4.24	19.1	42.19	2.0	3.61	6.4	46.32	36.69	41.05	42.05	28.07	6.32	8.25	33.12	29.15	10.0	24.33	29.27	
41.11	10.2	33.14	14.14	5.0	26.0	3.16	16.49	25.0	34.93	23.35	34.71	19.31	44.2	31.14	27.73	24.02	43.19	28.28	14.14	28.86	10.2	8.54	5.1	34.44	13.45	30.68	51.87	20.52	4.0	26.0	31.38	44.38	35.36	41.19	29.41	26.25	34.93	21.54	50.22	29.55	0.0	15.52	35.34	26.0	46.65	30.36	28.84	48.26	37.85	38.47	39.01	12.37	25.06	10.77	13.34	15.0	31.06	41.01	43.74	41.77	25.61	21.84	34.06	28.84	42.72	24.84	21.93	30.89	32.25	15.03	31.83	37.05	27.78	20.62	18.87	24.33	19.24	33.11	41.23	40.05	32.76	46.69	22.36	16.55	15.65	39.62	31.62	15.03	25.63	33.97	34.99	25.63	25.96	13.45	27.73	29.15	32.98	36.67	44.42	38.29	39.05	29.68	25.71	36.4	46.24	15.13	19.92	16.28	8.25	
48.47	14.32	19.31	24.76	14.42	28.44	12.37	22.83	29.12	46.23	20.1	19.24	23.41	40.8	26.25	29.15	9.49	48.27	33.84	14.87	32.98	18.03	9.9	20.22	35.0	15.23	33.38	49.04	18.0	15.0	10.82	21.26	45.04	47.42	46.32	13.93	37.01	44.42	25.0	47.13	41.11	15.52	0.0	46.86	37.54	44.91	14.87	28.02	45.61	47.01	46.96	45.22	24.08	26.17	12.53	28.86	4.0	37.34	35.85	52.33	37.34	39.2	32.65	40.16	41.77	44.0	23.02	33.94	43.14	32.02	3.0	27.2	43.01	20.12	34.41	31.58	30.08	32.39	23.43	50.61	45.88	32.06	40.71	34.66	29.07	29.15	48.3	16.16	23.6	28.64	30.08	26.63	36.88	30.08	7.07	39.62	41.73	42.72	26.91	42.76	32.2	32.65	29.02	35.81	46.32	47.04	30.07	31.14	31.78	23.09	
15.0	45.31	56.08	22.2	33.29	26.25	37.59	24.84	23.41	1.0	35.78	62.63	26.08	42.11	39.56	27.89	51.09	21.95	19.42	33.3	22.36	43.97	37.01	34.48	30.02	32.56	25.18	45.35	34.99	39.0	57.31	48.33	33.24	2.24	21.02	59.41	9.9	7.28	25.94	44.91	5.83	35.34	46.86	0.0	9.43	39.81	60.14	32.02	42.76	8.6	10.82	17.46	23.32	28.79	46.1	29.07	43.86	17.03	44.1	13.04	43.01	12.04	14.21	17.12	8.06	31.05	33.62	13.42	5.0	31.26	44.6	39.29	17.72	42.95	16.12	42.01	20.62	41.05	48.47	9.43	18.79	32.25	49.0	13.0	18.79	39.01	10.63	61.55	23.35	25.3	38.64	47.13	10.0	23.09	48.02	7.62	7.0	7.0	50.6	38.47	44.55	45.54	31.78	11.4	5.83	33.84	34.0	15.81	29.02	34.71	
18.38	36.06	47.85	12.81	23.85	20.0	28.18	16.12	17.0	8.94	28.16	53.82	18.03	38.6	33.14	22.02	42.2	23.6	14.56	24.41	17.46	34.93	27.66	25.5	25.96	23.6	20.62	43.38	26.93	29.73	48.08	40.8	31.91	9.9	22.02	50.33	2.24	10.2	18.44	42.54	3.61	26.0	37.54	9.43	0.0	37.58	51.09	26.0	40.31	13.15	14.56	18.6	13.89	22.09	36.77	21.21	34.66	13.89	39.32	19.1	38.64	7.21	5.0	15.62	6.0	29.68	26.48	4.12	5.83	26.31	35.36	33.06	17.69	35.44	8.54	34.53	14.0	33.73	41.23	16.0	20.0	27.29	44.72	4.0	9.49	31.26	15.3	52.5	14.21	19.0	33.02	40.45	1.0	17.03	38.59	2.24	5.1	8.25	43.74	35.85	39.01	40.01	26.02	4.12	11.0	33.02	26.48	6.4	21.84	26.08	
27.02	54.63	38.08	36.77	41.68	21.26	46.07	31.24	23.35	38.83	25.0	48.05	27.8	5.83	19.03	19.21	41.0	20.22	23.32	33.11	20.81	56.36	40.31	50.22	12.73	33.54	17.8	5.83	27.51	50.12	50.0	28.44	7.07	41.98	20.02	49.16	35.34	32.56	25.61	5.1	38.28	46.65	44.91	39.81	37.58	0.0	49.25	17.89	3.0	32.14	30.07	23.02	38.9	21.63	53.85	52.33	41.0	23.77	12.08	32.14	9.85	44.72	35.51	22.8	43.08	9.0	22.47	38.59	41.11	14.42	41.98	18.03	22.2	26.0	44.1	64.03	25.61	63.89	26.68	34.0	22.0	13.89	12.81	39.45	39.82	60.44	31.02	50.36	33.97	21.93	15.03	22.8	36.67	22.67	50.96	39.0	41.79	32.98	25.63	2.24	15.81	16.16	17.0	33.54	34.37	7.62	57.31	36.62	54.49	52.8	
59.36	27.02	12.65	38.6	29.07	38.08	27.2	35.36	39.66	59.41	27.73	5.39	34.83	44.05	30.59	38.01	9.43	57.7	44.65	26.87	43.05	31.02	24.19	34.93	42.38	27.59	42.49	52.0	26.93	29.43	5.1	21.0	51.42	60.96	55.9	1.0	50.25	56.73	35.81	50.0	54.56	30.36	14.87	60.14	51.09	49.25	0.0	35.47	49.04	59.03	58.6	55.57	38.28	35.36	25.02	43.68	16.64	48.26	38.0	63.82	40.01	53.54	46.1	50.77	55.8	50.96	30.87	47.8	56.85	39.22	16.12	31.58	53.34	23.54	48.88	45.01	41.4	46.0	23.02	62.63	55.95	38.9	41.3	48.6	43.27	43.05	60.0	1.41	36.88	38.59	34.53	27.02	50.33	40.5	19.0	53.26	55.61	55.23	25.32	47.38	34.0	34.01	36.4	48.8	58.8	53.37	44.55	44.82	46.57	37.66	
25.5	36.77	27.02	20.59	23.85	6.0	28.18	14.42	9.0	31.05	8.06	35.85	10.82	15.56	7.62	4.12	26.25	22.47	12.65	15.23	9.85	38.47	22.47	32.65	7.07	15.65	7.81	23.02	10.05	32.25	34.93	17.69	17.03	33.73	20.81	35.11	24.02	26.0	8.94	21.4	28.16	28.84	28.02	32.02	26.0	17.89	35.47	0.0	19.42	27.29	26.08	21.21	22.47	4.47	36.06	35.81	24.02	15.65	13.93	30.61	13.89	32.25	22.2	17.2	32.0	16.03	5.0	25.32	31.14	4.0	25.02	7.28	19.1	12.81	30.08	46.69	12.0	46.67	17.2	30.53	21.26	4.12	19.7	26.31	24.7	43.14	27.46	36.77	17.49	7.0	7.07	15.23	25.0	9.06	33.54	28.02	31.02	25.3	18.79	15.65	13.04	14.04	1.0	22.02	28.23	19.03	40.46	22.56	38.28	35.38	
30.02	55.9	37.48	38.95	43.27	23.35	47.51	33.24	25.61	41.77	26.0	47.52	29.73	5.0	19.42	21.21	41.11	23.19	25.94	34.48	23.32	57.8	41.59	52.01	15.0	34.99	20.25	3.61	28.64	51.62	50.09	28.07	10.05	44.91	23.02	49.01	38.08	35.51	27.59	2.24	41.11	48.26	45.61	42.76	40.31	3.0	49.04	19.42	0.0	35.13	33.06	26.02	41.04	23.43	55.04	54.49	41.76	26.57	11.18	35.13	9.06	47.42	38.08	25.71	45.88	12.0	23.71	41.18	43.97	16.28	42.72	18.44	25.18	26.17	46.65	65.95	28.02	65.86	26.17	37.0	25.0	15.62	10.63	42.06	42.2	62.37	34.01	50.09	36.07	24.08	15.52	22.2	39.4	25.0	51.87	41.79	44.6	35.9	24.74	4.47	15.13	15.3	18.6	36.25	37.34	10.44	59.4	39.12	56.73	54.67	
6.4	48.05	53.26	23.77	34.79	22.2	39.56	24.19	19.85	7.81	32.65	60.83	24.21	35.06	34.89	23.32	49.68	13.42	15.0	32.45	17.49	47.38	37.58	38.12	23.77	31.91	19.7	37.48	32.53	41.77	56.86	44.65	25.32	10.82	12.65	58.41	12.0	3.0	23.35	37.22	10.77	37.85	47.01	8.6	13.15	32.14	59.03	27.29	35.13	0.0	2.24	9.22	25.5	25.0	48.51	34.37	43.57	11.66	37.85	6.0	36.5	18.79	16.12	10.44	15.26	23.19	30.0	17.03	12.21	25.63	44.42	34.44	10.0	39.41	21.59	47.68	17.69	46.87	44.42	3.61	10.44	26.57	42.3	17.12	22.02	44.41	2.24	60.44	23.77	21.4	33.24	42.49	13.04	19.21	49.4	12.65	13.89	5.0	46.07	31.02	38.9	39.85	26.83	12.17	2.83	25.71	39.62	18.11	34.93	39.0	
4.24	48.66	52.4	24.33	35.17	21.26	40.02	24.17	19.1	10.0	31.83	60.21	23.85	33.14	33.62	22.2	49.2	11.18	14.14	32.25	16.4	48.17	37.7	39.01	22.14	31.76	18.36	35.36	31.89	42.43	56.6	43.6	23.19	13.04	10.44	58.01	13.15	4.47	22.8	35.13	12.53	38.47	46.96	10.82	14.56	30.07	58.6	26.08	33.06	2.24	0.0	7.07	26.17	24.08	49.03	35.69	43.42	10.63	36.14	5.39	34.71	20.59	17.0	8.94	17.2	21.1	29.07	18.25	14.21	24.17	44.29	33.12	8.06	38.42	23.09	49.03	17.2	48.27	43.27	4.47	8.25	25.08	40.45	18.44	23.02	45.71	1.41	60.0	24.04	20.52	31.78	41.18	14.32	18.38	49.65	14.32	15.81	6.32	44.78	29.0	37.34	38.28	25.55	13.0	5.0	23.54	41.0	19.0	36.4	40.05	
4.47	49.01	48.17	25.18	35.06	17.49	40.05	23.19	16.16	16.55	28.02	56.61	21.84	26.31	28.43	17.8	46.14	5.0	11.4	30.36	12.53	49.09	36.67	40.45	16.12	30.08	13.45	28.28	28.65	43.01	54.13	38.9	16.12	19.7	3.61	55.07	16.64	10.3	20.25	28.07	17.69	39.01	45.22	17.46	18.6	23.02	55.57	21.21	26.02	9.22	7.07	0.0	27.29	20.25	49.09	38.63	41.44	8.06	29.73	9.85	28.16	25.5	19.31	5.1	22.67	14.04	25.0	21.47	20.0	18.6	42.38	27.8	2.24	33.97	26.93	51.87	15.3	51.26	38.29	11.05	1.41	19.42	33.73	21.95	25.3	48.38	8.0	56.94	24.0	17.0	26.08	35.81	18.03	15.23	48.84	19.1	21.26	11.4	39.41	22.02	31.3	32.2	20.52	15.65	11.7	16.49	44.01	21.19	39.81	41.98	
29.0	22.56	37.11	2.24	10.0	17.69	14.32	8.06	15.62	22.83	20.4	41.59	11.66	37.8	27.51	19.85	29.97	31.78	17.46	13.15	18.87	22.02	14.21	13.15	26.17	12.17	21.4	44.55	18.11	16.28	34.83	32.0	35.23	23.6	29.83	37.44	13.93	22.56	13.6	43.19	17.49	12.37	24.08	23.32	13.89	38.9	38.28	22.47	41.04	25.5	26.17	27.29	0.0	18.03	23.09	13.45	21.63	19.65	36.24	31.4	36.36	15.26	9.49	22.56	17.69	33.29	20.25	10.0	19.21	24.84	22.2	27.86	25.5	27.07	10.77	25.55	13.89	25.24	33.06	28.86	28.44	25.61	42.06	10.63	5.0	21.95	27.29	39.66	5.0	16.97	29.07	33.54	13.42	16.4	24.7	15.81	17.69	20.62	36.22	36.77	34.54	35.47	23.02	13.34	24.04	36.89	18.44	7.62	15.81	14.87	
24.21	33.53	28.32	16.12	20.12	2.83	24.7	10.0	5.39	27.86	7.81	36.4	6.4	19.85	11.05	3.0	25.94	22.47	10.0	12.17	7.81	34.93	19.42	28.6	9.49	12.37	7.28	27.02	8.54	28.64	34.18	19.72	19.65	30.36	20.62	34.89	20.22	23.32	4.47	25.5	24.52	25.06	26.17	28.79	22.09	21.63	35.36	4.47	23.43	25.0	24.08	20.25	18.03	0.0	32.98	31.4	22.2	13.45	18.38	29.0	18.36	28.07	18.03	15.62	28.07	18.25	5.0	21.1	27.46	7.21	23.19	11.0	18.03	14.42	25.71	42.52	8.25	42.45	19.7	28.43	20.59	7.81	24.17	22.09	20.25	38.95	25.5	36.72	13.04	3.61	11.4	18.44	21.1	5.83	31.06	24.19	27.17	22.36	21.84	19.42	17.26	18.25	5.0	18.25	25.55	21.59	36.12	18.25	33.84	31.24	
51.48	2.0	31.78	24.74	14.04	34.53	9.06	26.0	34.13	45.69	29.07	30.15	28.16	50.54	36.36	35.9	21.93	53.0	38.0	20.88	38.12	6.0	13.6	12.73	42.45	20.62	39.46	58.6	26.4	7.21	20.0	33.3	52.63	46.07	51.0	24.02	37.0	45.61	30.27	56.8	40.31	10.77	12.53	46.1	36.77	53.85	25.02	36.06	55.04	48.51	49.03	49.09	23.09	32.98	0.0	21.4	14.87	41.05	46.32	54.34	47.51	36.06	32.57	44.05	39.45	51.2	31.38	32.7	41.59	39.85	14.21	37.22	47.04	31.24	31.06	20.0	34.0	21.02	35.38	51.92	50.04	40.16	51.61	33.11	27.31	18.25	50.22	26.0	25.18	34.37	39.82	38.21	36.4	35.13	6.08	38.48	39.82	43.68	38.95	51.62	43.01	43.6	37.0	36.4	47.13	54.57	20.62	30.68	23.85	14.42	
39.29	19.85	46.0	15.56	16.03	31.14	16.49	21.4	29.0	29.02	32.7	48.05	25.0	51.22	40.25	33.3	37.22	43.46	30.23	24.04	32.02	17.03	21.0	8.94	39.6	23.09	34.71	58.0	30.08	14.76	39.22	42.95	48.41	28.28	41.63	42.72	22.56	31.4	27.02	56.64	24.02	13.34	28.86	29.07	21.21	52.33	43.68	35.81	54.49	34.37	35.69	38.63	13.45	31.4	21.4	0.0	28.16	31.76	49.4	40.31	49.65	17.26	19.31	34.44	21.21	46.4	33.12	17.46	24.08	38.29	28.28	40.71	37.16	38.6	13.0	13.34	27.02	12.65	44.38	37.12	39.92	39.05	55.23	17.26	13.42	10.05	36.5	44.92	18.44	30.41	42.19	45.54	21.38	29.73	25.94	22.02	22.09	29.43	47.8	50.21	47.41	48.3	36.4	23.09	32.14	50.0	5.39	17.46	3.0	7.07	
44.78	16.4	18.25	22.02	12.65	24.52	12.04	19.42	25.3	43.19	16.12	20.25	19.7	37.0	22.47	25.18	9.06	44.38	30.08	11.18	29.12	19.72	7.62	20.02	31.0	11.66	29.43	45.22	14.0	15.52	13.45	18.44	41.05	44.55	42.45	15.81	33.97	41.05	21.19	43.32	38.18	15.0	4.0	43.86	34.66	41.0	16.64	24.02	41.76	43.57	43.42	41.44	21.63	22.2	14.87	28.16	0.0	33.62	32.2	48.76	33.62	36.89	29.7	36.4	39.2	40.0	19.03	31.24	40.36	28.02	1.0	23.41	39.22	16.64	32.25	32.57	26.4	33.24	20.52	47.17	42.06	28.07	37.22	32.02	26.63	29.83	44.78	18.03	20.52	24.74	26.25	23.43	33.94	26.25	10.3	36.8	39.05	39.41	24.08	38.83	28.65	29.15	25.02	32.65	43.01	43.05	30.07	28.32	31.14	23.09	
11.18	41.0	41.77	17.46	27.02	10.63	32.02	15.13	8.6	16.03	21.21	49.68	13.93	25.32	23.26	11.66	38.83	12.17	3.61	22.47	5.83	41.19	28.64	32.76	13.0	22.14	8.25	29.55	21.4	35.06	46.53	33.02	18.03	19.0	10.2	47.71	11.66	10.44	12.53	28.79	14.56	31.06	37.34	17.03	13.89	23.77	48.26	15.65	26.57	11.66	10.63	8.06	19.65	13.45	41.05	31.76	33.62	0.0	27.07	15.62	26.0	21.1	12.81	3.0	19.31	15.81	18.44	15.56	17.46	14.32	34.54	22.85	6.0	27.8	21.21	44.78	7.28	44.28	32.76	15.0	9.0	15.3	32.02	16.28	18.36	41.23	12.04	49.65	16.03	9.9	21.84	30.87	13.04	7.81	40.79	15.23	18.03	10.05	34.44	22.14	27.66	28.64	15.23	10.0	12.65	19.21	37.12	14.42	33.29	34.48	
34.18	47.43	26.31	34.44	36.07	19.65	39.7	28.18	22.56	43.1	17.69	36.35	24.6	6.32	10.0	17.46	30.41	28.65	25.02	26.87	22.02	49.82	33.42	45.34	14.14	27.59	19.0	14.0	20.52	43.93	39.32	17.0	16.97	46.04	27.73	38.01	37.22	37.34	22.85	12.0	41.05	41.01	35.85	44.1	39.32	12.08	38.0	13.93	11.18	37.85	36.14	29.73	36.24	18.38	46.32	49.4	32.2	27.07	0.0	39.56	2.24	45.89	35.9	27.46	45.28	17.8	16.4	39.05	44.05	13.04	33.11	9.22	28.16	15.81	43.97	59.55	25.5	59.67	15.03	40.52	29.15	12.04	5.83	40.02	38.63	56.08	37.36	39.01	31.3	20.62	7.21	11.05	38.33	22.36	42.49	41.19	44.18	37.12	13.6	10.82	4.0	4.12	13.6	35.23	39.46	18.44	53.82	36.4	51.97	48.27	
5.39	53.94	57.28	29.61	40.52	26.17	45.35	29.55	24.21	12.53	36.8	65.3	29.15	35.9	38.01	26.91	54.41	12.0	19.21	37.59	21.21	53.34	43.08	44.1	25.94	37.12	22.8	37.0	37.01	47.68	61.91	48.27	25.08	15.0	12.17	63.25	18.0	9.0	28.02	37.05	16.49	43.74	52.33	13.04	19.1	32.14	63.82	30.61	35.13	6.0	5.39	9.85	31.4	29.0	54.34	40.31	48.76	15.62	39.56	0.0	37.95	24.35	22.09	13.45	20.62	23.19	33.94	23.02	17.46	28.3	49.65	37.44	11.66	43.19	27.46	53.6	22.47	52.77	47.8	3.61	10.44	29.15	43.42	23.09	28.02	50.36	4.12	65.22	29.41	25.5	35.85	45.49	19.03	23.43	55.03	18.44	19.31	11.0	49.09	31.4	41.15	42.05	30.0	18.11	8.25	25.0	45.54	24.08	40.79	45.0	
32.57	48.55	28.44	34.48	36.8	19.31	40.61	28.3	22.14	42.01	18.6	38.47	24.7	4.12	11.18	17.09	32.25	26.83	24.19	27.66	21.21	50.8	34.41	45.97	13.0	28.32	18.11	12.04	21.4	44.82	41.19	19.03	14.87	45.0	26.0	40.0	36.5	36.12	22.83	10.05	40.2	41.77	37.34	43.01	38.64	9.85	40.01	13.89	9.06	36.5	34.71	28.16	36.36	18.36	47.51	49.65	33.62	26.0	2.24	37.95	0.0	45.35	35.44	26.17	44.55	15.81	16.97	38.6	43.19	12.37	34.54	10.3	26.68	17.46	43.66	60.14	25.0	60.21	17.12	39.05	27.51	11.4	6.08	39.56	38.48	56.64	35.9	41.05	31.38	20.25	7.81	13.15	37.66	21.84	43.86	40.45	43.42	36.01	15.81	8.6	6.08	6.32	13.42	34.53	38.21	16.28	54.2	36.06	52.15	48.84	
24.7	34.99	51.87	15.23	24.84	26.31	28.32	20.4	23.35	12.17	33.24	56.82	23.09	45.54	39.01	28.44	45.18	30.48	21.54	27.86	24.35	33.11	29.41	23.71	32.89	26.93	27.51	50.54	31.58	28.84	50.0	45.71	39.12	11.05	29.0	52.7	9.43	16.12	24.0	49.66	8.06	25.61	39.2	12.04	7.21	44.72	53.54	32.25	47.42	18.79	20.59	25.5	15.26	28.07	36.06	17.26	36.89	21.1	45.89	24.35	45.35	0.0	10.05	22.8	4.0	36.89	32.02	7.0	7.07	32.98	37.44	39.05	24.76	40.45	5.0	30.0	20.4	29.02	46.39	20.88	26.91	33.96	51.42	6.0	10.3	27.07	21.02	54.92	17.72	25.32	39.32	46.04	8.06	23.54	38.95	6.4	5.1	14.42	49.16	42.95	45.28	46.27	32.39	11.18	16.16	40.22	22.02	10.05	17.0	23.41	
20.22	32.02	42.95	8.06	19.24	16.28	23.77	11.18	13.34	13.6	23.54	48.83	13.34	35.85	29.0	18.44	37.2	24.17	12.21	19.42	14.76	31.26	22.8	22.02	23.26	18.6	17.89	41.34	22.14	25.71	43.14	36.14	30.48	14.87	22.36	45.34	4.47	13.15	14.04	40.31	8.49	21.84	32.65	14.21	5.0	35.51	46.1	22.2	38.08	16.12	17.0	19.31	9.49	18.03	32.57	19.31	29.7	12.81	35.9	22.09	35.44	10.05	0.0	15.26	10.44	28.32	22.09	3.16	10.82	23.09	30.41	29.02	17.89	30.81	8.6	32.57	10.44	31.95	36.67	19.42	20.62	24.04	41.48	4.12	6.08	29.12	18.03	47.51	9.22	15.3	29.27	36.12	4.24	13.6	34.0	7.21	9.85	11.18	39.32	33.62	35.23	36.22	22.36	4.0	14.56	31.83	24.7	2.0	20.59	23.09	
8.6	44.0	43.84	20.4	30.02	12.81	35.01	18.11	11.18	16.12	23.43	52.01	16.76	25.02	24.7	13.45	41.34	9.22	6.32	25.3	7.81	44.18	31.58	35.69	13.34	25.0	9.43	28.46	23.85	38.05	49.19	34.83	16.55	19.24	7.28	50.25	13.45	10.0	15.23	27.89	15.65	34.06	40.16	17.12	15.62	22.8	50.77	17.2	25.71	10.44	8.94	5.1	22.56	15.62	44.05	34.44	36.4	3.0	27.46	13.45	26.17	22.8	15.26	0.0	20.59	14.32	20.52	17.8	18.38	15.23	37.34	24.19	3.0	29.73	23.43	47.54	10.2	47.01	34.41	13.42	6.0	16.16	32.06	18.44	21.02	44.01	10.3	52.15	19.03	12.21	22.85	32.25	14.87	10.3	43.74	16.64	19.24	10.2	35.85	21.38	28.46	29.41	16.64	12.04	12.04	17.49	39.81	17.0	35.85	37.36	
21.4	38.47	53.31	17.2	27.59	26.0	31.4	21.54	23.0	8.25	33.96	58.83	23.77	44.38	39.12	28.02	47.17	27.59	20.4	29.53	23.35	36.77	31.89	27.31	31.78	28.65	26.48	48.85	32.57	32.25	52.5	46.57	37.12	7.07	26.25	55.0	8.06	12.81	24.33	48.1	5.0	28.84	41.77	8.06	6.0	43.08	55.8	32.0	45.88	15.26	17.2	22.67	17.69	28.07	39.45	21.21	39.2	19.31	45.28	20.62	44.55	4.0	10.44	20.59	0.0	34.89	32.39	8.06	3.16	32.25	39.82	39.05	22.2	41.23	8.54	34.0	20.0	33.02	47.07	17.09	24.08	33.24	50.64	7.21	12.73	31.06	17.49	57.2	19.24	25.0	39.01	46.39	7.0	23.02	42.01	4.12	1.41	11.31	49.65	41.44	45.01	46.01	32.02	10.05	12.53	38.08	26.02	11.18	21.0	27.2	
18.03	51.66	41.15	31.06	37.95	16.76	42.72	26.4	17.89	30.08	24.08	50.7	23.41	13.0	20.62	15.3	41.98	11.4	16.28	30.41	14.42	52.81	37.66	45.62	9.0	30.59	12.08	14.32	26.0	46.49	50.8	31.3	2.24	33.24	11.05	50.7	27.46	23.77	21.19	14.04	29.97	42.72	44.0	31.05	29.68	9.0	50.96	16.03	12.0	23.19	21.1	14.04	33.29	18.25	51.2	46.4	40.0	15.81	17.8	23.19	15.81	36.89	28.32	14.32	34.89	0.0	21.02	31.24	32.7	12.04	41.0	19.7	13.34	27.51	36.88	58.83	19.42	58.52	30.02	25.0	13.0	12.17	20.62	32.02	33.3	55.23	22.02	52.2	28.65	17.09	17.0	26.63	28.84	17.0	49.25	30.89	33.54	24.35	30.0	8.25	20.52	21.21	15.03	25.81	25.5	3.61	51.61	29.7	48.27	47.89	
29.07	32.2	23.35	18.68	19.85	7.81	23.85	12.37	10.3	32.7	3.16	31.62	9.06	19.42	7.28	7.21	21.54	26.83	15.0	10.82	12.73	34.13	17.89	29.0	12.04	11.4	11.66	27.29	5.1	28.02	30.08	14.76	22.02	35.11	25.06	30.46	24.74	28.3	8.06	25.55	29.12	24.84	23.02	33.62	26.48	22.47	30.87	5.0	23.71	30.0	29.07	25.0	20.25	5.0	31.38	33.12	19.03	18.44	16.4	33.94	16.97	32.02	22.09	20.52	32.39	21.02	0.0	25.02	32.02	9.0	20.02	7.62	22.8	9.43	29.15	43.19	13.0	43.28	14.87	33.42	25.24	9.06	22.2	26.02	23.35	39.7	30.48	32.2	15.52	8.6	9.22	14.04	25.5	10.82	28.64	28.64	31.58	27.29	17.26	20.25	14.32	15.23	6.0	22.8	30.53	24.02	37.44	22.0	35.78	31.89	
21.84	31.95	45.31	9.22	20.0	19.42	24.19	13.6	16.49	13.0	26.31	50.77	16.12	39.0	32.02	21.59	39.12	26.42	15.26	21.47	17.89	30.81	24.04	21.38	26.4	20.59	21.02	44.42	24.74	25.63	44.6	38.83	33.42	13.6	24.7	47.01	5.1	14.04	17.0	43.42	7.62	21.93	33.94	13.42	4.12	38.59	47.8	25.32	41.18	17.03	18.25	21.47	10.0	21.1	32.7	17.46	31.24	15.56	39.05	23.02	38.6	7.0	3.16	17.8	8.06	31.24	25.02	0.0	9.22	26.25	31.89	32.06	20.25	33.54	5.66	30.81	13.6	30.08	39.46	20.02	22.83	27.2	44.64	1.0	5.39	27.46	19.1	49.2	11.18	18.44	32.39	39.05	4.0	16.76	34.67	5.83	7.81	12.04	42.19	36.72	38.33	39.32	25.5	5.83	15.03	34.71	22.8	3.16	18.38	22.02	
18.44	40.72	53.67	18.38	29.21	25.18	33.29	21.95	22.2	5.1	33.84	59.64	23.77	42.76	38.47	27.07	48.01	24.84	19.03	30.23	22.02	39.22	33.24	29.73	30.27	29.41	25.08	46.82	32.7	34.44	53.76	46.49	34.93	4.47	23.6	56.08	7.28	9.9	24.04	46.17	3.0	30.89	43.14	5.0	5.83	41.11	56.85	31.14	43.97	12.21	14.21	20.0	19.21	27.46	41.59	24.08	40.36	17.46	44.05	17.46	43.19	7.07	10.82	18.38	3.16	32.7	32.02	9.22	0.0	31.02	41.04	38.33	19.72	41.11	11.18	37.01	19.24	36.06	46.84	13.93	21.4	32.02	49.25	8.6	14.42	34.01	14.42	58.26	20.0	24.19	38.05	45.89	6.71	22.09	43.83	3.61	2.0	8.6	49.24	39.56	44.05	45.04	31.06	9.22	9.43	35.78	29.0	12.04	24.02	29.83	
23.02	40.5	30.23	22.8	27.29	7.21	31.78	16.97	9.85	30.27	12.04	39.36	13.45	13.04	9.9	5.0	30.08	19.21	12.0	18.97	9.0	42.05	26.25	35.81	3.16	19.31	6.08	19.85	14.04	35.78	38.83	20.62	13.04	33.14	17.69	38.9	24.19	24.74	11.31	18.38	28.02	32.25	32.02	31.26	26.31	14.42	39.22	4.0	16.28	25.63	24.17	18.6	24.84	7.21	39.85	38.29	28.02	14.32	13.04	28.3	12.37	32.98	23.09	15.23	32.25	12.04	9.0	26.25	31.02	0.0	29.02	9.22	16.64	16.12	31.38	49.68	12.65	49.58	19.8	28.64	18.44	1.0	18.44	27.2	26.42	46.1	25.5	40.5	19.85	8.06	7.62	17.2	25.32	9.49	37.48	28.16	31.14	24.33	20.81	12.21	13.34	14.32	3.0	22.2	26.93	15.03	43.14	23.77	40.61	38.42	
45.69	15.81	18.44	22.67	13.0	25.5	12.0	20.25	26.25	43.93	17.12	19.92	20.62	37.95	23.41	26.17	9.0	45.35	31.02	12.08	30.08	19.24	8.06	20.0	32.0	12.53	30.41	46.17	15.0	15.3	12.73	19.1	42.05	45.25	43.42	15.26	34.71	41.88	22.14	44.27	38.9	15.03	3.0	44.6	35.36	41.98	16.12	25.02	42.72	44.42	44.29	42.38	22.2	23.19	14.21	28.28	1.0	34.54	33.11	49.65	34.54	37.44	30.41	37.34	39.82	41.0	20.02	31.89	41.04	29.02	0.0	24.35	40.16	17.49	32.76	32.28	27.31	32.98	21.21	48.02	43.01	29.07	38.08	32.65	27.2	29.61	45.65	17.49	21.26	25.71	27.2	24.21	34.66	27.2	9.43	37.48	39.7	40.22	24.76	39.81	29.53	30.02	26.02	33.42	43.83	44.05	30.02	29.0	31.26	23.02	
32.2	38.28	21.47	26.25	26.91	13.15	30.48	19.92	16.12	38.33	8.49	31.02	16.49	13.6	1.0	11.4	23.02	28.32	19.92	17.69	17.09	40.61	24.21	36.24	12.04	18.44	14.76	21.84	11.31	34.71	32.02	11.66	19.92	41.0	26.87	31.4	31.14	33.24	15.13	19.92	35.36	31.83	27.2	39.29	33.06	18.03	31.58	7.28	18.44	34.44	33.12	27.8	27.86	11.0	37.22	40.71	23.41	22.85	9.22	37.44	10.3	39.05	29.02	24.19	39.05	19.7	7.62	32.06	38.33	9.22	24.35	0.0	25.81	8.06	36.5	50.45	19.1	50.61	10.63	37.59	27.66	8.49	14.87	33.06	30.81	47.01	34.48	32.76	23.09	14.14	3.0	8.06	32.06	16.28	33.62	35.13	38.12	32.57	11.66	16.0	6.71	7.62	7.62	29.15	35.47	21.84	44.94	29.15	43.38	39.2	
6.4	47.0	46.01	23.35	33.02	15.26	38.01	21.1	13.93	16.76	25.81	54.41	19.65	25.08	26.4	15.62	43.91	6.32	9.22	28.16	10.3	47.17	34.53	38.64	14.32	27.89	11.31	27.66	26.42	41.05	51.89	36.8	15.52	19.92	4.47	52.84	15.62	10.44	18.03	27.29	17.2	37.05	43.01	17.72	17.69	22.2	53.34	19.1	25.18	10.0	8.06	2.24	25.5	18.03	47.04	37.16	39.22	6.0	28.16	11.66	26.68	24.76	17.89	3.0	22.2	13.34	22.8	20.25	19.72	16.64	40.16	25.81	0.0	31.83	25.81	50.33	13.15	49.77	36.24	12.37	3.0	17.49	32.39	20.81	23.77	46.82	9.22	54.71	22.02	14.76	24.19	33.84	17.03	13.0	46.69	18.44	20.81	11.18	37.44	21.02	29.55	30.46	18.44	14.42	12.17	16.16	42.54	19.7	38.47	40.26	
38.18	32.56	14.21	26.0	23.26	17.2	25.81	20.1	19.72	42.05	7.28	23.26	17.46	21.21	7.07	16.28	15.0	35.23	24.41	14.56	22.02	35.38	19.42	32.65	19.24	15.52	20.52	29.43	9.0	30.0	24.0	5.39	27.89	44.38	33.6	23.35	33.84	37.74	17.09	27.46	38.28	27.78	20.12	42.95	35.44	26.0	23.54	12.81	26.17	39.41	38.42	33.97	27.07	14.42	31.24	38.6	16.64	27.8	15.81	43.19	17.46	40.45	30.81	29.73	41.23	27.51	9.43	33.54	41.11	16.12	17.49	8.06	31.83	0.0	37.05	46.65	22.36	47.01	6.0	42.8	34.06	15.65	20.59	34.53	31.02	43.42	39.82	24.74	23.02	18.03	11.05	7.21	34.48	20.25	26.93	37.64	40.52	36.72	9.22	24.02	12.08	12.53	13.6	31.95	39.96	29.83	42.15	30.41	41.48	35.78	
26.93	30.02	47.8	11.18	20.0	24.35	23.35	17.0	21.54	16.03	30.0	52.33	20.1	44.28	36.35	26.57	40.72	31.91	20.81	23.77	23.32	28.23	24.7	18.79	31.76	22.8	26.42	49.93	28.07	23.85	45.22	42.19	39.05	15.52	30.23	48.02	10.3	18.68	21.38	48.88	11.05	20.62	34.41	16.12	8.54	44.1	48.88	30.08	46.65	21.59	23.09	26.93	10.77	25.71	31.06	13.0	32.25	21.21	43.97	27.46	43.66	5.0	8.6	23.43	8.54	36.88	29.15	5.66	11.18	31.38	32.76	36.5	25.81	37.05	0.0	26.17	18.79	25.32	43.05	24.19	28.3	32.31	49.65	5.0	6.08	23.02	23.77	50.25	14.04	23.41	37.11	43.05	8.94	21.93	33.97	9.06	9.22	16.76	46.0	42.19	42.95	43.93	30.36	11.4	19.24	40.36	18.11	7.62	13.34	18.68	
52.63	18.0	50.7	27.78	23.6	42.8	21.02	32.8	41.05	42.05	42.01	50.09	36.24	62.24	49.82	44.82	41.0	56.65	42.94	32.8	44.42	14.0	27.29	14.21	51.4	32.02	46.87	69.53	39.2	17.09	40.0	50.09	60.75	41.01	54.78	44.01	35.9	44.72	38.42	68.01	37.22	18.87	31.58	42.01	34.53	64.03	45.01	46.69	65.95	47.68	49.03	51.87	25.55	42.52	20.0	13.34	32.57	44.78	59.55	53.6	60.14	30.0	32.57	47.54	34.0	58.83	43.19	30.81	37.01	49.68	32.28	50.45	50.33	46.65	26.17	0.0	39.45	1.41	51.88	50.36	53.14	50.33	65.3	30.59	26.57	3.61	49.82	46.0	30.23	42.2	52.4	53.85	34.71	41.88	26.02	35.23	35.01	42.76	55.47	61.85	57.01	57.8	47.42	36.4	45.4	62.43	8.06	30.68	13.0	11.31	
18.38	34.06	35.81	11.66	20.02	6.0	25.02	8.0	3.0	19.7	15.26	43.14	6.71	25.5	19.24	8.06	32.02	19.0	4.0	15.23	5.0	34.53	21.38	26.57	13.04	14.87	7.81	31.4	14.87	28.28	39.45	27.73	21.4	22.14	17.0	40.8	12.04	15.62	5.66	30.23	16.28	24.33	30.08	20.62	14.0	25.61	41.4	12.0	28.02	17.69	17.2	15.3	13.89	8.25	34.0	27.02	26.4	7.28	25.5	22.47	25.0	20.4	10.44	10.2	20.0	19.42	13.0	13.6	19.24	12.65	27.31	19.1	13.15	22.36	18.79	39.45	0.0	39.12	27.86	21.26	16.12	13.6	31.05	14.56	14.21	35.85	18.6	42.8	9.49	5.0	19.03	26.68	13.0	3.16	33.54	16.03	19.03	14.42	30.08	23.6	25.02	26.02	12.04	10.05	17.8	23.02	32.2	11.18	29.0	28.64	
51.92	19.03	51.42	27.46	23.85	42.64	21.54	32.65	40.8	41.11	42.2	51.04	36.12	62.23	50.0	44.69	41.77	56.08	42.54	33.02	44.1	15.03	27.73	14.42	51.22	32.2	46.62	69.43	39.41	17.72	41.01	50.57	60.46	40.0	54.23	45.0	35.17	43.93	38.29	67.94	36.35	19.24	32.39	41.05	33.73	63.89	46.0	46.67	65.86	46.87	48.27	51.26	25.24	42.45	21.02	12.65	33.24	44.28	59.67	52.77	60.21	29.02	31.95	47.01	33.02	58.52	43.28	30.08	36.06	49.58	32.98	50.61	49.77	47.01	25.32	1.41	39.12	0.0	52.33	49.5	52.55	50.25	65.44	29.83	26.0	3.61	49.03	47.01	30.0	42.01	52.5	54.2	33.96	41.62	27.0	34.37	34.06	41.98	55.9	61.72	57.2	58.01	47.38	35.74	44.55	62.13	7.28	30.08	12.04	11.4	
42.64	36.88	11.4	32.0	28.79	22.36	30.89	26.08	25.08	47.54	13.15	21.38	23.35	21.21	9.9	21.1	16.16	38.95	29.53	20.4	26.93	40.0	24.6	38.08	22.67	21.38	25.0	29.02	15.0	34.99	24.74	2.24	29.97	49.98	37.48	23.09	39.56	42.94	22.8	27.02	43.97	33.11	23.43	48.47	41.23	26.68	23.02	17.2	26.17	44.42	43.27	38.29	33.06	19.7	35.38	44.38	20.52	32.76	15.03	47.8	17.12	46.39	36.67	34.41	47.07	30.02	14.87	39.46	46.84	19.8	21.21	10.63	36.24	6.0	43.05	51.88	27.86	52.33	0.0	47.71	38.21	19.1	18.44	40.45	37.01	48.75	44.65	24.0	29.02	23.26	13.04	4.0	40.26	25.5	30.48	43.42	46.32	42.05	3.61	25.0	11.05	11.0	17.8	37.64	45.18	31.78	47.76	36.35	47.3	41.23	
7.07	51.42	56.73	27.2	38.28	25.61	43.01	27.78	23.35	8.94	36.12	64.38	27.8	37.34	38.08	26.63	53.26	14.32	18.44	36.06	20.81	50.64	41.15	41.3	26.57	35.51	22.83	39.12	36.07	45.12	60.46	48.01	27.02	11.4	14.04	62.01	15.13	6.32	26.91	39.01	13.15	41.23	50.61	9.43	16.0	34.0	62.63	30.53	37.0	3.61	4.47	11.05	28.86	28.43	51.92	37.12	47.17	15.0	40.52	3.61	39.05	20.88	19.42	13.42	17.09	25.0	33.42	20.02	13.93	28.64	48.02	37.59	12.37	42.8	24.19	50.36	21.26	49.5	47.71	0.0	12.0	29.55	44.72	20.0	25.18	47.17	3.16	64.03	27.31	24.84	36.25	45.65	16.03	22.67	52.92	15.13	15.81	8.25	49.24	33.06	41.79	42.72	30.02	15.52	5.0	27.17	42.3	21.38	37.48	42.05	
5.1	50.0	48.27	26.31	36.01	17.89	41.01	24.08	16.76	17.89	28.3	56.86	22.56	25.5	28.32	18.03	46.53	3.61	12.17	31.05	13.0	50.16	37.48	41.59	15.81	30.81	13.6	27.17	29.07	44.05	54.63	38.9	15.03	21.02	2.24	55.47	18.03	11.66	20.88	27.02	19.1	40.05	45.88	18.79	20.0	22.0	55.95	21.26	25.0	10.44	8.25	1.41	28.44	20.59	50.04	39.92	42.06	9.0	29.15	10.44	27.51	26.91	20.62	6.0	24.08	13.0	25.24	22.83	21.4	18.44	43.01	27.66	3.0	34.06	28.3	53.14	16.12	52.55	38.21	12.0	0.0	19.21	32.98	23.32	26.57	49.65	9.06	57.31	25.02	17.46	25.81	35.61	19.42	15.81	49.65	20.52	22.67	12.81	39.2	21.1	30.89	31.76	20.52	17.0	13.0	15.3	45.31	22.47	41.15	43.17	
23.85	40.85	29.68	23.6	27.78	8.06	32.2	17.69	10.77	31.26	12.0	38.91	14.14	12.21	9.22	5.83	29.83	19.85	13.0	19.31	10.0	42.49	26.57	36.4	3.61	19.7	7.07	19.21	14.14	36.24	38.64	20.0	13.0	34.13	18.38	38.6	25.18	25.71	12.04	17.69	29.02	32.76	32.06	32.25	27.29	13.89	38.9	4.12	15.62	26.57	25.08	19.42	25.61	7.81	40.16	39.05	28.07	15.3	12.04	29.15	11.4	33.96	24.04	16.16	33.24	12.17	9.06	27.2	32.02	1.0	29.07	8.49	17.49	15.65	32.31	50.33	13.6	50.25	19.1	29.55	19.21	0.0	17.46	28.16	27.29	46.75	26.4	40.16	20.62	8.94	6.71	16.4	26.31	10.44	37.66	29.15	32.14	25.32	20.0	11.66	12.37	13.34	3.16	23.19	27.89	15.0	43.86	24.7	41.4	39.05	
38.08	52.8	29.02	40.25	41.77	25.3	45.28	34.0	28.16	48.0	23.35	39.0	30.41	7.62	15.56	23.09	34.48	31.95	30.27	32.56	27.29	55.32	38.95	51.09	19.03	33.3	24.19	12.08	26.17	49.52	43.17	20.62	19.24	51.01	31.32	41.44	42.58	42.05	28.64	10.3	46.27	46.69	40.71	49.0	44.72	12.81	41.3	19.7	10.63	42.3	40.45	33.73	42.06	24.17	51.61	55.23	37.22	32.02	5.83	43.42	6.08	51.42	41.48	32.06	50.64	20.62	22.2	44.64	49.25	18.44	38.08	14.87	32.39	20.59	49.65	65.3	31.05	65.44	18.44	44.72	32.98	17.46	0.0	45.61	44.38	61.85	41.59	42.19	37.12	26.25	13.04	14.56	43.74	27.89	47.51	46.53	49.5	42.0	16.03	12.53	8.6	8.06	19.31	40.61	44.1	20.25	59.64	42.06	57.8	54.04	
22.14	32.31	46.24	10.0	20.62	20.4	24.7	14.56	17.46	12.65	27.29	51.62	17.12	39.92	33.02	22.56	39.96	26.93	16.12	22.36	18.79	31.05	24.76	21.59	27.31	21.47	21.93	45.28	25.71	26.0	45.34	39.81	34.21	13.04	25.24	47.8	5.39	14.14	18.0	44.29	7.28	22.36	34.66	13.0	4.0	39.45	48.6	26.31	42.06	17.12	18.44	21.95	10.63	22.09	33.11	17.26	32.02	16.28	40.02	23.09	39.56	6.0	4.12	18.44	7.21	32.02	26.02	1.0	8.6	27.2	32.65	33.06	20.81	34.53	5.0	30.59	14.56	29.83	40.45	20.0	23.32	28.16	45.61	0.0	5.83	27.29	19.24	50.0	12.08	19.42	33.38	40.05	4.12	17.72	35.23	5.39	7.07	12.17	43.19	37.59	39.32	40.31	26.48	6.4	15.0	35.47	22.56	4.12	18.03	22.09	
26.31	26.57	41.76	5.1	14.87	19.24	18.87	11.05	16.64	18.38	24.02	46.53	14.32	39.45	30.59	21.47	34.89	30.08	17.03	17.72	19.1	25.5	19.21	16.12	27.2	16.76	22.02	45.61	22.02	20.25	39.82	36.12	35.38	18.87	28.23	42.44	10.05	19.03	15.81	44.41	13.0	16.55	29.07	18.79	9.49	39.82	43.27	24.7	42.2	22.02	23.02	25.3	5.0	20.25	27.31	13.42	26.63	18.36	38.63	28.02	38.48	10.3	6.08	21.02	12.73	33.3	23.35	5.39	14.42	26.42	27.2	30.81	23.77	31.02	6.08	26.57	14.21	26.0	37.01	25.18	26.57	27.29	44.38	5.83	0.0	23.09	24.0	44.65	8.0	18.36	31.62	37.12	9.22	17.2	29.41	11.18	12.81	17.03	40.01	37.8	37.36	38.33	25.08	10.05	20.22	36.88	18.79	4.12	15.0	17.03	
49.24	16.28	48.05	24.19	20.25	39.2	18.03	29.21	37.44	39.0	38.6	48.0	32.65	58.69	46.4	41.23	38.47	53.14	39.36	29.41	40.82	12.37	24.17	10.82	47.8	28.6	43.27	65.95	35.81	14.32	38.12	47.01	57.14	38.12	51.26	42.05	32.56	41.44	34.83	64.44	34.06	15.65	29.15	39.01	31.26	60.44	43.05	43.14	62.37	44.41	45.71	48.38	21.95	38.95	18.25	10.05	29.83	41.23	56.08	50.36	56.64	27.07	29.12	44.01	31.06	55.23	39.7	27.46	34.01	46.1	29.61	47.01	46.82	43.42	23.02	3.61	35.85	3.61	48.75	47.17	49.65	46.75	61.85	27.29	23.09	0.0	46.53	44.1	26.63	38.6	48.92	50.61	31.4	38.28	24.08	32.06	32.02	39.46	52.33	58.26	53.6	54.41	43.86	32.98	42.19	58.83	5.1	27.2	10.2	7.81	
4.47	49.82	53.81	25.5	36.4	22.67	41.23	25.5	20.52	9.9	33.24	61.62	25.24	34.23	34.99	23.6	50.61	11.7	15.56	33.62	17.8	49.25	39.0	40.05	23.41	33.12	19.72	36.22	33.3	43.57	57.98	45.0	24.08	12.81	11.18	59.41	14.04	5.1	24.21	36.06	13.0	39.62	48.3	10.63	15.3	31.02	60.0	27.46	34.01	2.24	1.41	8.0	27.29	25.5	50.22	36.5	44.78	12.04	37.36	4.12	35.9	21.02	18.03	10.3	17.49	22.02	30.48	19.1	14.42	25.5	45.65	34.48	9.22	39.82	23.77	49.82	18.6	49.03	44.65	3.16	9.06	26.4	41.59	19.24	24.0	46.53	0.0	61.4	25.3	21.93	33.11	42.54	15.13	19.8	50.92	14.87	16.12	7.07	46.14	30.02	38.63	39.56	26.93	14.04	5.0	24.33	41.77	20.02	37.11	41.01	
60.75	28.0	13.34	40.0	30.41	39.45	28.46	36.77	41.05	60.83	29.07	5.0	36.24	45.1	31.78	39.36	10.82	59.03	46.04	28.28	44.42	32.0	25.55	36.14	43.66	29.0	43.83	53.01	28.3	30.59	6.0	22.02	52.63	62.37	57.25	2.24	51.66	58.14	37.2	51.01	55.97	31.62	16.16	61.55	52.5	50.36	1.41	36.77	50.09	60.44	60.0	56.94	39.66	36.72	26.0	44.92	18.03	49.65	39.01	65.22	41.05	54.92	47.51	52.15	57.2	52.2	32.2	49.2	58.26	40.5	17.49	32.76	54.71	24.74	50.25	46.0	42.8	47.01	24.0	64.03	57.31	40.16	42.19	50.0	44.65	44.1	61.4	0.0	38.29	39.96	35.69	28.0	51.74	41.88	20.02	54.67	57.01	56.64	26.17	48.51	35.01	35.0	37.7	50.21	60.21	54.57	45.71	46.23	47.8	38.83	
26.31	25.02	34.18	3.16	11.18	12.73	16.12	3.16	10.82	22.67	16.03	39.66	6.71	32.8	22.8	14.87	28.02	28.16	13.34	10.3	14.32	25.18	13.89	17.09	21.26	9.43	16.64	39.6	14.04	19.03	33.97	28.16	30.53	24.08	26.17	36.12	13.45	21.02	8.6	38.21	17.69	15.03	23.6	23.35	14.21	33.97	36.88	17.49	36.07	23.77	24.04	24.0	5.0	13.04	25.18	18.44	20.52	16.03	31.3	29.41	31.38	17.72	9.22	19.03	19.24	28.65	15.52	11.18	20.0	19.85	21.26	23.09	22.02	23.02	14.04	30.23	9.49	30.0	29.02	27.31	25.02	20.62	37.12	12.08	8.0	26.63	25.3	38.29	0.0	12.04	24.17	29.15	13.45	11.66	25.63	16.4	18.87	19.24	32.02	31.83	29.73	30.68	18.03	12.21	22.83	32.25	23.35	8.06	20.81	19.24	
20.81	34.71	31.89	14.87	20.88	1.0	25.71	9.43	2.0	24.35	11.31	39.82	6.32	21.1	14.32	3.16	29.15	19.65	6.4	14.04	4.47	35.74	21.02	28.65	9.22	14.0	5.1	27.59	11.66	29.41	37.16	23.32	18.79	26.93	17.72	38.08	17.03	19.72	4.12	26.25	21.21	25.63	28.64	25.3	19.0	21.93	38.59	7.0	24.08	21.4	20.52	17.0	16.97	3.61	34.37	30.41	24.74	9.9	20.62	25.5	20.25	25.32	15.3	12.21	25.0	17.09	8.6	18.44	24.19	8.06	25.71	14.14	14.76	18.03	23.41	42.2	5.0	42.01	23.26	24.84	17.46	8.94	26.25	19.42	18.36	38.6	21.93	39.96	12.04	0.0	14.04	21.84	18.0	2.24	33.02	21.02	24.02	18.79	25.3	19.8	20.02	21.02	7.07	15.03	21.95	20.62	35.38	15.81	32.65	31.06	
30.53	40.82	24.17	27.31	29.0	13.04	32.8	21.02	16.03	37.66	10.82	33.84	17.46	10.77	4.0	11.0	26.02	26.17	19.24	19.85	16.28	43.01	26.63	38.21	10.0	20.52	13.6	18.97	13.6	37.01	35.01	14.32	17.09	40.45	24.84	34.37	31.0	32.28	15.81	17.09	35.06	33.97	30.08	38.64	33.02	15.03	34.53	7.07	15.52	33.24	31.78	26.08	29.07	11.4	39.82	42.19	26.25	21.84	7.21	35.85	7.81	39.32	29.27	22.85	39.01	17.0	9.22	32.39	38.05	7.62	27.2	3.0	24.19	11.05	37.11	52.4	19.03	52.5	13.04	36.25	25.81	6.71	13.04	33.38	31.62	48.92	33.11	35.69	24.17	14.04	0.0	9.9	32.02	16.0	36.4	35.0	38.0	31.78	13.45	13.0	6.0	7.0	7.0	29.0	34.48	18.97	46.62	29.61	44.78	41.11	
40.22	39.6	15.3	32.25	30.41	20.88	33.02	26.08	23.77	46.17	13.15	25.32	23.0	17.26	7.62	19.31	19.92	36.07	27.86	21.54	25.08	42.52	26.63	39.82	19.85	22.47	22.83	25.02	15.52	37.2	28.64	6.08	26.42	48.76	34.71	27.07	38.64	41.23	22.09	23.02	42.95	34.99	26.63	47.13	40.45	22.8	27.02	15.23	22.2	42.49	41.18	35.81	33.54	18.44	38.21	45.54	23.43	30.87	11.05	45.49	13.15	46.04	36.12	32.25	46.39	26.63	14.04	39.05	45.89	17.2	24.21	8.06	33.84	7.21	43.05	53.85	26.68	54.2	4.0	45.65	35.61	16.4	14.56	40.05	37.12	50.61	42.54	28.0	29.15	21.84	9.9	0.0	39.46	24.04	33.6	42.58	45.54	40.5	3.61	21.19	7.07	7.0	15.65	36.67	43.46	28.18	49.24	36.01	48.38	42.94	
18.03	35.74	46.96	12.21	23.32	19.0	27.73	15.26	16.0	9.43	27.2	53.01	17.09	37.64	32.14	21.02	41.4	23.02	13.6	23.6	16.49	34.71	27.02	25.32	25.0	22.8	19.65	42.49	26.0	29.41	47.38	39.85	31.06	10.63	21.4	49.58	1.41	10.05	17.46	41.63	4.24	25.63	36.88	10.0	1.0	36.67	50.33	25.0	39.4	13.04	14.32	18.03	13.42	21.1	36.4	21.38	33.94	13.04	38.33	19.03	37.66	8.06	4.24	14.87	7.0	28.84	25.5	4.0	6.71	25.32	34.66	32.06	17.03	34.48	8.94	34.71	13.0	33.96	40.26	16.03	19.42	26.31	43.74	4.12	9.22	31.4	15.13	51.74	13.45	18.0	32.02	39.46	0.0	16.03	38.08	3.16	6.08	8.06	42.76	34.93	38.01	39.01	25.02	3.16	11.05	32.2	26.68	5.83	22.14	26.02	
18.87	35.36	34.06	14.21	21.38	3.16	26.31	9.49	1.0	22.14	13.45	41.87	7.0	22.36	16.49	5.0	31.06	18.25	4.24	15.3	3.0	36.14	22.02	28.64	10.0	15.13	5.0	28.43	13.6	29.83	38.91	25.55	18.87	24.74	16.28	39.96	15.0	17.49	5.1	27.2	19.1	25.96	30.08	23.09	17.03	22.67	40.5	9.06	25.0	19.21	18.38	15.23	16.4	5.83	35.13	29.73	26.25	7.81	22.36	23.43	21.84	23.54	13.6	10.3	23.02	17.0	10.82	16.76	22.09	9.49	27.2	16.28	13.0	20.25	21.93	41.88	3.16	41.62	25.5	22.67	15.81	10.44	27.89	17.72	17.2	38.28	19.8	41.88	11.66	2.24	16.0	24.04	16.03	0.0	34.13	19.0	22.0	16.55	27.51	20.62	22.0	23.0	9.0	13.0	19.72	20.59	34.83	14.32	31.83	30.89	
51.66	8.06	25.94	25.94	14.76	33.0	10.63	25.71	33.14	47.51	25.96	24.08	27.17	47.17	32.7	34.06	16.12	52.35	37.48	19.0	37.12	12.04	12.17	17.0	40.31	19.03	38.0	55.36	23.54	11.18	14.04	28.32	50.49	48.26	50.36	18.0	38.47	46.62	29.07	53.49	42.19	13.45	7.07	48.02	38.59	50.96	19.0	33.54	51.87	49.4	49.65	48.84	24.7	31.06	6.08	25.94	10.3	40.79	42.49	55.03	43.86	38.95	34.0	43.74	42.01	49.25	28.64	34.67	43.83	37.48	9.43	33.62	46.69	26.93	33.97	26.02	33.54	27.0	30.48	52.92	49.65	37.66	47.51	35.23	29.41	24.08	50.92	20.02	25.63	33.02	36.4	33.6	38.08	34.13	0.0	40.5	42.2	44.78	33.97	48.76	38.95	39.45	34.53	37.58	48.33	52.47	25.96	32.25	28.64	19.31	
18.36	37.7	50.09	14.87	25.81	22.02	30.02	18.36	19.03	7.28	30.36	56.04	20.25	40.26	35.23	24.0	44.41	24.08	16.28	26.63	19.24	36.4	29.73	26.93	27.66	25.81	22.36	44.78	29.15	31.38	50.21	43.01	33.12	7.81	22.63	52.5	4.0	9.85	20.62	44.01	2.0	27.73	39.62	7.62	2.24	39.0	53.26	28.02	41.79	12.65	14.32	19.1	15.81	24.19	38.48	22.02	36.8	15.23	41.19	18.44	40.45	6.4	7.21	16.64	4.12	30.89	28.64	5.83	3.61	28.16	37.48	35.13	18.44	37.64	9.06	35.23	16.03	34.37	43.42	15.13	20.52	29.15	46.53	5.39	11.18	32.06	14.87	54.67	16.4	21.02	35.0	42.58	3.16	19.0	40.5	0.0	3.0	8.06	45.89	37.34	41.0	42.0	28.0	6.0	10.2	34.13	27.17	8.49	22.36	27.29	
20.0	38.91	52.8	17.03	27.66	25.02	31.62	21.02	22.02	7.07	33.24	58.52	23.09	43.17	38.21	27.0	46.87	26.17	19.24	29.15	22.2	37.34	31.83	27.86	30.59	28.3	25.32	47.54	31.95	32.65	52.4	45.88	35.78	6.32	24.84	54.82	7.0	11.4	23.54	46.82	3.61	29.15	41.73	7.0	5.1	41.79	55.61	31.02	44.6	13.89	15.81	21.26	17.69	27.17	39.82	22.09	39.05	18.03	44.18	19.31	43.42	5.1	9.85	19.24	1.41	33.54	31.58	7.81	2.0	31.14	39.7	38.12	20.81	40.52	9.22	35.01	19.03	34.06	46.32	15.81	22.67	32.14	49.5	7.07	12.81	32.02	16.12	57.01	18.87	24.02	38.0	45.54	6.08	22.0	42.2	3.0	0.0	9.9	48.84	40.16	44.0	45.0	31.0	9.0	11.18	36.72	27.0	10.82	22.02	27.89	
10.3	43.17	50.22	18.97	30.08	19.7	34.79	20.0	17.0	6.0	29.68	57.31	20.52	35.13	32.89	21.19	45.97	16.28	12.65	28.43	15.52	42.43	33.12	33.14	23.02	27.8	18.25	38.6	29.21	36.88	52.8	42.06	26.57	9.06	15.0	54.56	7.0	2.0	20.0	38.08	6.4	32.98	42.72	7.0	8.25	32.98	55.23	25.3	35.9	5.0	6.32	11.4	20.62	22.36	43.68	29.43	39.41	10.05	37.12	11.0	36.01	14.42	11.18	10.2	11.31	24.35	27.29	12.04	8.6	24.33	40.22	32.57	11.18	36.72	16.76	42.76	14.42	41.98	42.05	8.25	12.81	25.32	42.0	12.17	17.03	39.46	7.07	56.64	19.24	18.79	31.78	40.5	8.06	16.55	44.78	8.06	9.9	0.0	44.01	31.58	37.66	38.64	25.0	7.28	3.61	27.31	34.71	13.15	30.08	34.0	
43.83	40.46	13.0	35.06	32.31	24.35	34.48	29.0	27.2	49.65	16.0	23.02	26.08	19.92	11.18	22.85	19.24	39.62	31.38	23.77	28.64	43.6	28.18	41.63	23.43	24.74	26.42	27.29	18.11	38.59	27.51	5.66	29.68	52.2	38.29	25.5	41.98	44.78	25.32	25.32	46.32	36.67	26.91	50.6	43.74	25.63	25.32	18.79	24.74	46.07	44.78	39.41	36.22	21.84	38.95	47.8	24.08	34.44	13.6	49.09	15.81	49.16	39.32	35.85	49.65	30.0	17.26	42.19	49.24	20.81	24.76	11.66	37.44	9.22	46.0	55.47	30.08	55.9	3.61	49.24	39.2	20.0	16.03	43.19	40.01	52.33	46.14	26.17	32.02	25.3	13.45	3.61	42.76	27.51	33.97	45.89	48.84	44.01	0.0	24.17	9.85	9.49	19.24	40.02	47.01	31.38	51.26	39.12	50.7	44.78	
26.17	52.39	36.4	34.66	39.45	19.1	43.83	29.07	21.26	37.48	22.8	46.32	25.61	5.0	17.0	17.03	39.01	19.65	21.47	30.87	18.87	54.12	38.08	48.01	10.63	31.3	15.81	7.81	25.3	47.89	48.01	26.68	6.71	40.61	19.24	47.27	33.62	31.26	23.43	6.71	36.69	44.42	42.76	38.47	35.85	2.24	47.38	15.65	4.47	31.02	29.0	22.02	36.77	19.42	51.62	50.21	38.83	22.14	10.82	31.4	8.6	42.95	33.62	21.38	41.44	8.25	20.25	36.72	39.56	12.21	39.81	16.0	21.02	24.02	42.19	61.85	23.6	61.72	25.0	33.06	21.1	11.66	12.53	37.59	37.8	58.26	30.02	48.51	31.83	19.8	13.0	21.19	34.93	20.62	48.76	37.34	40.16	31.58	24.17	0.0	14.32	14.76	14.76	31.78	33.14	7.81	55.17	34.67	52.4	50.61	
35.78	44.2	22.36	32.89	33.42	19.03	36.77	26.57	22.02	43.57	15.0	32.39	23.09	10.2	7.21	17.0	26.48	30.81	25.18	24.21	22.2	46.75	30.41	42.8	15.23	25.0	19.42	18.0	17.8	41.01	35.36	13.0	20.0	46.39	29.68	34.01	37.0	38.08	21.59	16.0	41.05	38.29	32.2	44.55	39.01	15.81	34.0	13.04	15.13	38.9	37.34	31.3	34.54	17.26	43.01	47.41	28.65	27.66	4.0	41.15	6.08	45.28	35.23	28.46	45.01	20.52	14.32	38.33	44.05	13.34	29.53	6.71	29.55	12.08	42.95	57.01	25.02	57.2	11.05	41.79	30.89	12.37	8.6	39.32	37.36	53.6	38.63	35.01	29.73	20.02	6.0	7.07	38.01	22.0	38.95	41.0	44.0	37.66	9.85	14.32	0.0	1.0	13.0	35.0	40.26	21.63	51.62	35.51	50.09	45.8	
36.67	44.82	22.2	33.84	34.21	20.02	37.48	27.51	23.02	44.55	15.81	32.25	24.04	10.44	8.06	18.0	26.68	31.62	26.17	25.0	23.19	47.42	31.11	43.6	16.16	25.81	20.4	18.03	18.6	41.73	35.51	13.04	20.62	47.38	30.53	34.06	38.0	39.05	22.56	16.03	42.05	39.05	32.65	45.54	40.01	16.16	34.01	14.04	15.3	39.85	38.28	32.2	35.47	18.25	43.6	48.3	29.15	28.64	4.12	42.05	6.32	46.27	36.22	29.41	46.01	21.21	15.23	39.32	45.04	14.32	30.02	7.62	30.46	12.53	43.93	57.8	26.02	58.01	11.0	42.72	31.76	13.34	8.06	40.31	38.33	54.41	39.56	35.0	30.68	21.02	7.0	7.0	39.01	23.0	39.45	42.0	45.0	38.64	9.49	14.76	1.0	0.0	14.0	36.0	41.23	22.2	52.48	36.5	50.99	46.62	
24.84	37.7	27.8	21.1	24.7	6.08	29.07	15.0	9.06	30.81	9.06	36.72	11.4	14.87	8.06	4.0	27.2	21.63	12.37	16.16	9.49	39.36	23.41	33.42	6.08	16.55	7.21	22.2	11.05	33.12	35.9	18.38	16.03	33.54	20.0	36.06	24.0	25.63	9.43	20.62	28.07	29.68	29.02	31.78	26.02	17.0	36.4	1.0	18.6	26.83	25.55	20.52	23.02	5.0	37.0	36.4	25.02	15.23	13.6	30.0	13.42	32.39	22.36	16.64	32.02	15.03	6.0	25.5	31.06	3.0	26.02	7.62	18.44	13.6	30.36	47.42	12.04	47.38	17.8	30.02	20.52	3.16	19.31	26.48	25.08	43.86	26.93	37.7	18.03	7.07	7.0	15.65	25.02	9.0	34.53	28.0	31.0	25.0	19.24	14.76	13.0	14.0	0.0	22.0	27.86	18.03	41.11	22.8	38.83	36.12	
16.28	35.9	44.78	11.7	22.85	16.03	27.51	13.45	13.04	10.63	24.7	51.22	14.76	34.48	29.27	18.0	39.7	20.59	10.44	21.93	13.34	35.23	26.08	26.02	21.84	21.21	16.49	39.36	23.71	29.61	46.1	37.34	28.02	12.53	18.87	48.08	2.0	9.22	14.87	38.48	6.32	25.71	35.81	11.4	4.12	33.54	48.8	22.02	36.25	12.17	13.0	15.65	13.34	18.25	36.4	23.09	32.65	10.0	35.23	18.11	34.53	11.18	4.0	12.04	10.05	25.81	22.8	5.83	9.22	22.2	33.42	29.15	14.42	31.95	11.4	36.4	10.05	35.74	37.64	15.52	17.0	23.19	40.61	6.4	10.05	32.98	14.04	50.21	12.21	15.03	29.0	36.67	3.16	13.0	37.58	6.0	9.0	7.28	40.02	31.78	35.0	36.0	22.0	0.0	10.77	29.21	28.46	6.0	24.17	27.07	
9.22	46.57	53.6	22.47	33.62	22.83	38.28	23.6	20.25	5.0	33.02	60.83	24.04	37.0	35.85	24.17	49.52	16.12	15.65	32.02	18.38	45.71	36.72	36.35	25.32	31.4	20.88	39.81	32.65	40.26	56.4	45.28	27.66	8.06	15.23	58.14	10.2	2.24	23.43	39.46	8.25	36.4	46.32	5.83	11.0	34.37	58.8	28.23	37.34	2.83	5.0	11.7	24.04	25.55	47.13	32.14	43.01	12.65	39.46	8.25	38.21	16.16	14.56	12.04	12.53	25.5	30.53	15.03	9.43	26.93	43.83	35.47	12.17	39.96	19.24	45.4	17.8	44.55	45.18	5.0	13.0	27.89	44.1	15.0	20.22	42.19	5.0	60.21	22.83	21.95	34.48	43.46	11.05	19.72	48.33	10.2	11.18	3.61	47.01	33.14	40.26	41.23	27.86	10.77	0.0	28.16	37.34	16.49	32.56	37.05	
20.1	55.08	43.08	34.67	41.44	20.25	46.17	29.97	21.47	32.89	27.0	52.81	26.93	12.81	22.8	18.68	44.55	13.0	19.85	33.73	18.03	56.3	41.0	49.19	12.17	33.96	15.65	12.0	29.07	49.98	53.46	33.24	2.0	36.06	13.15	53.15	30.81	26.57	24.7	12.17	33.12	46.24	47.04	33.84	33.02	7.62	53.37	19.03	10.44	25.71	23.54	16.49	36.89	21.59	54.57	50.0	43.05	19.21	18.44	25.0	16.28	40.22	31.83	17.49	38.08	3.61	24.02	34.71	35.78	15.03	44.05	21.84	16.16	29.83	40.36	62.43	23.02	62.13	31.78	27.17	15.3	15.0	20.25	35.47	36.88	58.83	24.33	54.57	32.25	20.62	18.97	28.18	32.2	20.59	52.47	34.13	36.72	27.31	31.38	7.81	21.63	22.2	18.03	29.21	28.16	0.0	55.22	33.24	51.86	51.48	
44.64	18.79	48.26	20.62	18.97	36.07	18.03	26.17	34.06	34.01	36.72	49.25	29.73	55.97	44.42	38.18	39.01	48.85	35.51	27.73	37.2	15.26	23.54	10.05	44.6	26.83	39.82	62.94	34.0	15.13	39.81	46.17	53.6	33.06	47.01	43.57	27.89	36.67	31.83	61.52	29.15	15.13	30.07	34.0	26.48	57.31	44.55	40.46	59.4	39.62	41.0	44.01	18.44	36.12	20.62	5.39	30.07	37.12	53.82	45.54	54.2	22.02	24.7	39.81	26.02	51.61	37.44	22.8	29.0	43.14	30.02	44.94	42.54	42.15	18.11	8.06	32.2	7.28	47.76	42.3	45.31	43.86	59.64	22.56	18.79	5.1	41.77	45.71	23.35	35.38	46.62	49.24	26.68	34.83	25.96	27.17	27.0	34.71	51.26	55.17	51.62	52.48	41.11	28.46	37.34	55.22	0.0	22.85	5.1	7.0	
22.2	30.08	42.15	6.4	17.49	16.76	21.93	10.44	13.93	15.26	23.19	47.71	13.04	36.67	29.07	18.97	36.06	26.0	13.45	18.36	15.81	29.27	21.26	20.02	24.19	17.49	18.87	42.44	21.59	23.77	41.73	35.69	31.83	16.28	24.17	44.05	6.32	15.13	14.04	41.34	10.0	19.92	31.14	15.81	6.4	36.62	44.82	22.56	39.12	18.11	19.0	21.19	7.62	18.25	30.68	17.46	28.32	14.42	36.4	24.08	36.06	10.05	2.0	17.0	11.18	29.7	22.0	3.16	12.04	23.77	29.0	29.15	19.7	30.41	7.62	30.68	11.18	30.08	36.35	21.38	22.47	24.7	42.06	4.12	4.12	27.2	20.02	46.23	8.06	15.81	29.61	36.01	5.83	14.32	32.25	8.49	10.82	13.15	39.12	34.67	35.51	36.5	22.8	6.0	16.49	33.24	22.85	0.0	18.87	21.1	
40.16	22.2	49.0	17.8	19.03	33.42	19.42	23.85	31.14	29.07	35.47	50.99	27.46	53.6	42.95	35.61	40.2	44.72	32.02	26.93	33.97	19.1	24.0	11.7	41.77	25.96	36.77	60.21	32.89	17.46	42.06	45.89	50.33	28.02	42.94	45.61	23.41	32.02	29.41	58.9	24.33	16.28	31.78	29.02	21.84	54.49	46.57	38.28	56.73	34.93	36.4	39.81	15.81	33.84	23.85	3.0	31.14	33.29	51.97	40.79	52.15	17.0	20.59	35.85	21.0	48.27	35.78	18.38	24.02	40.61	31.26	43.38	38.47	41.48	13.34	13.0	29.0	12.04	47.3	37.48	41.15	41.4	57.8	18.03	15.0	10.2	37.11	47.8	20.81	32.65	44.78	48.38	22.14	31.83	28.64	22.36	22.02	30.08	50.7	52.4	50.09	50.99	38.83	24.17	32.56	51.86	5.1	18.87	0.0	9.43	
43.29	12.81	41.3	17.09	12.53	31.62	11.05	21.63	30.02	34.53	30.81	42.3	25.0	50.93	38.6	33.6	32.02	46.57	32.31	21.63	33.54	10.0	16.76	3.16	40.22	20.81	35.85	58.26	28.02	8.25	32.98	39.56	49.74	34.21	44.64	36.67	27.0	36.0	27.2	56.73	29.27	8.25	23.09	34.71	26.08	52.8	37.66	35.38	54.67	39.0	40.05	41.98	14.87	31.24	14.42	7.07	23.09	34.48	48.27	45.0	48.84	23.41	23.09	37.36	27.2	47.89	31.89	22.02	29.83	38.42	23.02	39.2	40.26	35.78	18.68	11.31	28.64	11.4	41.23	42.05	43.17	39.05	54.04	22.09	17.03	7.81	41.01	38.83	19.24	31.06	41.11	42.94	26.02	30.89	19.31	27.29	27.89	34.0	44.78	50.61	45.8	46.62	36.12	27.07	37.05	51.48	7.0	21.1	9.43	0.0	
