110
0.0	36.12	24.33	24.02	12.81	25.0	28.23	14.21	10.0	5.0	27.46	17.72	7.62	29.07	39.96	14.32	31.91	26.31	26.57	12.0	23.09	43.05	19.21	46.65	22.36	27.73	34.21	20.4	21.93	33.97	41.11	20.62	34.71	13.0	40.61	49.73	30.41	10.44	26.31	20.62	47.17	37.54	42.54	15.26	24.74	30.23	23.02	36.06	25.5	17.46	28.3	28.65	32.76	10.77	27.73	32.06	36.35	46.52	49.65	18.36	20.0	41.48	54.2	32.06	33.06	20.88	40.82	42.0	46.14	26.17	45.04	32.2	27.02	43.29	52.8	29.02	14.32	23.54	30.02	29.73	34.06	34.0	17.69	27.86	26.68	47.8	31.06	31.58	35.13	11.4	44.38	8.06	17.2	40.31	25.32	4.12	28.46	20.1	43.93	32.56	27.17	51.43	22.83	2.24	17.8	27.17	22.0	50.16	46.04	45.04	
36.12	0.0	31.0	28.0	38.95	12.65	35.01	22.2	26.4	33.02	48.51	52.01	39.2	37.01	7.62	23.71	41.0	23.09	52.2	45.0	22.36	27.2	16.97	13.0	15.65	36.06	3.0	31.26	14.42	47.04	30.41	16.12	47.01	34.18	33.62	42.54	5.83	33.11	31.06	29.83	44.38	1.41	42.72	21.95	21.0	41.05	54.71	23.77	19.1	51.4	12.0	50.7	41.01	26.93	12.17	26.48	21.02	15.52	44.72	43.86	27.29	37.34	20.22	22.56	22.8	48.75	8.54	28.3	48.76	30.07	31.62	10.2	25.0	33.12	21.1	28.44	42.54	19.42	12.17	17.46	2.24	25.0	18.44	14.04	18.03	41.59	22.36	30.27	22.47	42.44	43.32	32.25	19.72	4.47	31.02	39.82	18.25	23.09	7.81	30.41	21.0	50.7	35.69	35.61	18.38	27.0	24.52	47.93	29.07	28.43	
24.33	31.0	0.0	3.0	36.06	19.42	46.1	18.38	18.87	19.42	50.7	41.01	31.78	47.63	38.12	14.87	51.4	8.25	50.7	36.22	34.83	51.89	22.47	44.0	27.78	46.23	31.14	4.0	20.62	55.23	52.48	18.79	55.76	12.04	53.82	63.82	26.17	14.04	2.0	37.64	63.13	32.02	59.41	16.28	10.0	50.22	47.1	45.65	34.67	41.0	19.0	52.2	52.01	16.12	31.38	44.41	44.28	46.17	64.82	42.06	5.66	56.22	51.09	42.19	43.05	45.12	39.12	51.88	64.38	2.24	55.47	34.48	39.82	55.23	52.04	5.83	38.33	33.02	19.1	14.56	30.07	44.94	20.81	33.11	34.99	62.2	41.34	46.1	44.29	35.69	60.88	16.28	17.2	33.24	1.0	25.0	13.34	32.56	37.34	46.86	37.44	68.62	42.44	22.2	22.2	41.11	35.38	66.6	54.63	53.71	
24.02	28.0	3.0	0.0	35.17	16.49	44.2	16.4	17.46	19.03	49.65	41.19	31.26	45.8	35.13	13.04	49.65	5.39	50.01	36.01	32.56	49.19	20.0	41.0	25.24	44.41	28.16	5.0	17.89	53.71	49.93	16.12	54.2	12.65	51.4	61.4	23.19	14.14	3.61	35.81	60.88	29.02	57.28	14.21	7.0	48.55	47.0	43.05	32.2	41.11	16.0	51.24	50.22	14.87	28.64	42.01	41.59	43.19	62.48	41.23	4.12	53.91	48.09	39.66	40.5	44.55	36.12	49.24	62.37	2.83	52.84	31.62	37.54	52.7	49.04	5.0	37.66	30.61	16.12	11.7	27.07	42.44	18.44	30.41	32.45	59.82	38.83	43.86	41.68	35.23	58.69	16.0	14.87	30.27	3.16	25.18	10.44	30.41	34.37	44.6	35.0	66.47	40.82	22.0	19.85	38.9	33.24	64.38	51.89	50.99	
12.81	38.95	36.06	35.17	0.0	30.81	18.03	21.02	18.11	17.0	14.76	14.76	5.83	18.25	40.46	23.09	20.25	36.22	15.03	8.25	19.21	37.0	23.09	46.69	23.32	17.12	36.36	32.31	26.93	21.4	33.73	26.48	22.2	25.55	32.14	40.11	34.01	22.83	37.95	13.0	36.67	40.31	31.78	23.0	34.06	18.38	15.81	30.46	22.67	13.89	34.71	16.16	21.19	20.4	27.8	25.3	31.76	45.34	39.46	6.08	31.05	32.02	53.76	26.83	27.73	10.2	41.11	35.44	34.54	37.64	37.85	31.89	21.02	35.36	51.22	40.02	3.61	21.21	36.67	38.05	36.72	27.86	22.56	26.91	24.08	38.12	25.94	23.35	29.97	5.1	33.73	20.12	24.08	43.42	37.0	15.0	37.01	16.97	46.32	24.33	23.02	40.16	12.04	15.0	21.84	20.25	17.2	39.29	39.85	38.9	
25.0	12.65	19.42	16.49	30.81	0.0	32.89	10.82	15.0	21.21	43.0	42.06	29.55	34.79	19.03	11.4	38.9	12.53	45.4	35.34	19.7	33.29	8.0	25.32	11.18	33.53	12.04	19.0	4.0	44.15	34.71	4.47	44.38	21.54	36.8	46.67	7.07	20.59	19.92	25.5	47.01	13.93	44.1	9.9	9.85	38.33	45.88	27.66	18.03	41.59	4.0	45.01	39.22	14.87	12.81	27.8	25.81	27.0	48.17	36.5	15.0	39.82	32.76	24.76	25.46	41.0	20.02	33.6	49.74	18.97	37.2	15.23	24.19	37.54	33.06	18.36	34.21	17.0	6.0	9.43	11.18	27.59	8.25	14.87	17.8	45.28	24.08	30.53	26.25	33.24	45.22	20.0	7.81	16.12	19.65	28.32	9.22	18.68	20.12	31.06	20.81	53.01	31.4	24.08	9.06	25.94	21.19	50.61	35.85	34.99	
28.23	35.01	46.1	44.2	18.03	32.89	0.0	27.8	27.59	30.53	16.28	31.58	23.35	2.0	32.98	31.24	6.08	43.05	22.02	26.02	13.34	21.4	25.5	37.7	21.84	1.41	32.02	43.14	29.15	12.04	17.0	29.97	12.0	38.6	14.56	22.09	32.25	35.81	47.63	8.49	18.97	36.06	14.32	30.0	40.31	6.08	29.55	16.4	16.03	30.59	36.69	18.44	6.32	30.41	23.02	10.82	18.87	34.89	21.59	17.72	40.46	14.0	43.42	14.32	14.76	21.93	33.24	19.42	18.44	47.01	21.02	25.18	10.05	18.03	39.66	48.26	20.1	16.28	38.6	42.15	33.0	13.6	26.42	21.0	17.0	20.1	13.93	7.07	16.64	23.0	16.16	33.02	29.68	39.12	46.86	31.62	41.63	14.32	40.61	7.81	14.04	23.32	6.0	29.97	25.06	8.06	11.7	21.93	23.85	23.02	
14.21	22.2	18.38	16.4	21.02	10.82	27.8	0.0	4.24	10.82	34.53	31.3	18.97	29.41	26.93	3.61	33.29	15.81	36.0	24.7	16.64	35.17	6.08	33.62	11.05	28.02	20.59	15.81	7.81	37.58	34.93	6.4	38.01	14.04	35.85	45.79	16.4	12.04	19.85	19.42	44.82	23.6	41.04	2.24	13.34	32.25	35.44	28.46	17.09	30.87	14.32	36.35	33.84	5.1	16.03	26.42	27.66	34.21	46.62	27.0	12.73	38.01	41.23	24.7	25.63	31.14	27.86	34.79	46.01	19.21	38.28	20.22	21.63	37.58	40.52	20.59	24.19	15.23	16.16	17.03	20.25	27.31	4.12	17.03	17.72	44.1	23.77	27.8	27.2	22.8	42.52	10.44	3.16	26.25	19.1	17.69	16.0	14.21	30.0	28.6	19.7	50.25	24.6	13.45	5.0	22.8	17.03	48.27	38.08	37.11	
10.0	26.4	18.87	17.46	18.11	15.0	27.59	4.24	0.0	6.71	32.28	27.31	15.3	29.0	30.87	5.0	32.65	18.11	33.14	20.88	18.03	37.48	9.85	37.58	14.14	27.59	24.7	15.62	12.04	36.36	36.69	10.63	36.89	11.7	37.16	46.96	20.62	9.22	20.59	19.1	45.49	27.8	41.4	5.39	16.0	31.4	31.78	30.59	19.24	26.93	18.36	33.96	33.3	2.83	19.42	27.86	30.15	37.95	47.51	24.19	13.42	38.95	45.19	26.68	27.66	28.0	31.78	36.88	46.01	20.12	40.26	23.77	22.85	39.22	44.27	22.14	21.0	17.26	20.12	20.4	24.41	29.12	8.06	20.1	20.1	45.18	25.71	28.65	29.43	19.24	43.01	7.0	7.21	30.48	19.72	13.45	19.24	15.23	34.21	29.53	21.59	50.61	23.6	9.22	8.54	23.71	17.89	48.83	40.45	39.46	
5.0	33.02	19.42	19.03	17.0	21.21	30.53	10.82	6.71	0.0	31.76	22.56	12.37	31.62	37.58	10.0	34.83	21.38	31.32	17.0	23.19	43.1	16.55	44.28	20.62	30.23	31.38	15.52	18.6	37.54	41.77	17.03	38.21	8.6	41.76	51.26	27.2	5.83	21.38	22.36	49.19	34.41	44.78	11.31	19.92	33.3	28.02	36.12	25.0	22.36	24.21	33.11	35.61	6.4	25.96	32.76	36.0	44.6	51.48	22.85	15.0	43.08	51.89	32.14	33.14	25.71	38.48	42.3	48.83	21.21	45.54	30.36	27.66	44.15	50.92	24.02	18.97	23.0	25.81	25.08	31.06	34.37	14.76	26.48	26.02	49.4	31.14	32.89	35.06	16.28	46.53	3.16	13.45	37.01	20.4	7.21	23.77	20.22	40.8	33.84	27.07	53.85	25.61	3.16	15.23	28.16	22.56	52.35	46.1	45.1	
27.46	48.51	50.7	49.65	14.76	43.0	16.28	34.53	32.28	31.76	0.0	20.88	20.0	14.87	47.93	37.11	13.42	50.22	6.32	18.6	26.25	37.54	35.0	53.24	33.38	14.87	45.61	47.01	39.0	10.0	32.8	39.05	11.0	40.31	29.68	34.48	44.55	37.59	52.55	18.68	29.61	49.73	24.74	36.67	47.85	11.66	16.0	32.65	29.73	19.92	47.0	2.24	14.32	34.79	36.4	27.02	35.0	50.77	32.76	9.22	45.54	27.73	59.36	30.23	30.81	9.49	48.33	35.47	25.0	52.2	36.62	39.56	25.06	33.29	55.8	54.41	13.45	29.12	49.0	51.24	46.32	29.83	35.06	34.79	31.02	32.57	29.68	23.35	32.8	16.97	26.68	34.89	37.34	52.89	51.62	29.07	50.36	25.5	55.03	24.04	28.64	31.0	13.0	29.68	34.01	23.32	24.04	31.14	39.82	39.05	
17.72	52.01	41.01	41.19	14.76	42.06	31.58	31.3	27.31	22.56	20.88	0.0	12.81	31.26	54.45	31.95	32.0	43.93	16.12	7.07	33.84	51.62	35.23	60.88	36.8	30.41	49.68	37.01	38.59	30.59	48.08	37.59	31.58	29.0	46.1	53.15	46.62	27.07	43.01	27.73	49.0	53.41	44.0	32.7	42.45	30.0	7.21	45.19	37.2	1.0	45.62	20.62	33.0	28.46	41.73	39.92	46.53	59.82	52.01	14.04	37.34	45.4	68.12	41.59	42.49	11.4	55.17	49.98	45.4	43.05	52.2	46.01	35.78	49.48	65.8	46.17	11.7	35.61	47.42	47.43	49.82	42.54	34.13	41.11	38.6	51.16	40.71	37.64	44.72	10.0	46.0	25.32	34.44	56.4	42.01	16.03	46.17	31.4	59.67	38.6	37.74	51.35	25.71	19.42	33.84	34.93	31.91	51.09	54.42	53.49	
7.62	39.2	31.78	31.26	5.83	29.55	23.35	18.97	15.3	12.37	20.0	12.81	0.0	23.77	41.77	20.22	26.0	33.02	18.97	5.83	21.93	41.0	22.47	48.27	24.04	22.56	36.88	27.89	25.94	27.2	38.21	25.08	28.02	20.62	37.0	45.4	33.84	18.03	33.73	17.12	42.2	40.61	37.36	20.62	31.14	24.17	16.49	34.21	25.06	12.21	33.24	21.1	26.93	17.03	29.07	29.43	35.11	47.43	44.91	10.82	27.17	37.22	55.61	30.36	31.32	13.34	42.52	39.62	40.31	33.54	42.3	33.42	24.74	40.05	53.54	36.22	6.71	23.32	35.11	35.69	37.01	31.78	21.47	28.6	26.42	43.42	29.41	28.02	33.53	4.0	39.29	15.52	22.14	43.6	32.76	9.22	34.53	19.24	46.86	29.02	26.0	45.88	17.46	9.85	21.1	24.33	20.25	44.92	43.93	42.95	
29.07	37.01	47.63	45.8	18.25	34.79	2.0	29.41	29.0	31.62	14.87	31.26	23.77	0.0	34.93	32.8	4.12	44.78	20.81	26.02	15.3	22.67	27.31	39.56	23.77	1.41	34.01	44.6	31.02	10.05	18.03	31.78	10.0	39.82	15.23	22.0	34.23	37.01	49.2	10.0	18.44	38.05	13.6	31.62	42.06	4.12	28.79	18.03	18.03	30.27	38.6	16.97	4.47	31.83	25.02	12.53	20.59	36.67	21.21	17.26	42.01	14.14	45.18	16.16	16.55	21.19	35.17	20.62	17.2	48.6	21.95	27.17	12.04	18.79	41.34	49.93	20.0	18.25	40.52	44.01	35.0	15.26	28.18	23.0	19.0	20.0	15.81	8.6	18.36	23.09	15.52	34.21	31.38	41.11	48.41	32.31	43.46	16.16	42.58	9.22	16.03	22.36	6.32	30.89	26.83	10.05	13.6	21.19	25.0	24.21	
39.96	7.62	38.12	35.13	40.46	19.03	32.98	26.93	30.87	37.58	47.93	54.45	41.77	34.93	0.0	29.12	38.64	30.41	52.35	47.38	21.95	21.02	21.02	6.71	17.8	34.21	7.0	38.01	19.65	44.91	25.0	21.59	44.72	40.02	28.64	36.77	12.0	38.6	38.33	29.53	39.29	7.21	38.33	27.2	28.16	39.05	56.22	19.1	18.36	53.74	19.24	50.16	38.47	31.95	12.73	23.09	16.12	8.06	39.22	44.65	34.01	32.56	14.32	19.1	19.03	49.65	1.0	22.47	44.41	37.34	25.5	8.6	23.09	27.51	14.04	35.9	44.05	19.42	19.65	25.0	8.06	21.0	22.85	13.6	17.0	36.06	19.24	27.17	18.03	44.55	38.64	37.34	25.0	8.6	38.21	43.91	25.71	23.6	8.06	27.07	19.31	45.61	34.93	39.82	22.36	25.0	24.19	42.72	22.47	21.95	
14.32	23.71	14.87	13.04	23.09	11.4	31.24	3.61	5.0	10.0	37.11	31.95	20.22	32.8	29.12	0.0	36.62	13.15	38.12	25.71	20.25	38.6	9.06	35.74	14.32	31.4	22.47	12.21	9.49	40.71	38.48	7.62	41.18	11.05	39.45	49.4	17.89	9.49	16.4	22.8	48.41	25.06	44.6	2.0	11.0	35.51	36.67	31.95	20.62	31.62	14.21	38.83	37.2	3.61	19.03	30.02	31.05	36.67	50.22	29.15	9.22	41.62	43.32	28.23	29.15	33.0	30.08	38.28	49.52	15.81	41.79	23.02	25.24	41.15	42.95	17.46	26.0	18.79	15.81	15.52	21.93	30.87	7.07	20.22	21.19	47.71	27.31	31.4	30.68	24.19	46.1	8.6	4.12	27.46	15.62	17.2	14.32	17.8	31.38	32.2	23.26	53.81	27.78	13.04	8.25	26.4	20.62	51.86	41.48	40.52	
31.91	41.0	51.4	49.65	20.25	38.9	6.08	33.29	32.65	34.83	13.42	32.0	26.0	4.12	38.64	36.62	0.0	48.76	19.7	27.46	19.42	24.84	31.38	43.01	27.89	5.39	38.0	48.27	35.11	6.32	19.8	35.85	6.08	43.19	16.4	21.38	38.33	40.36	53.01	13.89	17.0	42.01	12.0	35.51	46.07	2.0	28.64	21.02	22.09	31.0	42.72	15.26	1.0	35.47	29.07	15.81	23.77	39.92	20.02	18.03	45.8	14.32	48.33	19.65	19.92	21.21	38.83	22.67	14.32	52.43	23.43	31.06	16.0	20.0	44.29	53.85	21.38	22.36	44.64	48.1	39.01	18.38	32.2	27.02	23.02	19.42	19.42	11.7	21.54	24.74	14.0	37.54	35.36	45.04	52.2	34.89	47.54	20.25	46.39	12.08	20.0	19.92	9.22	33.84	30.87	14.0	17.72	19.24	26.87	26.17	
26.31	23.09	8.25	5.39	36.22	12.53	43.05	15.81	18.11	21.38	50.22	43.93	33.02	44.78	30.41	13.15	48.76	0.0	51.24	38.21	30.61	45.79	17.8	36.06	22.63	43.42	23.54	10.0	14.87	53.31	47.01	13.45	53.71	16.64	48.84	58.8	18.68	17.46	8.0	34.89	58.73	24.02	55.44	13.6	2.83	47.85	49.25	40.0	29.7	43.74	11.18	51.97	49.24	16.0	25.24	39.6	38.28	38.47	60.11	42.3	7.21	51.62	43.01	36.88	37.64	46.04	31.4	46.04	60.8	7.0	49.65	27.73	35.47	49.82	44.18	5.83	39.05	28.32	11.0	6.32	22.36	39.7	16.64	27.2	29.73	57.31	36.12	41.87	38.6	37.01	56.73	18.68	13.42	25.08	8.06	28.16	5.1	28.84	29.15	42.52	32.53	64.54	40.31	24.52	18.03	37.01	31.62	62.29	48.37	47.51	
26.57	52.2	50.7	50.01	15.03	45.4	22.02	36.0	33.14	31.32	6.32	16.12	18.97	20.81	52.35	38.12	19.7	51.24	0.0	15.81	30.41	43.42	37.48	57.98	36.69	20.62	49.4	46.84	41.44	16.12	38.83	41.19	17.12	39.56	35.85	40.8	47.8	37.0	52.63	22.83	35.9	53.49	31.05	38.01	49.09	17.89	10.2	38.18	34.0	15.26	49.37	5.0	20.62	35.36	40.31	32.53	40.36	55.8	39.05	9.0	45.89	34.01	64.4	35.47	36.12	5.83	52.84	41.4	31.06	52.39	42.72	43.83	30.0	39.45	61.07	54.92	12.37	33.11	51.35	53.01	49.98	35.36	37.22	38.91	35.36	38.9	34.83	29.07	38.21	15.23	32.98	34.48	39.01	56.65	51.66	27.29	52.0	29.15	59.09	29.83	33.29	37.05	17.8	28.79	36.35	28.43	28.18	37.34	45.8	45.0	
12.0	45.0	36.22	36.01	8.25	35.34	26.02	24.7	20.88	17.0	18.6	7.07	5.83	26.02	47.38	25.71	27.46	38.21	15.81	0.0	26.93	45.22	28.3	53.81	29.73	25.0	42.64	32.25	31.76	27.31	41.98	30.87	28.23	24.52	40.31	48.01	39.66	22.2	38.21	21.19	44.28	46.4	39.32	26.25	36.5	25.5	11.05	38.63	30.23	6.4	39.0	19.1	28.44	22.36	34.66	33.53	39.81	52.8	47.17	9.85	32.0	40.01	61.07	34.93	35.85	10.0	48.1	43.68	41.48	38.12	46.1	38.95	29.15	43.57	58.82	41.01	6.08	28.6	40.85	41.23	42.8	36.06	27.29	34.06	31.62	46.01	34.01	31.58	38.08	3.16	41.3	20.02	27.86	49.41	37.22	11.7	40.02	24.41	52.63	32.56	30.89	47.3	20.02	14.04	26.93	28.46	25.06	46.69	48.08	47.13	
23.09	22.36	34.83	32.56	19.21	19.7	13.34	16.64	18.03	23.19	26.25	33.84	21.93	15.3	21.95	20.25	19.42	30.61	30.41	26.93	0.0	20.0	12.81	27.8	8.54	14.14	19.42	32.45	16.12	25.08	18.68	17.2	25.18	29.73	19.24	29.15	19.03	27.2	36.12	7.62	28.32	23.54	24.84	18.6	27.8	19.1	34.66	13.0	3.61	33.02	23.41	28.46	19.65	20.62	10.2	9.85	13.34	26.17	30.0	22.8	29.21	21.4	34.66	9.0	10.0	27.8	22.47	19.1	30.23	35.38	22.36	13.42	5.0	21.19	32.02	36.12	22.67	3.0	25.3	29.07	20.22	11.18	14.14	8.54	5.0	27.46	8.0	11.31	12.04	23.85	26.17	24.74	17.69	26.68	35.47	27.17	28.65	3.0	28.79	12.04	4.12	33.97	13.34	24.0	12.73	6.4	2.24	31.83	23.0	22.0	
43.05	27.2	51.89	49.19	37.0	33.29	21.4	35.17	37.48	43.1	37.54	51.62	41.0	22.67	21.02	38.6	24.84	45.79	43.42	45.22	20.0	0.0	29.73	22.2	24.35	22.8	24.84	50.33	31.3	30.81	5.39	33.11	30.23	49.03	9.49	15.81	28.32	46.69	52.77	24.04	19.03	27.46	19.42	36.69	43.05	26.17	50.61	7.0	18.25	50.7	35.61	39.62	24.21	39.81	20.59	11.7	7.62	18.03	18.44	38.47	46.62	13.34	25.32	11.0	10.0	43.05	20.62	2.24	25.18	51.88	4.47	18.44	16.28	7.0	20.62	51.62	39.92	20.22	36.88	42.01	26.25	9.22	31.62	18.79	17.46	15.3	12.0	14.42	8.06	42.06	19.1	44.41	35.11	29.53	52.33	47.1	42.2	23.0	28.79	13.6	16.03	25.18	26.42	44.0	30.36	16.76	21.1	22.2	3.0	2.0	
19.21	16.97	22.47	20.0	23.09	8.0	25.5	6.08	9.85	16.55	35.0	35.23	22.47	27.31	21.02	9.06	31.38	17.8	37.48	28.3	12.81	29.73	0.0	27.73	5.39	26.0	15.0	20.62	4.0	36.4	30.02	4.47	36.69	20.0	31.4	41.4	11.4	18.11	23.6	17.72	41.01	18.38	37.64	7.07	15.0	30.68	38.48	23.26	12.21	34.67	12.0	37.01	31.78	11.18	10.0	22.02	22.14	28.16	42.52	28.64	17.0	33.97	35.34	19.72	20.59	33.24	21.93	29.55	43.01	22.8	33.11	14.14	17.69	32.76	34.48	23.35	26.57	10.63	14.0	16.76	14.87	22.47	2.0	11.18	12.53	39.82	18.87	24.08	21.93	25.94	38.95	16.49	5.39	21.26	23.02	23.02	16.16	11.18	24.76	24.76	15.0	46.75	23.54	18.87	1.41	19.21	13.89	44.55	32.57	31.62	
46.65	13.0	44.0	41.0	46.69	25.32	37.7	33.62	37.58	44.28	53.24	60.88	48.27	39.56	6.71	35.74	43.01	36.06	57.98	53.81	27.8	22.2	27.73	0.0	24.41	39.0	13.34	44.18	26.25	49.34	27.02	28.16	49.04	46.57	31.0	37.85	18.25	45.22	44.05	35.23	41.19	12.04	41.01	33.84	34.0	43.66	62.37	22.36	24.21	60.14	25.0	55.47	42.72	38.63	19.21	27.2	19.42	4.47	40.61	50.61	40.2	35.0	7.62	23.41	23.09	55.61	5.83	24.08	47.0	43.05	26.48	14.87	28.18	29.15	8.25	41.3	50.25	25.5	25.08	30.27	14.14	24.74	29.55	19.8	22.8	37.48	23.77	31.32	21.59	50.93	41.01	44.01	31.62	11.7	44.01	50.61	31.14	29.73	8.6	31.05	24.7	47.38	40.31	46.53	29.07	29.97	30.0	44.41	22.8	22.56	
22.36	15.65	27.78	25.24	23.32	11.18	21.84	11.05	14.14	20.62	33.38	36.8	24.04	23.77	17.8	14.32	27.89	22.63	36.69	29.73	8.54	24.35	5.39	24.41	0.0	22.56	13.04	26.0	7.81	33.38	24.7	9.22	33.54	25.08	26.25	36.24	11.18	23.0	28.84	15.0	36.12	17.0	33.02	12.37	19.8	27.46	39.12	17.89	7.07	36.12	14.87	35.51	28.16	16.0	5.39	16.97	16.76	24.17	37.48	28.23	22.36	29.0	31.91	14.42	15.26	33.11	18.6	24.17	38.59	28.02	27.73	9.85	13.04	27.46	30.46	28.32	26.93	5.83	16.76	20.59	13.42	17.2	7.28	6.0	7.21	34.71	13.6	19.42	16.55	27.02	34.21	21.1	10.77	20.12	28.3	26.4	20.25	8.0	23.02	20.0	9.9	42.01	21.0	22.47	6.08	14.76	10.2	39.7	27.2	26.25	
27.73	36.06	46.23	44.41	17.12	33.53	1.41	28.02	27.59	30.23	14.87	30.41	22.56	1.41	34.21	31.4	5.39	43.42	20.62	25.0	14.14	22.8	26.0	39.0	22.56	0.0	33.06	43.19	29.73	11.0	18.36	30.46	11.05	38.42	15.81	23.02	33.14	35.61	47.8	8.6	19.65	37.12	14.87	30.23	40.71	5.0	28.23	17.8	17.0	29.43	37.36	17.03	5.83	30.41	24.0	12.21	20.25	36.24	22.36	16.49	40.61	15.03	44.78	15.65	16.12	20.62	34.48	20.81	18.6	47.2	22.36	26.31	11.18	19.31	41.05	48.55	19.03	17.12	39.29	42.72	34.01	15.0	26.83	22.02	18.03	21.02	15.23	8.49	18.03	22.02	16.76	32.8	30.02	40.2	47.01	31.02	42.15	14.87	41.77	9.22	15.13	23.71	5.1	29.53	25.5	9.22	12.37	22.47	25.24	24.41	
34.21	3.0	31.14	28.16	36.36	12.04	32.02	20.59	24.7	31.38	45.61	49.68	36.88	34.01	7.0	22.47	38.0	23.54	49.4	42.64	19.42	24.84	15.0	13.34	13.04	33.06	0.0	31.02	13.0	44.05	27.78	14.87	44.01	33.24	30.87	39.96	5.0	31.95	31.4	26.93	41.63	4.12	39.85	20.62	21.21	38.05	52.15	21.02	16.12	49.04	12.37	47.8	38.01	25.5	9.22	23.54	18.36	15.03	42.06	41.15	27.02	34.54	20.88	19.65	19.92	46.07	8.0	25.81	45.88	30.41	29.21	7.28	22.0	30.53	21.02	29.12	39.96	16.49	13.0	18.38	1.41	22.14	16.64	11.05	15.03	38.95	19.42	27.29	19.7	40.0	40.5	30.87	18.38	7.28	31.26	38.01	18.97	20.25	10.0	27.46	18.0	47.93	32.76	33.84	16.4	24.0	21.59	45.19	26.87	26.17	
20.4	31.26	4.0	5.0	32.31	19.0	43.14	15.81	15.62	15.52	47.01	37.01	27.89	44.6	38.01	12.21	48.27	10.0	46.84	32.25	32.45	50.33	20.62	44.18	26.0	43.19	31.02	0.0	19.42	51.87	50.54	17.46	52.43	8.06	51.62	61.59	26.02	10.05	6.0	34.66	60.61	32.39	56.73	13.89	10.77	47.01	43.1	43.86	32.65	37.0	19.42	48.47	48.92	12.81	30.08	42.19	42.72	46.0	62.43	38.28	4.0	53.82	51.48	40.25	41.15	41.23	39.01	50.16	61.52	6.08	53.71	33.54	37.44	53.24	52.04	9.49	34.48	30.89	19.92	16.12	30.07	42.94	18.79	31.62	33.11	59.91	39.36	43.6	42.54	31.78	58.26	12.37	15.23	33.96	5.0	21.0	14.76	30.0	38.08	44.41	35.36	65.95	39.2	18.25	20.12	38.6	32.8	64.03	53.14	52.2	
21.93	14.42	20.62	17.89	26.93	4.0	29.15	7.81	12.04	18.6	39.0	38.59	25.94	31.02	19.65	9.49	35.11	14.87	41.44	31.76	16.12	31.3	4.0	26.25	7.81	29.73	13.0	19.42	0.0	40.26	32.2	2.0	40.52	20.4	33.97	43.93	8.6	18.97	21.47	21.59	43.93	15.81	40.8	7.62	12.04	34.48	42.15	25.24	14.87	38.08	8.0	41.01	35.47	12.53	10.77	24.76	23.71	27.29	45.25	32.56	15.52	36.8	33.84	22.02	22.8	37.11	20.62	31.38	46.32	20.59	34.99	14.14	20.81	35.0	33.54	20.62	30.36	13.6	10.0	13.0	12.53	24.84	4.47	12.53	14.87	42.45	21.26	27.2	23.85	29.55	42.01	17.89	5.39	18.44	21.02	25.5	12.53	14.87	22.2	27.8	17.69	49.82	27.46	21.26	5.1	22.47	17.46	47.51	34.01	33.11	
33.97	47.04	55.23	53.71	21.4	44.15	12.04	37.58	36.36	37.54	10.0	30.59	27.2	10.05	44.91	40.71	6.32	53.31	16.12	27.31	25.08	30.81	36.4	49.34	33.38	11.0	44.05	51.87	40.26	0.0	25.61	40.8	1.0	46.1	21.93	25.08	44.1	43.28	56.94	18.68	19.92	48.09	15.23	39.81	50.7	6.0	26.0	27.31	28.0	29.61	48.05	11.18	6.71	39.12	35.0	22.14	30.08	46.24	23.09	17.46	49.74	19.21	54.63	25.96	26.25	19.24	45.12	28.6	15.0	56.44	29.0	37.22	22.09	25.46	50.54	58.14	21.47	28.07	50.01	53.16	45.01	24.7	37.0	33.02	29.02	23.26	25.71	18.03	27.86	25.06	17.09	40.46	39.92	51.16	56.08	36.4	52.5	25.5	52.61	18.38	26.08	21.0	13.0	36.07	35.74	20.1	23.19	21.21	32.65	32.02	
41.11	30.41	52.48	49.93	33.73	34.71	17.0	34.93	36.69	41.77	32.8	48.08	38.21	18.03	25.0	38.48	19.8	47.01	38.83	41.98	18.68	5.39	30.02	27.02	24.7	18.36	27.78	50.54	32.2	25.61	0.0	33.84	25.0	48.38	4.12	12.21	30.61	45.88	53.54	21.1	14.32	30.87	14.14	36.67	44.2	21.26	46.52	7.07	17.89	47.13	37.48	34.83	19.1	39.22	21.93	9.06	9.43	23.02	14.32	34.54	47.01	8.06	30.59	10.3	9.43	38.91	24.74	3.16	20.02	52.7	4.12	20.81	14.14	2.83	25.96	52.8	36.4	19.7	38.95	43.84	29.15	7.62	31.76	19.85	17.49	11.18	11.18	10.44	8.49	38.83	14.0	43.42	35.36	33.24	53.0	45.04	43.86	21.59	32.98	9.49	15.23	20.62	22.47	42.3	30.41	14.0	19.24	17.72	7.07	6.4	
20.62	16.12	18.79	16.12	26.48	4.47	29.97	6.4	10.63	17.03	39.05	37.59	25.08	31.78	21.59	7.62	35.85	13.45	41.19	30.87	17.2	33.11	4.47	28.16	9.22	30.46	14.87	17.46	2.0	40.8	33.84	0.0	41.11	18.44	35.47	45.45	10.3	17.09	19.72	22.14	45.28	17.49	42.01	5.83	10.63	35.11	41.44	26.93	16.28	37.12	8.25	41.01	36.25	10.82	12.65	26.17	25.5	29.27	46.69	32.25	13.6	38.18	35.74	23.6	24.41	36.67	22.56	33.12	47.43	18.87	36.72	16.12	22.02	36.62	35.51	19.1	29.83	14.87	10.2	12.37	14.32	26.4	4.0	14.32	16.4	43.93	22.8	28.43	25.55	28.79	43.28	16.12	3.61	20.0	19.24	24.04	11.7	15.65	23.85	29.07	19.1	51.09	27.89	19.8	5.1	23.6	18.36	48.84	35.85	34.93	
34.71	47.01	55.76	54.2	22.2	44.38	12.0	38.01	36.89	38.21	11.0	31.58	28.02	10.0	44.72	41.18	6.08	53.71	17.12	28.23	25.18	30.23	36.69	49.04	33.54	11.05	44.01	52.43	40.52	1.0	25.0	41.11	0.0	46.75	21.26	24.17	44.18	43.93	57.45	18.97	18.97	48.04	14.32	40.25	51.08	6.08	27.0	26.93	28.02	30.59	48.27	12.17	6.32	39.66	35.01	21.84	29.73	45.88	22.14	18.38	50.25	18.44	54.23	25.71	25.96	20.22	44.91	28.02	14.0	56.94	28.32	37.12	22.02	24.76	50.09	58.59	22.36	28.16	50.22	53.45	45.0	24.35	37.34	33.0	29.0	22.36	25.5	17.72	27.51	25.94	16.16	41.11	40.31	51.09	56.6	37.2	52.81	25.71	52.47	18.03	26.02	20.0	13.42	36.8	36.06	20.02	23.35	20.22	32.02	31.4	
13.0	34.18	12.04	12.65	25.55	21.54	38.6	14.04	11.7	8.6	40.31	29.0	20.62	39.82	40.02	11.05	43.19	16.64	39.56	24.52	29.73	49.03	20.0	46.57	25.08	38.42	33.24	8.06	20.4	46.1	48.38	18.44	46.75	0.0	48.85	58.6	28.46	2.83	14.04	30.23	56.94	35.47	52.7	13.04	16.28	41.73	35.23	42.2	30.81	29.02	23.32	41.59	43.93	9.22	30.0	39.56	41.59	47.68	59.06	31.3	9.43	50.54	54.12	38.33	39.29	33.84	41.0	48.51	57.01	14.14	51.92	34.06	34.54	50.92	53.94	17.46	27.31	28.86	24.41	21.93	32.57	40.8	18.0	31.06	31.58	56.8	37.36	40.25	41.0	24.35	54.38	5.66	15.13	37.58	13.04	13.04	20.52	26.93	41.63	41.15	33.24	61.85	33.97	10.77	19.03	35.34	29.55	60.21	51.97	50.99	
40.61	33.62	53.82	51.4	32.14	36.8	14.56	35.85	37.16	41.76	29.68	46.1	37.0	15.23	28.64	39.45	16.4	48.84	35.85	40.31	19.24	9.49	31.4	31.0	26.25	15.81	30.87	51.62	33.97	21.93	4.12	35.47	21.26	48.85	0.0	10.0	33.29	46.24	55.0	20.1	10.77	34.18	10.05	37.74	46.01	18.03	44.01	9.85	19.21	45.12	39.82	31.62	15.62	39.81	24.21	9.43	12.65	27.07	11.4	32.28	48.26	4.0	34.71	12.04	11.4	36.4	28.44	7.28	16.0	54.2	7.07	23.71	14.32	3.61	30.08	54.56	34.53	20.81	41.4	46.1	32.2	9.22	33.02	22.02	19.1	8.49	12.73	9.06	11.18	37.22	10.05	43.66	36.62	36.69	54.41	44.41	46.01	21.93	36.67	8.06	16.4	17.09	20.4	41.98	31.62	13.6	19.31	14.32	10.82	10.3	
49.73	42.54	63.82	61.4	40.11	46.67	22.09	45.79	46.96	51.26	34.48	53.15	45.4	22.0	36.77	49.4	21.38	58.8	40.8	48.01	29.15	15.81	41.4	37.85	36.24	23.02	39.96	61.59	43.93	25.08	12.21	45.45	24.17	58.6	10.0	0.0	42.8	55.95	65.0	29.12	5.66	42.94	9.85	47.71	55.97	23.35	50.01	19.21	29.21	52.15	49.58	36.06	20.4	49.65	33.97	19.42	21.63	33.54	3.16	39.12	58.25	8.25	40.01	21.93	21.21	42.58	36.4	14.32	12.81	64.2	11.4	33.02	24.19	9.43	35.0	64.54	42.0	30.81	51.09	55.9	41.34	19.1	43.01	31.83	29.07	2.0	22.67	18.38	20.62	45.04	8.06	53.31	46.62	45.19	64.4	53.37	55.87	31.76	44.6	17.46	26.4	10.2	28.07	51.24	41.62	23.26	29.07	7.28	15.13	15.3	
30.41	5.83	26.17	23.19	34.01	7.07	32.25	16.4	20.62	27.2	44.55	46.62	33.84	34.23	12.0	17.89	38.33	18.68	47.8	39.66	19.03	28.32	11.4	18.25	11.18	33.14	5.0	26.02	8.6	44.1	30.61	10.3	44.18	28.46	33.29	42.8	0.0	27.31	26.48	26.08	43.91	7.21	41.63	16.12	16.28	38.12	49.65	23.6	16.28	46.04	7.62	46.69	38.47	21.1	9.49	25.08	21.26	20.02	44.65	39.22	22.02	36.72	25.71	21.47	21.95	44.01	13.0	29.0	47.54	25.5	32.53	9.9	22.56	33.42	26.02	24.35	37.58	16.03	8.6	13.89	4.12	24.19	12.73	11.7	15.52	41.62	21.02	28.46	22.2	37.22	42.49	26.42	13.89	9.9	26.31	34.06	14.32	19.1	13.6	28.79	18.68	50.12	32.06	29.83	12.81	24.52	21.0	47.51	30.61	29.83	
10.44	33.11	14.04	14.14	22.83	20.59	35.81	12.04	9.22	5.83	37.59	27.07	18.03	37.01	38.6	9.49	40.36	17.46	37.0	22.2	27.2	46.69	18.11	45.22	23.0	35.61	31.95	10.05	18.97	43.28	45.88	17.09	43.93	2.83	46.24	55.95	27.31	0.0	16.03	27.46	54.2	34.44	49.93	11.4	16.64	38.9	33.06	39.81	28.44	27.02	22.8	38.91	41.11	7.0	28.07	37.0	39.32	46.1	56.36	28.64	10.44	47.85	52.81	35.9	36.88	31.32	39.56	46.1	54.2	16.0	49.48	32.25	31.95	48.38	52.39	19.1	24.7	26.48	24.08	22.2	31.38	38.33	16.12	29.0	29.27	54.13	34.93	37.58	38.64	21.84	51.62	2.83	13.6	36.72	15.03	11.05	20.81	24.35	40.71	38.48	30.81	59.08	31.14	8.25	17.03	32.7	26.93	57.45	49.65	48.66	
26.31	31.06	2.0	3.61	37.95	19.92	47.63	19.85	20.59	21.38	52.55	43.01	33.73	49.2	38.33	16.4	53.01	8.0	52.63	38.21	36.12	52.77	23.6	44.05	28.84	47.8	31.4	6.0	21.47	56.94	53.54	19.72	57.45	14.04	55.0	65.0	26.48	16.03	0.0	39.2	64.44	32.02	60.81	17.69	10.2	51.87	49.09	46.65	35.81	43.0	19.1	54.08	53.6	17.89	32.2	45.61	45.18	46.39	66.07	43.97	7.21	57.49	51.01	43.27	44.1	47.07	39.32	52.84	65.86	1.0	56.44	35.11	41.11	56.3	52.15	4.24	40.26	34.21	19.0	14.14	30.27	46.04	22.02	34.0	36.06	63.41	42.44	47.42	45.28	37.66	62.24	18.25	18.44	33.06	1.0	27.0	13.04	33.94	37.12	48.17	38.6	70.01	44.1	24.19	23.43	42.45	36.77	67.94	55.46	54.56	
20.62	29.83	37.64	35.81	13.0	25.5	8.49	19.42	19.1	22.36	18.68	27.73	17.12	10.0	29.53	22.8	13.89	34.89	22.83	21.19	7.62	24.04	17.72	35.23	15.0	8.6	26.93	34.66	21.59	18.68	21.1	22.14	18.97	30.23	20.1	29.12	26.08	27.46	39.2	0.0	26.83	31.05	22.47	21.63	32.2	13.0	27.66	17.46	11.18	26.83	29.43	20.88	14.42	21.93	17.72	12.37	18.87	33.3	29.15	15.56	32.02	20.88	41.87	13.89	14.76	20.52	30.02	22.56	26.91	38.6	25.18	21.02	8.06	23.0	38.9	39.96	16.12	10.44	31.4	34.48	27.66	14.87	18.38	16.16	12.53	27.2	13.04	11.05	17.0	18.03	24.19	24.7	21.47	34.21	38.42	24.33	33.84	7.0	36.4	12.04	10.63	31.62	6.0	22.14	17.09	7.28	5.39	30.02	26.93	25.96	
47.17	44.38	63.13	60.88	36.67	47.01	18.97	44.82	45.49	49.19	29.61	49.0	42.2	18.44	39.29	48.41	17.0	58.73	35.9	44.28	28.32	19.03	41.01	41.19	36.12	19.65	41.63	60.61	43.93	19.92	14.32	45.28	18.97	56.94	10.77	5.66	43.91	54.2	64.44	26.83	0.0	44.94	5.0	46.86	55.9	19.0	45.4	20.62	29.07	48.0	50.22	31.05	16.0	48.26	34.67	19.21	23.41	37.05	3.16	35.01	57.49	7.21	44.1	22.47	21.95	38.12	39.05	17.12	7.21	63.7	15.03	34.44	23.35	12.04	39.2	64.35	38.21	30.41	51.87	56.4	42.95	19.72	42.45	32.45	29.21	4.47	23.02	17.03	21.93	41.44	3.0	51.48	46.01	47.43	63.78	50.6	56.22	30.61	47.3	16.28	26.25	6.32	24.74	48.85	41.04	22.02	27.8	3.61	19.1	19.03	
37.54	1.41	32.02	29.02	40.31	13.93	36.06	23.6	27.8	34.41	49.73	53.41	40.61	38.05	7.21	25.06	42.01	24.02	53.49	46.4	23.54	27.46	18.38	12.04	17.0	37.12	4.12	32.39	15.81	48.09	30.87	17.49	48.04	35.47	34.18	42.94	7.21	34.44	32.02	31.05	44.94	0.0	43.42	23.32	22.02	42.11	56.08	24.35	20.22	52.8	13.04	51.92	42.0	28.3	13.34	27.29	21.54	14.87	45.19	45.19	28.44	37.95	19.1	23.35	23.54	50.09	8.06	28.65	49.48	31.02	31.91	11.05	26.02	33.54	20.22	29.27	43.91	20.62	13.04	18.25	3.61	25.71	19.85	15.13	19.1	42.05	23.19	31.14	23.09	43.83	43.97	33.62	21.1	3.16	32.0	41.23	19.1	24.35	6.4	31.26	22.02	51.26	36.88	37.01	19.8	28.02	25.71	48.47	29.21	28.6	
42.54	42.72	59.41	57.28	31.78	44.1	14.32	41.04	41.4	44.78	24.74	44.0	37.36	13.6	38.33	44.6	12.0	55.44	31.05	39.32	24.84	19.42	37.64	41.01	33.02	14.87	39.85	56.73	40.8	15.23	14.14	42.01	14.32	52.7	10.05	9.85	41.63	49.93	60.81	22.47	5.0	43.42	0.0	43.14	52.63	14.0	40.45	19.24	26.08	43.0	47.51	26.25	11.0	44.2	32.2	16.55	22.2	37.12	8.06	30.02	53.76	6.08	44.72	20.25	19.92	33.14	38.21	17.26	6.08	60.11	16.16	32.57	20.0	12.65	40.02	60.96	33.24	27.2	49.24	53.54	41.11	17.72	38.95	29.97	26.42	8.06	20.62	13.6	20.4	36.5	2.0	47.17	42.45	46.1	60.11	45.88	53.25	26.87	46.39	13.04	23.32	9.22	19.92	44.28	37.54	18.44	24.04	7.62	20.25	19.92	
15.26	21.95	16.28	14.21	23.0	9.9	30.0	2.24	5.39	11.31	36.67	32.7	20.62	31.62	27.2	2.0	35.51	13.6	38.01	26.25	18.6	36.69	7.07	33.84	12.37	30.23	20.62	13.89	7.62	39.81	36.67	5.83	40.25	13.04	37.74	47.71	16.12	11.4	17.69	21.63	46.86	23.32	43.14	0.0	11.18	34.48	37.11	30.08	18.79	32.31	13.04	38.47	36.06	5.0	17.03	28.3	29.12	34.71	48.6	29.02	10.63	40.0	41.44	26.4	27.31	33.06	28.16	36.4	48.17	17.03	39.92	21.02	23.6	39.36	41.0	18.36	26.08	17.0	14.76	15.13	20.12	29.07	5.1	18.25	19.31	46.04	25.5	29.83	28.79	24.52	44.6	10.3	2.24	25.81	16.97	18.44	14.04	16.28	29.68	30.61	21.47	52.35	26.83	14.21	6.32	24.84	19.1	50.33	39.56	38.6	
24.74	21.0	10.0	7.0	34.06	9.85	40.31	13.34	16.0	19.92	47.85	42.45	31.14	42.06	28.16	11.0	46.07	2.83	49.09	36.5	27.8	43.05	15.0	34.0	19.8	40.71	21.21	10.77	12.04	50.7	44.2	10.63	51.08	16.28	46.01	55.97	16.28	16.64	10.2	32.2	55.9	22.02	52.63	11.18	0.0	45.19	47.52	37.2	26.87	42.2	9.0	49.65	46.53	14.14	22.47	36.77	35.51	36.22	57.28	40.11	7.21	48.8	41.11	34.06	34.83	44.0	29.15	43.27	58.01	9.22	46.87	25.08	32.65	47.01	42.05	8.6	37.0	25.5	9.22	5.66	20.1	36.88	13.89	24.41	26.91	54.49	33.3	39.05	35.81	35.13	53.91	17.46	10.77	23.35	10.05	26.93	4.24	26.08	27.46	39.7	29.7	61.72	37.7	23.09	15.26	34.21	28.84	59.46	45.65	44.78	
30.23	41.05	50.22	48.55	18.38	38.33	6.08	32.25	31.4	33.3	11.66	30.0	24.17	4.12	39.05	35.51	2.0	47.85	17.89	25.5	19.1	26.17	30.68	43.66	27.46	5.0	38.05	47.01	34.48	6.0	21.26	35.11	6.08	41.73	18.03	23.35	38.12	38.9	51.87	13.0	19.0	42.11	14.0	34.48	45.19	0.0	26.68	21.95	22.0	29.0	42.2	13.6	3.0	34.21	29.0	16.55	24.6	40.72	22.02	16.03	44.65	16.16	49.19	20.25	20.62	19.24	39.29	24.04	16.16	51.31	25.0	31.26	16.12	21.63	45.28	52.84	19.42	22.09	44.15	47.43	39.01	19.24	31.38	27.02	23.02	21.38	19.92	12.53	22.36	22.8	16.0	36.07	34.44	45.18	51.04	33.12	46.82	19.65	46.69	13.04	20.1	21.84	7.81	32.2	30.08	14.14	17.26	21.21	28.32	27.59	
23.02	54.71	47.1	47.0	15.81	45.88	29.55	35.44	31.78	28.02	16.0	7.21	16.49	28.79	56.22	36.67	28.64	49.25	10.2	11.05	34.66	50.61	38.48	62.37	39.12	28.23	52.15	43.1	42.15	26.0	46.52	41.44	27.0	35.23	44.01	50.01	49.65	33.06	49.09	27.66	45.4	56.08	40.45	37.11	47.52	26.68	0.0	44.65	38.21	6.71	49.65	15.13	29.61	33.38	43.6	39.12	46.4	60.81	48.51	12.21	43.01	42.72	69.31	41.4	42.2	7.62	56.85	48.76	41.0	49.04	50.57	47.63	35.61	47.54	66.53	52.0	12.21	36.88	51.55	52.17	52.48	41.88	37.7	42.64	39.62	48.05	40.61	36.24	44.41	12.65	42.43	31.0	38.6	59.17	48.09	22.2	50.99	32.65	62.13	37.12	38.21	47.0	24.19	25.0	37.16	34.41	32.53	47.1	53.24	52.35	
36.06	23.77	45.65	43.05	30.46	27.66	16.4	28.46	30.59	36.12	32.65	45.19	34.21	18.03	19.1	31.95	21.02	40.0	38.18	38.63	13.0	7.0	23.26	22.36	17.89	17.8	21.02	43.86	25.24	27.31	7.07	26.93	26.93	42.2	9.85	19.21	23.6	39.81	46.65	17.46	20.62	24.35	19.24	30.08	37.2	21.95	44.65	0.0	11.4	44.28	30.41	34.83	20.62	32.98	14.87	5.66	3.0	18.97	21.1	32.45	40.25	13.6	27.31	4.0	3.0	37.2	19.03	6.32	25.32	45.79	9.85	13.89	9.49	9.9	23.32	45.8	33.54	13.34	31.89	36.77	22.36	2.83	25.08	12.81	10.77	18.03	5.0	9.43	1.41	35.47	19.65	37.48	28.64	26.93	46.14	40.11	36.8	16.0	27.17	8.94	9.06	26.93	20.62	37.0	23.77	10.3	14.14	24.17	10.0	9.0	
25.5	19.1	34.67	32.2	22.67	18.03	16.03	17.09	19.24	25.0	29.73	37.2	25.06	18.03	18.36	20.62	22.09	29.7	34.0	30.23	3.61	18.25	12.21	24.21	7.07	17.0	16.12	32.65	14.87	28.0	17.89	16.28	28.02	30.81	19.21	29.21	16.28	28.44	35.81	11.18	29.07	20.22	26.08	18.79	26.87	22.0	38.21	11.4	0.0	36.4	21.47	31.95	22.2	21.59	7.0	9.9	11.0	22.67	30.41	26.4	29.15	21.93	31.11	7.62	8.54	31.4	18.87	17.72	31.76	35.0	21.19	9.85	6.32	20.59	28.6	35.38	26.17	2.0	23.26	27.46	17.03	10.3	13.89	5.1	1.41	27.66	6.71	12.53	10.2	27.2	27.2	26.17	17.49	23.35	35.23	29.61	27.2	5.83	25.3	13.04	2.83	35.0	16.76	26.17	12.53	8.25	5.83	32.65	21.21	20.22	
17.46	51.4	41.0	41.11	13.89	41.59	30.59	30.87	26.93	22.36	19.92	1.0	12.21	30.27	53.74	31.62	31.0	43.74	15.26	6.4	33.02	50.7	34.67	60.14	36.12	29.43	49.04	37.0	38.08	29.61	47.13	37.12	30.59	29.02	45.12	52.15	46.04	27.02	43.0	26.83	48.0	52.8	43.0	32.31	42.2	29.0	6.71	44.28	36.4	0.0	45.19	19.7	32.0	28.16	41.01	39.0	45.65	59.03	51.01	13.04	37.22	44.41	67.36	40.71	41.59	10.44	54.45	49.04	44.41	43.01	51.24	45.28	34.89	48.51	65.0	46.1	10.77	34.83	47.01	47.13	49.2	41.63	33.62	40.36	37.8	50.16	39.82	36.69	43.83	9.22	45.0	25.18	34.01	55.8	42.0	16.0	45.88	30.61	59.03	37.64	36.89	50.36	24.74	19.24	33.29	34.01	31.06	50.09	53.49	52.55	
28.3	12.0	19.0	16.0	34.71	4.0	36.69	14.32	18.36	24.21	47.0	45.62	33.24	38.6	19.24	14.21	42.72	11.18	49.37	39.0	23.41	35.61	12.0	25.0	14.87	37.36	12.37	19.42	8.0	48.05	37.48	8.25	48.27	23.32	39.82	49.58	7.62	22.8	19.1	29.43	50.22	13.04	47.51	13.04	9.0	42.2	49.65	30.41	21.47	45.19	0.0	49.01	43.01	17.8	15.62	31.06	28.32	27.29	51.22	40.45	15.52	43.01	32.14	27.8	28.43	44.91	20.22	36.12	53.24	18.11	39.7	17.2	27.73	40.31	33.06	16.76	38.08	20.62	2.0	6.4	11.18	30.61	12.17	17.8	21.1	48.27	27.2	34.0	29.0	37.0	48.55	22.63	11.18	14.56	19.03	31.4	6.71	22.56	18.68	34.48	24.19	56.3	35.36	27.2	13.04	29.55	25.0	53.82	38.01	37.2	
28.65	50.7	52.2	51.24	16.16	45.01	18.44	36.35	33.96	33.11	2.24	20.62	21.1	16.97	50.16	38.83	15.26	51.97	5.0	19.1	28.46	39.62	37.01	55.47	35.51	17.03	47.8	48.47	41.01	11.18	34.83	41.01	12.17	41.59	31.62	36.06	46.69	38.91	54.08	20.88	31.05	51.92	26.25	38.47	49.65	13.6	15.13	34.83	31.95	19.7	49.01	0.0	16.12	36.4	38.6	29.21	37.2	53.0	34.21	10.3	47.13	29.53	61.59	32.45	33.02	9.43	50.57	37.54	26.08	53.76	38.6	41.79	27.29	35.23	58.01	56.04	14.42	31.32	51.01	53.15	48.51	32.02	37.01	37.0	33.24	34.18	31.91	25.5	35.0	17.8	28.16	36.25	39.2	55.08	53.14	30.0	52.24	27.66	57.25	26.17	30.87	32.06	15.23	30.89	36.0	25.55	26.25	32.39	41.87	41.11	
32.76	41.01	52.01	50.22	21.19	39.22	6.32	33.84	33.3	35.61	14.32	33.0	26.93	4.47	38.47	37.2	1.0	49.24	20.62	28.44	19.65	24.21	31.78	42.72	28.16	5.83	38.01	48.92	35.47	6.71	19.1	36.25	6.32	43.93	15.62	20.4	38.47	41.11	53.6	14.42	16.0	42.0	11.0	36.06	46.53	3.0	29.61	20.62	22.2	32.0	43.01	16.12	0.0	36.12	29.15	15.52	23.41	39.56	19.03	19.03	46.4	13.42	47.93	19.42	19.65	22.2	38.64	22.02	13.42	53.01	22.67	31.02	16.03	19.21	43.83	54.38	22.36	22.56	44.92	48.47	39.05	18.03	32.65	27.07	23.09	18.44	19.24	11.4	21.19	25.71	13.0	38.29	35.85	45.01	52.8	35.78	47.93	20.62	46.27	11.7	20.02	18.97	10.0	34.67	31.3	14.04	18.03	18.25	26.17	25.5	
10.77	26.93	16.12	14.87	20.4	14.87	30.41	5.1	2.83	6.4	34.79	28.46	17.03	31.83	31.95	3.61	35.47	16.0	35.36	22.36	20.62	39.81	11.18	38.63	16.0	30.41	25.5	12.81	12.53	39.12	39.22	10.82	39.66	9.22	39.81	49.65	21.1	7.0	17.89	21.93	48.26	28.3	44.2	5.0	14.14	34.21	33.38	32.98	21.59	28.16	17.8	36.4	36.12	0.0	21.1	30.46	32.39	39.29	50.25	26.48	10.77	41.68	46.24	29.12	30.08	30.07	32.89	39.29	48.84	17.46	42.72	25.32	25.5	41.79	45.61	19.65	23.09	19.65	19.42	18.97	25.06	31.62	9.22	22.0	22.36	47.89	28.16	31.38	31.78	21.02	45.8	5.39	7.21	30.81	17.0	13.6	17.72	17.89	34.67	32.25	24.04	53.41	26.4	9.43	10.05	26.42	20.59	51.61	42.76	41.77	
27.73	12.17	31.38	28.64	27.8	12.81	23.02	16.03	19.42	25.96	36.4	41.73	29.07	25.02	12.73	19.03	29.07	25.24	40.31	34.66	10.2	20.59	10.0	19.21	5.39	24.0	9.22	30.08	10.77	35.0	21.93	12.65	35.01	30.0	24.21	33.97	9.49	28.07	32.2	17.72	34.67	13.34	32.2	17.03	22.47	29.0	43.6	14.87	7.0	41.01	15.62	38.6	29.15	21.1	0.0	15.65	13.04	18.79	35.61	32.25	26.25	27.46	26.63	12.21	12.81	37.22	13.45	20.81	38.08	31.3	24.41	4.47	13.15	24.76	25.08	31.06	31.4	7.28	17.2	21.93	10.05	15.0	12.0	2.24	6.08	32.65	11.66	18.97	13.45	31.83	33.12	26.31	15.13	16.49	31.78	31.78	21.93	11.18	18.79	19.31	9.22	40.82	23.54	27.86	11.05	15.13	12.37	38.28	23.26	22.36	
32.06	26.48	44.41	42.01	25.3	27.8	10.82	26.42	27.86	32.76	27.02	39.92	29.43	12.53	23.09	30.02	15.81	39.6	32.53	33.53	9.85	11.7	22.02	27.2	16.97	12.21	23.54	42.19	24.76	22.14	9.06	26.17	21.84	39.56	9.43	19.42	25.08	37.0	45.61	12.37	19.21	27.29	16.55	28.3	36.77	16.55	39.12	5.66	9.9	39.0	31.06	29.21	15.52	30.46	15.65	0.0	8.06	24.17	20.52	26.93	38.83	12.04	32.65	4.0	4.12	31.62	23.19	10.2	22.47	44.82	13.0	16.28	5.1	11.4	28.84	45.28	28.23	11.4	32.76	37.2	24.74	2.83	23.6	13.42	10.0	17.8	4.12	4.12	5.83	30.36	17.49	34.48	27.2	30.15	45.0	36.01	37.01	12.65	31.02	4.0	7.07	25.24	15.0	33.24	22.2	5.1	10.2	22.8	14.56	13.6	
36.35	21.02	44.28	41.59	31.76	25.81	18.87	27.66	30.15	36.0	35.0	46.53	35.11	20.59	16.12	31.05	23.77	38.28	40.36	39.81	13.34	7.62	22.14	19.42	16.76	20.25	18.36	42.72	23.71	30.08	9.43	25.5	29.73	41.59	12.65	21.63	21.26	39.32	45.18	18.87	23.41	21.54	22.2	29.12	35.51	24.6	46.4	3.0	11.0	45.65	28.32	37.2	23.41	32.39	13.04	8.06	0.0	16.16	23.71	34.21	39.0	16.49	24.6	5.0	4.24	39.05	16.03	7.81	28.28	44.29	11.4	11.4	10.82	12.21	20.81	44.1	34.99	13.0	29.7	34.71	19.72	5.39	24.04	11.18	10.05	20.59	5.83	12.08	2.24	36.67	22.56	37.12	27.51	24.04	44.72	40.45	34.83	16.28	24.19	11.7	9.22	29.73	22.63	37.12	22.8	12.04	14.87	26.93	10.44	9.49	
46.52	15.52	46.17	43.19	45.34	27.0	34.89	34.21	37.95	44.6	50.77	59.82	47.43	36.67	8.06	36.67	39.92	38.47	55.8	52.8	26.17	18.03	28.16	4.47	24.17	36.24	15.03	46.0	27.29	46.24	23.02	29.27	45.88	47.68	27.07	33.54	20.02	46.1	46.39	33.3	37.05	14.87	37.12	34.71	36.22	40.72	60.81	18.97	22.67	59.03	27.29	53.0	39.56	39.29	18.79	24.17	16.16	0.0	36.35	48.84	42.0	31.06	8.6	20.59	20.12	53.81	7.07	20.0	43.05	45.4	22.2	14.32	25.81	25.02	6.32	43.93	48.84	24.21	27.66	32.98	16.12	21.54	30.08	18.87	21.26	33.24	21.1	28.23	18.38	49.82	37.01	44.64	32.56	15.26	46.27	50.57	33.73	28.43	12.73	27.86	22.67	43.19	38.01	46.62	29.41	27.46	28.28	40.2	18.44	18.25	
49.65	44.72	64.82	62.48	39.46	48.17	21.59	46.62	47.51	51.48	32.76	52.01	44.91	21.21	39.22	50.22	20.02	60.11	39.05	47.17	30.0	18.44	42.52	40.61	37.48	22.36	42.06	62.43	45.25	23.09	14.32	46.69	22.14	59.06	11.4	3.16	44.65	56.36	66.07	29.15	3.16	45.19	8.06	48.6	57.28	22.02	48.51	21.1	30.41	51.01	51.22	34.21	19.03	50.25	35.61	20.52	23.71	36.35	0.0	38.0	59.2	8.6	43.0	23.43	22.8	41.19	38.9	16.76	9.9	65.3	14.14	34.99	25.0	11.7	38.01	65.8	41.11	31.89	52.8	57.49	43.42	20.62	44.05	33.42	30.41	3.16	24.08	18.87	22.47	44.28	6.08	53.67	47.63	47.54	65.44	53.16	57.38	32.45	47.13	18.03	27.59	7.07	27.46	51.26	42.64	23.85	29.68	4.12	18.03	18.11	
18.36	43.86	42.06	41.23	6.08	36.5	17.72	27.0	24.19	22.85	9.22	14.04	10.82	17.26	44.65	29.15	18.03	42.3	9.0	9.85	22.8	38.47	28.64	50.61	28.23	16.49	41.15	38.28	32.56	17.46	34.54	32.25	18.38	31.3	32.28	39.12	39.22	28.64	43.97	15.56	35.01	45.19	30.02	29.02	40.11	16.03	12.21	32.45	26.4	13.04	40.45	10.3	19.03	26.48	32.25	26.93	34.21	48.84	38.0	0.0	37.11	31.4	57.38	29.21	30.0	5.0	45.22	36.67	31.78	43.68	38.63	36.06	23.43	35.74	54.45	46.1	4.24	25.24	42.43	44.01	41.63	29.68	28.28	31.06	27.8	37.12	28.43	24.17	32.2	7.81	32.02	26.0	30.02	48.33	43.01	19.85	43.0	21.1	51.0	25.08	26.17	37.66	12.08	20.59	27.46	22.2	20.62	37.22	41.15	40.25	
20.0	27.29	5.66	4.12	31.05	15.0	40.46	12.73	13.42	15.0	45.54	37.34	27.17	42.01	34.01	9.22	45.8	7.21	45.89	32.0	29.21	46.62	17.0	40.2	22.36	40.61	27.02	4.0	15.52	49.74	47.01	13.6	50.25	9.43	48.26	58.25	22.02	10.44	7.21	32.02	57.49	28.44	53.76	10.63	7.21	44.65	43.01	40.25	29.15	37.22	15.52	47.13	46.4	10.77	26.25	38.83	39.0	42.0	59.2	37.11	0.0	50.61	47.52	36.72	37.59	40.45	35.01	46.52	58.73	6.71	50.09	29.61	34.21	49.74	48.04	9.06	33.54	27.46	16.16	12.81	26.08	39.45	15.26	27.86	29.53	56.61	35.85	40.46	38.91	31.14	55.23	12.04	11.66	30.08	6.4	21.38	11.4	26.91	34.21	41.23	31.91	62.97	36.89	18.03	16.64	35.47	29.73	60.96	49.4	48.47	
41.48	37.34	56.22	53.91	32.02	39.82	14.0	38.01	38.95	43.08	27.73	45.4	37.22	14.14	32.56	41.62	14.32	51.62	34.01	40.01	21.4	13.34	33.97	35.0	29.0	15.03	34.54	53.82	36.8	19.21	8.06	38.18	18.44	50.54	4.0	8.25	36.72	47.85	57.49	20.88	7.21	37.95	6.08	40.0	48.8	16.16	42.72	13.6	21.93	44.41	43.01	29.53	13.42	41.68	27.46	12.04	16.49	31.06	8.6	31.4	50.61	0.0	38.64	15.26	14.76	35.17	32.39	11.18	12.0	56.73	10.3	27.31	16.4	6.71	33.96	57.28	34.06	23.35	44.65	49.2	35.85	12.53	35.47	25.24	22.02	6.32	15.81	10.3	14.87	37.0	6.08	45.19	39.05	40.52	56.85	45.12	49.04	23.85	40.61	9.43	19.1	13.42	20.0	43.01	34.06	15.26	21.1	10.82	14.32	13.93	
54.2	20.22	51.09	48.09	53.76	32.76	43.42	41.23	45.19	51.89	59.36	68.12	55.61	45.18	14.32	43.32	48.33	43.01	64.4	61.07	34.66	25.32	35.34	7.62	31.91	44.78	20.88	51.48	33.84	54.63	30.59	35.74	54.23	54.12	34.71	40.01	25.71	52.81	51.01	41.87	44.1	19.1	44.72	41.44	41.11	49.19	69.31	27.31	31.11	67.36	32.14	61.59	47.93	46.24	26.63	32.65	24.6	8.6	43.0	57.38	47.52	38.64	0.0	29.15	28.65	62.37	13.42	27.46	50.49	50.01	29.07	22.2	34.41	32.25	5.1	48.04	57.28	32.56	32.02	37.01	21.59	29.97	37.16	27.02	29.7	40.01	29.68	36.67	26.83	58.14	44.41	51.62	39.22	18.03	51.04	58.18	38.0	36.8	14.14	36.25	31.24	50.01	46.62	54.12	36.67	36.06	36.8	47.01	25.02	25.08	
32.06	22.56	42.19	39.66	26.83	24.76	14.32	24.7	26.68	32.14	30.23	41.59	30.36	16.16	19.1	28.23	19.65	36.88	35.47	34.93	9.0	11.0	19.72	23.41	14.42	15.65	19.65	40.25	22.02	25.96	10.3	23.6	25.71	38.33	12.04	21.93	21.47	35.9	43.27	13.89	22.47	23.35	20.25	26.4	34.06	20.25	41.4	4.0	7.62	40.71	27.8	32.45	19.42	29.12	12.21	4.0	5.0	20.59	23.43	29.21	36.72	15.26	29.15	0.0	1.0	34.06	19.24	10.2	26.25	42.44	13.6	12.37	5.83	13.04	25.61	42.64	30.02	9.49	29.41	34.06	20.88	2.83	21.47	10.0	7.21	20.52	1.0	8.06	3.16	31.78	21.02	33.54	25.06	26.17	42.72	36.12	33.97	12.0	27.02	8.0	5.1	28.65	17.69	33.0	20.12	7.07	10.2	26.08	14.0	13.0	
33.06	22.8	43.05	40.5	27.73	25.46	14.76	25.63	27.66	33.14	30.81	42.49	31.32	16.55	19.03	29.15	19.92	37.64	36.12	35.85	10.0	10.0	20.59	23.09	15.26	16.12	19.92	41.15	22.8	26.25	9.43	24.41	25.96	39.29	11.4	21.21	21.95	36.88	44.1	14.76	21.95	23.54	19.92	27.31	34.83	20.62	42.2	3.0	8.54	41.59	28.43	33.02	19.65	30.08	12.81	4.12	4.24	20.12	22.8	30.0	37.59	14.76	28.65	1.0	0.0	34.83	19.1	9.22	25.96	43.27	12.65	12.65	6.71	12.21	25.0	43.42	30.89	10.44	30.0	34.71	21.19	2.24	22.36	10.63	8.06	19.85	2.0	8.25	2.24	32.7	20.62	34.53	25.94	26.31	43.57	37.12	34.66	13.0	27.0	8.06	6.08	28.18	18.38	34.0	21.02	7.81	11.18	25.55	13.0	12.0	
20.88	48.75	45.12	44.55	10.2	41.0	21.93	31.14	28.0	25.71	9.49	11.4	13.34	21.19	49.65	33.0	21.21	46.04	5.83	10.0	27.8	43.05	33.24	55.61	33.11	20.62	46.07	41.23	37.11	19.24	38.91	36.67	20.22	33.84	36.4	42.58	44.01	31.32	47.07	20.52	38.12	50.09	33.14	33.06	44.0	19.24	7.62	37.2	31.4	10.44	44.91	9.43	22.2	30.07	37.22	31.62	39.05	53.81	41.19	5.0	40.45	35.17	62.37	34.06	34.83	0.0	50.22	41.18	34.13	46.87	42.95	41.05	28.32	39.92	59.4	49.5	7.0	30.23	46.87	48.17	46.52	34.41	32.76	36.06	32.8	40.61	33.3	28.65	37.01	9.49	35.13	28.86	34.23	53.23	46.1	21.47	47.1	26.08	55.95	29.53	31.14	40.11	16.64	23.09	32.02	27.02	25.61	40.0	45.65	44.78	
40.82	8.54	39.12	36.12	41.11	20.02	33.24	27.86	31.78	38.48	48.33	55.17	42.52	35.17	1.0	30.08	38.83	31.4	52.84	48.1	22.47	20.62	21.93	5.83	18.6	34.48	8.0	39.01	20.62	45.12	24.74	22.56	44.91	41.0	28.44	36.4	13.0	39.56	39.32	30.02	39.05	8.06	38.21	28.16	29.15	39.29	56.85	19.03	18.87	54.45	20.22	50.57	38.64	32.89	13.45	23.19	16.03	7.07	38.9	45.22	35.01	32.39	13.42	19.24	19.1	50.22	0.0	22.14	44.28	38.33	25.08	9.22	23.41	27.2	13.04	36.88	44.69	20.0	20.62	25.96	9.06	21.02	23.77	14.21	17.49	35.74	19.42	27.29	18.0	45.25	38.47	38.28	25.96	9.22	39.2	44.78	26.68	24.21	8.25	27.17	19.7	45.35	35.34	40.71	23.26	25.3	24.7	42.45	21.95	21.47	
42.0	28.3	51.88	49.24	35.44	33.6	19.42	34.79	36.88	42.3	35.47	49.98	39.62	20.62	22.47	38.28	22.67	46.04	41.4	43.68	19.1	2.24	29.55	24.08	24.17	20.81	25.81	50.16	31.38	28.6	3.16	33.12	28.02	48.51	7.28	14.32	29.0	46.1	52.84	22.56	17.12	28.65	17.26	36.4	43.27	24.04	48.76	6.32	17.72	49.04	36.12	37.54	22.02	39.29	20.81	10.2	7.81	20.0	16.76	36.67	46.52	11.18	27.46	10.2	9.22	41.18	22.14	0.0	23.09	51.97	3.61	19.1	15.03	5.1	22.8	51.87	38.28	19.65	37.48	42.52	27.2	8.0	31.38	18.87	17.09	13.6	11.18	12.53	7.62	40.52	17.03	43.74	34.93	30.87	52.35	46.01	42.64	22.09	30.36	11.66	15.3	23.35	24.6	43.05	30.08	15.3	20.0	20.4	4.47	3.61	
46.14	48.76	64.38	62.37	34.54	49.74	18.44	46.01	46.01	48.83	25.0	45.4	40.31	17.2	44.41	49.52	14.32	60.8	31.06	41.48	30.23	25.18	43.01	47.0	38.59	18.6	45.88	61.52	46.32	15.0	20.02	47.43	14.0	57.01	16.0	12.81	47.54	54.2	65.86	26.91	7.21	49.48	6.08	48.17	58.01	16.16	41.0	25.32	31.76	44.41	53.24	26.08	13.42	48.84	38.08	22.47	28.28	43.05	9.9	31.78	58.73	12.0	50.49	26.25	25.96	34.13	44.28	23.09	0.0	65.19	21.59	38.6	25.55	18.25	45.71	66.22	35.44	32.76	55.01	59.17	47.13	23.77	44.2	35.85	32.2	11.66	26.57	19.24	26.48	38.9	6.08	51.4	47.63	52.17	65.12	49.19	58.83	32.02	52.47	18.79	29.07	6.0	23.32	48.02	42.8	23.85	29.21	6.71	25.71	25.5	
26.17	30.07	2.24	2.83	37.64	18.97	47.01	19.21	20.12	21.21	52.2	43.05	33.54	48.6	37.34	15.81	52.43	7.0	52.39	38.12	35.38	51.88	22.8	43.05	28.02	47.2	30.41	6.08	20.59	56.44	52.7	18.87	56.94	14.14	54.2	64.2	25.5	16.0	1.0	38.6	63.7	31.02	60.11	17.03	9.22	51.31	49.04	45.79	35.0	43.01	18.11	53.76	53.01	17.46	31.3	44.82	44.29	45.4	65.3	43.68	6.71	56.73	50.01	42.44	43.27	46.87	38.33	51.97	65.19	0.0	55.57	34.18	40.36	55.47	51.16	3.61	40.02	33.42	18.0	13.15	29.27	45.22	21.26	33.12	35.23	62.63	41.62	46.69	44.42	37.48	61.52	18.11	17.69	32.06	1.41	27.02	12.04	33.24	36.12	47.42	37.8	69.3	43.57	24.08	22.67	41.73	36.07	67.21	54.56	53.67	
45.04	31.62	55.47	52.84	37.85	37.2	21.02	38.28	40.26	45.54	36.62	52.2	42.3	21.95	25.5	41.79	23.43	49.65	42.72	46.1	22.36	4.47	33.11	26.48	27.73	22.36	29.21	53.71	34.99	29.0	4.12	36.72	28.32	51.92	7.07	11.4	32.53	49.48	56.44	25.18	15.03	31.91	16.16	39.92	46.87	25.0	50.57	9.85	21.19	51.24	39.7	38.6	22.67	42.72	24.41	13.0	11.4	22.2	14.14	38.63	50.09	10.3	29.07	13.6	12.65	42.95	25.08	3.61	21.59	55.57	0.0	22.63	18.03	3.61	24.19	55.47	40.52	23.09	41.04	46.1	30.61	11.18	34.93	22.47	20.62	11.05	14.56	14.56	11.18	42.95	15.52	47.07	38.48	34.0	55.95	49.01	46.23	25.32	33.24	13.6	18.68	21.02	26.57	46.17	33.62	18.03	23.09	18.03	4.12	4.0	
32.2	10.2	34.48	31.62	31.89	15.23	25.18	20.22	23.77	30.36	39.56	46.01	33.42	27.17	8.6	23.02	31.06	27.73	43.83	38.95	13.42	18.44	14.14	14.87	9.85	26.31	7.28	33.54	14.14	37.22	20.81	16.12	37.12	34.06	23.71	33.02	9.9	32.25	35.11	21.02	34.44	11.05	32.57	21.02	25.08	31.26	47.63	13.89	9.85	45.28	17.2	41.79	31.02	25.32	4.47	16.28	11.4	14.32	34.99	36.06	29.61	27.31	22.2	12.37	12.65	41.05	9.22	19.1	38.6	34.18	22.63	0.0	15.13	23.6	20.62	33.54	35.47	10.82	18.44	23.6	8.54	14.87	16.12	5.0	8.54	31.91	12.17	20.1	12.53	36.07	33.24	30.59	19.0	14.0	34.79	36.25	23.85	15.0	15.52	20.22	11.18	40.72	26.57	32.31	15.3	17.12	15.65	38.01	20.81	20.0	
27.02	25.0	39.82	37.54	21.02	24.19	10.05	21.63	22.85	27.66	25.06	35.78	24.74	12.04	23.09	25.24	16.0	35.47	30.0	29.15	5.0	16.28	17.69	28.18	13.04	11.18	22.0	37.44	20.81	22.09	14.14	22.02	22.02	34.54	14.32	24.19	22.56	31.95	41.11	8.06	23.35	26.02	20.0	23.6	32.65	16.12	35.61	9.49	6.32	34.89	27.73	27.29	16.03	25.5	13.15	5.1	10.82	25.81	25.0	23.43	34.21	16.4	34.41	5.83	6.71	28.32	23.41	15.03	25.55	40.36	18.03	15.13	0.0	16.49	31.14	41.04	24.19	7.21	29.55	33.62	23.02	7.07	19.1	11.05	7.07	22.47	5.0	6.4	8.94	26.0	21.26	29.41	22.67	29.07	40.46	31.0	33.29	7.62	30.59	7.07	4.0	29.07	12.21	28.16	17.69	2.0	5.1	26.87	19.24	18.25	
43.29	33.12	55.23	52.7	35.36	37.54	18.03	37.58	39.22	44.15	33.29	49.48	40.05	18.79	27.51	41.15	20.0	49.82	39.45	43.57	21.19	7.0	32.76	29.15	27.46	19.31	30.53	53.24	35.0	25.46	2.83	36.62	24.76	50.92	3.61	9.43	33.42	48.38	56.3	23.0	12.04	33.54	12.65	39.36	47.01	21.63	47.54	9.9	20.59	48.51	40.31	35.23	19.21	41.79	24.76	11.4	12.21	25.02	11.7	35.74	49.74	6.71	32.25	13.04	12.21	39.92	27.2	5.1	18.25	55.47	3.61	23.6	16.49	0.0	27.46	55.61	37.85	22.36	41.77	46.67	31.91	10.3	34.48	22.67	20.25	8.54	13.89	12.04	11.31	40.45	12.17	45.88	38.08	35.85	55.76	47.17	46.69	24.04	35.44	11.05	17.89	18.25	23.77	44.55	33.12	16.12	21.59	15.3	7.62	7.28	
52.8	21.1	52.04	49.04	51.22	33.06	39.66	40.52	44.27	50.92	55.8	65.8	53.54	41.34	14.04	42.95	44.29	44.18	61.07	58.82	32.02	20.62	34.48	8.25	30.46	41.05	21.02	52.04	33.54	50.54	25.96	35.51	50.09	53.94	30.08	35.0	26.02	52.39	52.15	38.9	39.2	20.22	40.02	41.0	42.05	45.28	66.53	23.32	28.6	65.0	33.06	58.01	43.83	45.61	25.08	28.84	20.81	6.32	38.01	54.45	48.04	33.96	5.1	25.61	25.0	59.4	13.04	22.8	45.71	51.16	24.19	20.62	31.14	27.46	0.0	49.5	54.67	30.23	33.24	38.47	22.0	26.08	36.4	25.06	27.2	35.06	26.25	32.76	23.02	55.8	39.62	50.96	38.83	19.92	52.09	56.86	39.32	34.41	16.55	32.25	28.32	45.04	43.28	52.92	35.74	32.65	34.06	42.05	20.1	20.22	
29.02	28.44	5.83	5.0	40.02	18.36	48.26	20.59	22.14	24.02	54.41	46.17	36.22	49.93	35.9	17.46	53.85	5.83	54.92	41.01	36.12	51.62	23.35	41.3	28.32	48.55	29.12	9.49	20.62	58.14	52.8	19.1	58.59	17.46	54.56	64.54	24.35	19.1	4.24	39.96	64.35	29.27	60.96	18.36	8.6	52.84	52.0	45.8	35.38	46.1	16.76	56.04	54.38	19.65	31.06	45.28	44.1	43.93	65.8	46.1	9.06	57.28	48.04	42.64	43.42	49.5	36.88	51.87	66.22	3.61	55.47	33.54	41.04	55.61	49.5	0.0	42.58	33.94	16.28	11.05	27.89	45.45	22.02	33.02	35.47	63.03	41.87	47.42	44.41	40.2	62.29	21.0	18.6	30.02	5.0	30.15	10.2	34.21	34.0	48.1	38.21	70.09	45.18	27.0	23.43	42.52	37.01	67.9	54.2	53.34	
14.32	42.54	38.33	37.66	3.61	34.21	20.1	24.19	21.0	18.97	13.45	11.7	6.71	20.0	44.05	26.0	21.38	39.05	12.37	6.08	22.67	39.92	26.57	50.25	26.93	19.03	39.96	34.48	30.36	21.47	36.4	29.83	22.36	27.31	34.53	42.0	37.58	24.7	40.26	16.12	38.21	43.91	33.24	26.08	37.0	19.42	12.21	33.54	26.17	10.77	38.08	14.42	22.36	23.09	31.4	28.23	34.99	48.84	41.11	4.24	33.54	34.06	57.28	30.02	30.89	7.0	44.69	38.28	35.44	40.02	40.52	35.47	24.19	37.85	54.67	42.58	0.0	24.76	40.02	41.19	40.31	30.87	25.96	30.48	27.59	40.0	29.15	25.96	33.12	3.61	35.23	22.14	27.29	47.01	39.29	15.62	40.11	20.52	49.93	26.93	26.4	41.23	14.14	16.55	25.3	23.26	20.62	40.61	42.72	41.79	
23.54	19.42	33.02	30.61	21.21	17.0	16.28	15.23	17.26	23.0	29.12	35.61	23.32	18.25	19.42	18.79	22.36	28.32	33.11	28.6	3.0	20.22	10.63	25.5	5.83	17.12	16.49	30.89	13.6	28.07	19.7	14.87	28.16	28.86	20.81	30.81	16.03	26.48	34.21	10.44	30.41	20.62	27.2	17.0	25.5	22.09	36.88	13.34	2.0	34.83	20.62	31.32	22.56	19.65	7.28	11.4	13.0	24.21	31.89	25.24	27.46	23.35	32.56	9.49	10.44	30.23	20.0	19.65	32.76	33.42	23.09	10.82	7.21	22.36	30.23	33.94	24.76	0.0	22.47	26.42	17.26	12.08	12.21	5.83	3.16	29.21	8.54	13.6	12.17	25.61	28.43	24.19	15.81	23.77	33.6	27.66	26.08	4.24	26.0	14.21	4.47	36.24	16.28	24.19	10.82	8.94	5.1	33.97	23.19	22.2	
30.02	12.17	19.1	16.12	36.67	6.0	38.6	16.16	20.12	25.81	49.0	47.42	35.11	40.52	19.65	15.81	44.64	11.0	51.35	40.85	25.3	36.88	14.0	25.08	16.76	39.29	13.0	19.92	10.0	50.01	38.95	10.2	50.22	24.41	41.4	51.09	8.6	24.08	19.0	31.4	51.87	13.04	49.24	14.76	9.22	44.15	51.55	31.89	23.26	47.01	2.0	51.01	44.92	19.42	17.2	32.76	29.7	27.66	52.8	42.43	16.16	44.65	32.02	29.41	30.0	46.87	20.62	37.48	55.01	18.0	41.04	18.44	29.55	41.77	33.24	16.28	40.02	22.47	0.0	5.39	11.7	32.2	14.14	19.42	22.83	49.82	28.84	35.78	30.48	38.9	50.25	24.08	13.0	14.14	19.03	33.02	6.08	24.52	18.25	36.24	25.94	57.98	37.34	28.84	15.03	31.38	26.93	55.47	39.2	38.42	
29.73	17.46	14.56	11.7	38.05	9.43	42.15	17.03	20.4	25.08	51.24	47.43	35.69	44.01	25.0	15.52	48.1	6.32	53.01	41.23	29.07	42.01	16.76	30.27	20.59	42.72	18.38	16.12	13.0	53.16	43.84	12.37	53.45	21.93	46.1	55.9	13.89	22.2	14.14	34.48	56.4	18.25	53.54	15.13	5.66	47.43	52.17	36.77	27.46	47.13	6.4	53.15	48.47	18.97	21.93	37.2	34.71	32.98	57.49	44.01	12.81	49.2	37.01	34.06	34.71	48.17	25.96	42.52	59.17	13.15	46.1	23.6	33.62	46.67	38.47	11.05	41.19	26.42	5.39	0.0	17.09	36.88	16.28	24.08	27.2	54.56	33.42	39.96	35.36	39.62	54.64	22.83	14.0	19.0	14.32	32.2	1.41	27.86	23.02	40.5	30.23	62.43	40.26	28.23	17.46	35.36	30.46	60.0	44.41	43.6	
34.06	2.24	30.07	27.07	36.72	11.18	33.0	20.25	24.41	31.06	46.32	49.82	37.01	35.0	8.06	21.93	39.01	22.36	49.98	42.8	20.22	26.25	14.87	14.14	13.42	34.01	1.41	30.07	12.53	45.01	29.15	14.32	45.0	32.57	32.2	41.34	4.12	31.38	30.27	27.66	42.95	3.61	41.11	20.12	20.1	39.01	52.48	22.36	17.03	49.2	11.18	48.51	39.05	25.06	10.05	24.74	19.72	16.12	43.42	41.63	26.08	35.85	21.59	20.88	21.19	46.52	9.06	27.2	47.13	29.27	30.61	8.54	23.02	31.91	22.0	27.89	40.31	17.26	11.7	17.09	0.0	23.41	16.4	12.0	16.0	40.31	20.62	28.44	21.02	40.22	41.79	30.41	17.89	6.71	30.15	37.8	17.72	20.88	9.9	28.64	19.03	49.24	33.54	33.6	16.28	25.02	22.36	46.52	28.28	27.59	
34.0	25.0	44.94	42.44	27.86	27.59	13.6	27.31	29.12	34.37	29.83	42.54	31.78	15.26	21.0	30.87	18.38	39.7	35.36	36.06	11.18	9.22	22.47	24.74	17.2	15.0	22.14	42.94	24.84	24.7	7.62	26.4	24.35	40.8	9.22	19.1	24.19	38.33	46.04	14.87	19.72	25.71	17.72	29.07	36.88	19.24	41.88	2.83	10.3	41.63	30.61	32.02	18.03	31.62	15.0	2.83	5.39	21.54	20.62	29.68	39.45	12.53	29.97	2.83	2.24	34.41	21.02	8.0	23.77	45.22	11.18	14.87	7.07	10.3	26.08	45.45	30.87	12.08	32.2	36.88	23.41	0.0	24.19	12.81	10.0	17.69	3.61	6.71	3.16	32.89	18.38	35.9	27.78	28.44	45.49	38.01	36.8	14.14	29.02	6.32	7.62	25.94	17.8	35.06	22.83	7.62	12.0	23.32	12.17	11.18	
17.69	18.44	20.81	18.44	22.56	8.25	26.42	4.12	8.06	14.76	35.06	34.13	21.47	28.18	22.85	7.07	32.2	16.64	37.22	27.29	14.14	31.62	2.0	29.55	7.28	26.83	16.64	18.79	4.47	37.0	31.76	4.0	37.34	18.0	33.02	43.01	12.73	16.12	22.02	18.38	42.45	19.85	38.95	5.1	13.89	31.38	37.7	25.08	13.89	33.62	12.17	37.01	32.65	9.22	12.0	23.6	24.04	30.08	44.05	28.28	15.26	35.47	37.16	21.47	22.36	32.76	23.77	31.38	44.2	21.26	34.93	16.12	19.1	34.48	36.4	22.02	25.96	12.21	14.14	16.28	16.4	24.19	0.0	13.15	14.32	41.4	20.59	25.46	23.77	25.08	40.31	14.56	3.61	22.63	21.4	21.4	15.52	12.21	26.25	26.17	16.64	48.1	24.04	17.2	1.41	20.52	15.0	45.97	34.48	33.53	
27.86	14.04	33.11	30.41	26.91	14.87	21.0	17.03	20.1	26.48	34.79	41.11	28.6	23.0	13.6	20.22	27.02	27.2	38.91	34.06	8.54	18.79	11.18	19.8	6.0	22.02	11.05	31.62	12.53	33.02	19.85	14.32	33.0	31.06	22.02	31.83	11.7	29.0	34.0	16.16	32.45	15.13	29.97	18.25	24.41	27.02	42.64	12.81	5.1	40.36	17.8	37.0	27.07	22.0	2.24	13.42	11.18	18.87	33.42	31.06	27.86	25.24	27.02	10.0	10.63	36.06	14.21	18.87	35.85	33.12	22.47	5.0	11.05	22.67	25.06	33.02	30.48	5.83	19.42	24.08	12.0	12.81	13.15	0.0	4.0	30.48	9.43	16.76	11.4	31.14	30.89	27.07	16.49	18.25	33.54	31.95	24.04	10.0	20.25	17.09	7.07	38.59	21.84	28.16	12.04	13.04	10.77	36.06	21.54	20.62	
26.68	18.03	34.99	32.45	24.08	17.8	17.0	17.72	20.1	26.02	31.02	38.6	26.42	19.0	17.0	21.19	23.02	29.73	35.36	31.62	5.0	17.46	12.53	22.8	7.21	18.03	15.03	33.11	14.87	29.02	17.49	16.4	29.0	31.58	19.1	29.07	15.52	29.27	36.06	12.53	29.21	19.1	26.42	19.31	26.91	23.02	39.62	10.77	1.41	37.8	21.1	33.24	23.09	22.36	6.08	10.0	10.05	21.26	30.41	27.8	29.53	22.02	29.7	7.21	8.06	32.8	17.49	17.09	32.2	35.23	20.62	8.54	7.07	20.25	27.2	35.47	27.59	3.16	22.83	27.2	16.0	10.0	14.32	4.0	0.0	27.59	6.4	13.0	9.49	28.6	27.46	27.07	17.89	22.2	35.51	30.81	27.02	7.21	24.04	13.42	3.16	35.23	18.03	27.29	13.0	9.06	7.21	32.8	20.4	19.42	
47.8	41.59	62.2	59.82	38.12	45.28	20.1	44.1	45.18	49.4	32.57	51.16	43.42	20.0	36.06	47.71	19.42	57.31	38.9	46.01	27.46	15.3	39.82	37.48	34.71	21.02	38.95	59.91	42.45	23.26	11.18	43.93	22.36	56.8	8.49	2.0	41.62	54.13	63.41	27.2	4.47	42.05	8.06	46.04	54.49	21.38	48.05	18.03	27.66	50.16	48.27	34.18	18.44	47.89	32.65	17.8	20.59	33.24	3.16	37.12	56.61	6.32	40.01	20.52	19.85	40.61	35.74	13.6	11.66	62.63	11.05	31.91	22.47	8.54	35.06	63.03	40.0	29.21	49.82	54.56	40.31	17.69	41.4	30.48	27.59	0.0	21.21	16.55	19.42	43.05	6.4	51.48	45.0	44.38	62.8	51.42	54.49	30.02	43.97	15.65	24.84	10.0	26.08	49.34	40.0	21.47	27.29	7.0	15.0	15.03	
31.06	22.36	41.34	38.83	25.94	24.08	13.93	23.77	25.71	31.14	29.68	40.71	29.41	15.81	19.24	27.31	19.42	36.12	34.83	34.01	8.0	12.0	18.87	23.77	13.6	15.23	19.42	39.36	21.26	25.71	11.18	22.8	25.5	37.36	12.73	22.67	21.02	34.93	42.44	13.04	23.02	23.19	20.62	25.5	33.3	19.92	40.61	5.0	6.71	39.82	27.2	31.91	19.24	28.16	11.66	4.12	5.83	21.1	24.08	28.43	35.85	15.81	29.68	1.0	2.0	33.3	19.42	11.18	26.57	41.62	14.56	12.17	5.0	13.89	26.25	41.87	29.15	8.54	28.84	33.42	20.62	3.61	20.59	9.43	6.4	21.21	0.0	8.0	4.12	30.87	21.47	32.56	24.19	26.08	41.88	35.13	33.3	11.0	27.07	8.06	4.12	29.15	17.03	32.0	19.24	6.4	9.22	26.63	15.0	14.0	
31.58	30.27	46.1	43.86	23.35	30.53	7.07	27.8	28.65	32.89	23.35	37.64	28.02	8.6	27.17	31.4	11.7	41.87	29.07	31.58	11.31	14.42	24.08	31.32	19.42	8.49	27.29	43.6	27.2	18.03	10.44	28.43	17.72	40.25	9.06	18.38	28.46	37.58	47.42	11.05	17.03	31.14	13.6	29.83	39.05	12.53	36.24	9.43	12.53	36.69	34.0	25.5	11.4	31.38	18.97	4.12	12.08	28.23	18.87	24.17	40.46	10.3	36.67	8.06	8.25	28.65	27.29	12.53	19.24	46.69	14.56	20.1	6.4	12.04	32.76	47.42	25.96	13.6	35.78	39.96	28.44	6.71	25.46	16.76	13.0	16.55	8.0	0.0	9.85	28.44	14.87	34.93	29.0	34.06	46.75	35.36	39.66	13.6	35.06	1.0	9.85	22.67	12.08	32.98	24.04	5.0	10.82	20.52	17.0	16.12	
35.13	22.47	44.29	41.68	29.97	26.25	16.64	27.2	29.43	35.06	32.8	44.72	33.53	18.36	18.03	30.68	21.54	38.6	38.21	38.08	12.04	8.06	21.93	21.59	16.55	18.03	19.7	42.54	23.85	27.86	8.49	25.55	27.51	41.0	11.18	20.62	22.2	38.64	45.28	17.0	21.93	23.09	20.4	28.79	35.81	22.36	44.41	1.41	10.2	43.83	29.0	35.0	21.19	31.78	13.45	5.83	2.24	18.38	22.47	32.2	38.91	14.87	26.83	3.16	2.24	37.01	18.0	7.62	26.48	44.42	11.18	12.53	8.94	11.31	23.02	44.41	33.12	12.17	30.48	35.36	21.02	3.16	23.77	11.4	9.49	19.42	4.12	9.85	0.0	34.93	20.88	36.35	27.31	25.71	44.78	39.2	35.38	15.03	26.08	9.49	8.0	28.23	20.52	36.01	22.47	10.0	13.34	25.5	11.05	10.05	
11.4	42.44	35.69	35.23	5.1	33.24	23.0	22.8	19.24	16.28	16.97	10.0	4.0	23.09	44.55	24.19	24.74	37.01	15.23	3.16	23.85	42.06	25.94	50.93	27.02	22.02	40.0	31.78	29.55	25.06	38.83	28.79	25.94	24.35	37.22	45.04	37.22	21.84	37.66	18.03	41.44	43.83	36.5	24.52	35.13	22.8	12.65	35.47	27.2	9.22	37.0	17.8	25.71	21.02	31.83	30.36	36.67	49.82	44.28	7.81	31.14	37.0	58.14	31.78	32.7	9.49	45.25	40.52	38.9	37.48	42.95	36.07	26.0	40.45	55.8	40.2	3.61	25.61	38.9	39.62	40.22	32.89	25.08	31.14	28.6	43.05	30.87	28.44	34.93	0.0	38.47	19.42	25.96	46.87	36.67	12.21	38.47	21.4	50.0	29.43	27.78	44.64	17.0	13.6	24.6	25.3	21.95	43.93	44.92	43.97	
44.38	43.32	60.88	58.69	33.73	45.22	16.16	42.52	43.01	46.53	26.68	46.0	39.29	15.52	38.64	46.1	14.0	56.73	32.98	41.3	26.17	19.1	38.95	41.01	34.21	16.76	40.5	58.26	42.01	17.09	14.0	43.28	16.16	54.38	10.05	8.06	42.49	51.62	62.24	24.19	3.0	43.97	2.0	44.6	53.91	16.0	42.43	19.65	27.2	45.0	48.55	28.16	13.0	45.8	33.12	17.49	22.56	37.01	6.08	32.02	55.23	6.08	44.41	21.02	20.62	35.13	38.47	17.03	6.08	61.52	15.52	33.24	21.26	12.17	39.62	62.29	35.23	28.43	50.25	54.64	41.79	18.38	40.31	30.89	27.46	6.4	21.47	14.87	20.88	38.47	0.0	48.88	43.84	46.57	61.55	47.76	54.41	28.32	46.69	14.21	24.41	7.81	21.84	46.1	38.9	19.8	25.5	5.83	19.65	19.42	
8.06	32.25	16.28	16.0	20.12	20.0	33.02	10.44	7.0	3.16	34.89	25.32	15.52	34.21	37.34	8.6	37.54	18.68	34.48	20.02	24.74	44.41	16.49	44.01	21.1	32.8	30.87	12.37	17.89	40.46	43.42	16.12	41.11	5.66	43.66	53.31	26.42	2.83	18.25	24.7	51.48	33.62	47.17	10.3	17.46	36.07	31.0	37.48	26.17	25.18	22.63	36.25	38.29	5.39	26.31	34.48	37.12	44.64	53.67	26.0	12.04	45.19	51.62	33.54	34.53	28.86	38.28	43.74	51.4	18.11	47.07	30.59	29.41	45.88	50.96	21.0	22.14	24.19	24.08	22.83	30.41	35.9	14.56	27.07	27.07	51.48	32.56	34.93	36.35	19.42	48.88	0.0	12.53	36.06	17.26	9.49	21.47	21.84	39.96	35.85	28.44	56.3	28.32	6.0	15.3	30.08	24.35	54.71	47.38	46.39	
17.2	19.72	17.2	14.87	24.08	7.81	29.68	3.16	7.21	13.45	37.34	34.44	22.14	31.38	25.0	4.12	35.36	13.42	39.01	27.86	17.69	35.11	5.39	31.62	10.77	30.02	18.38	15.23	5.39	39.92	35.36	3.61	40.31	15.13	36.62	46.62	13.89	13.6	18.44	21.47	46.01	21.1	42.45	2.24	10.77	34.44	38.6	28.64	17.49	34.01	11.18	39.2	35.85	7.21	15.13	27.2	27.51	32.56	47.63	30.02	11.66	39.05	39.22	25.06	25.94	34.23	25.96	34.93	47.63	17.69	38.48	19.0	22.67	38.08	38.83	18.6	27.29	15.81	13.0	14.0	17.89	27.78	3.61	16.49	17.89	45.0	24.19	29.0	27.31	25.96	43.84	12.53	0.0	23.6	17.8	20.52	13.04	15.62	27.46	29.73	20.25	51.62	26.93	16.28	5.0	24.04	18.44	49.52	37.95	37.0	
40.31	4.47	33.24	30.27	43.42	16.12	39.12	26.25	30.48	37.01	52.89	56.4	43.6	41.11	8.6	27.46	45.04	25.08	56.65	49.41	26.68	29.53	21.26	11.7	20.12	40.2	7.28	33.96	18.44	51.16	33.24	20.0	51.09	37.58	36.69	45.19	9.9	36.72	33.06	34.21	47.43	3.16	46.1	25.81	23.35	45.18	59.17	26.93	23.35	55.8	14.56	55.08	45.01	30.81	16.49	30.15	24.04	15.26	47.54	48.33	30.08	40.52	18.03	26.17	26.31	53.23	9.22	30.87	52.17	32.06	34.0	14.0	29.07	35.85	19.92	30.02	47.01	23.77	14.14	19.0	6.71	28.44	22.63	18.25	22.2	44.38	26.08	34.06	25.71	46.87	46.57	36.06	23.6	0.0	33.14	43.93	20.02	27.51	4.12	34.13	25.08	53.76	40.02	39.7	22.67	31.06	28.86	50.92	31.06	30.53	
25.32	31.02	1.0	3.16	37.0	19.65	46.86	19.1	19.72	20.4	51.62	42.01	32.76	48.41	38.21	15.62	52.2	8.06	51.66	37.22	35.47	52.33	23.02	44.01	28.3	47.01	31.26	5.0	21.02	56.08	53.0	19.24	56.6	13.04	54.41	64.4	26.31	15.03	1.0	38.42	63.78	32.0	60.11	16.97	10.05	51.04	48.09	46.14	35.23	42.0	19.03	53.14	52.8	17.0	31.78	45.0	44.72	46.27	65.44	43.01	6.4	56.85	51.04	42.72	43.57	46.1	39.2	52.35	65.12	1.41	55.95	34.79	40.46	55.76	52.09	5.0	39.29	33.6	19.03	14.32	30.15	45.49	21.4	33.54	35.51	62.8	41.88	46.75	44.78	36.67	61.55	17.26	17.8	33.14	0.0	26.0	13.15	33.24	37.22	47.51	38.01	69.31	43.27	23.19	22.8	41.77	36.07	67.27	55.04	54.13	
4.12	39.82	25.0	25.18	15.0	28.32	31.62	17.69	13.45	7.21	29.07	16.03	9.22	32.31	43.91	17.2	34.89	28.16	27.29	11.7	27.17	47.1	23.02	50.61	26.4	31.02	38.01	21.0	25.5	36.4	45.04	24.04	37.2	13.04	44.41	53.37	34.06	11.05	27.0	24.33	50.6	41.23	45.88	18.44	26.93	33.12	22.2	40.11	29.61	16.0	31.4	30.0	35.78	13.6	31.78	36.01	40.45	50.57	53.16	19.85	21.38	45.12	58.18	36.12	37.12	21.47	44.78	46.01	49.19	27.02	49.01	36.25	31.0	47.17	56.86	30.15	15.62	27.66	33.02	32.2	37.8	38.01	21.4	31.95	30.81	51.42	35.13	35.36	39.2	12.21	47.76	9.49	20.52	43.93	26.0	0.0	30.87	24.19	47.63	36.35	31.26	54.63	26.0	4.24	21.63	31.06	26.02	53.49	50.09	49.09	
28.46	18.25	13.34	10.44	37.01	9.22	41.63	16.0	19.24	23.77	50.36	46.17	34.53	43.46	25.71	14.32	47.54	5.1	52.0	40.02	28.65	42.2	16.16	31.14	20.25	42.15	18.97	14.76	12.53	52.5	43.86	11.7	52.81	20.52	46.01	55.87	14.32	20.81	13.04	33.84	56.22	19.1	53.25	14.04	4.24	46.82	50.99	36.8	27.2	45.88	6.71	52.24	47.93	17.72	21.93	37.01	34.83	33.73	57.38	43.0	11.4	49.04	38.0	33.97	34.66	47.1	26.68	42.64	58.83	12.04	46.23	23.85	33.29	46.69	39.32	10.2	40.11	26.08	6.08	1.41	17.72	36.8	15.52	24.04	27.02	54.49	33.3	39.66	35.38	38.47	54.41	21.47	13.04	20.02	13.15	30.87	0.0	27.31	24.08	40.22	30.0	62.2	39.56	26.93	16.76	34.99	29.97	59.82	44.65	43.83	
20.1	23.09	32.56	30.41	16.97	18.68	14.32	14.21	15.23	20.22	25.5	31.4	19.24	16.16	23.6	17.8	20.25	28.84	29.15	24.41	3.0	23.0	11.18	29.73	8.0	14.87	20.25	30.0	14.87	25.5	21.59	15.65	25.71	26.93	21.93	31.76	19.1	24.35	33.94	7.0	30.61	24.35	26.87	16.28	26.08	19.65	32.65	16.0	5.83	30.61	22.56	27.66	20.62	17.89	11.18	12.65	16.28	28.43	32.45	21.1	26.91	23.85	36.8	12.0	13.0	26.08	24.21	22.09	32.02	33.24	25.32	15.0	7.62	24.04	34.41	34.21	20.52	4.24	24.52	27.86	20.88	14.14	12.21	10.0	7.21	30.02	11.0	13.6	15.03	21.4	28.32	21.84	15.62	27.51	33.24	24.19	27.31	0.0	29.97	14.42	7.07	36.07	13.0	21.0	10.82	8.6	2.83	34.06	26.0	25.0	
43.93	7.81	37.34	34.37	46.32	20.12	40.61	30.0	34.21	40.8	55.03	59.67	46.86	42.58	8.06	31.38	46.39	29.15	59.09	52.63	28.79	28.79	24.76	8.6	23.02	41.77	10.0	38.08	22.2	52.61	32.98	23.85	52.47	41.63	36.67	44.6	13.6	40.71	37.12	36.4	47.3	6.4	46.39	29.68	27.46	46.69	62.13	27.17	25.3	59.03	18.68	57.25	46.27	34.67	18.79	31.02	24.19	12.73	47.13	51.0	34.21	40.61	14.14	27.02	27.0	55.95	8.25	30.36	52.47	36.12	33.24	15.52	30.59	35.44	16.55	34.0	49.93	26.0	18.25	23.02	9.9	29.02	26.25	20.25	24.04	43.97	27.07	35.06	26.08	50.0	46.69	39.96	27.46	4.12	37.22	47.63	24.08	29.97	0.0	35.01	26.68	53.6	42.06	43.42	26.17	32.56	31.02	50.7	29.97	29.55	
32.56	30.41	46.86	44.6	24.33	31.06	7.81	28.6	29.53	33.84	24.04	38.6	29.02	9.22	27.07	32.2	12.08	42.52	29.83	32.56	12.04	13.6	24.76	31.05	20.0	9.22	27.46	44.41	27.8	18.38	9.49	29.07	18.03	41.15	8.06	17.46	28.79	38.48	48.17	12.04	16.28	31.26	13.04	30.61	39.7	13.04	37.12	8.94	13.04	37.64	34.48	26.17	11.7	32.25	19.31	4.0	11.7	27.86	18.03	25.08	41.23	9.43	36.25	8.0	8.06	29.53	27.17	11.66	18.79	47.42	13.6	20.22	7.07	11.05	32.25	48.1	26.93	14.21	36.24	40.5	28.64	6.32	26.17	17.09	13.42	15.65	8.06	1.0	9.49	29.43	14.21	35.85	29.73	34.13	47.51	36.35	40.22	14.42	35.01	0.0	10.3	22.02	13.0	33.96	24.76	5.83	11.66	19.8	16.12	15.26	
27.17	21.0	37.44	35.0	23.02	20.81	14.04	19.7	21.59	27.07	28.64	37.74	26.0	16.03	19.31	23.26	20.0	32.53	33.29	30.89	4.12	16.03	15.0	24.7	9.9	15.13	18.0	35.36	17.69	26.08	15.23	19.1	26.02	33.24	16.4	26.4	18.68	30.81	38.6	10.63	26.25	22.02	23.32	21.47	29.7	20.1	38.21	9.06	2.83	36.89	24.19	30.87	20.02	24.04	9.22	7.07	9.22	22.67	27.59	26.17	31.91	19.1	31.24	5.1	6.08	31.14	19.7	15.3	29.07	37.8	18.68	11.18	4.0	17.89	28.32	38.21	26.4	4.47	25.94	30.23	19.03	7.62	16.64	7.07	3.16	24.84	4.12	9.85	8.0	27.78	24.41	28.44	20.25	25.08	38.01	31.26	30.0	7.07	26.68	10.3	0.0	32.2	15.65	28.02	15.26	6.0	5.83	29.83	19.03	18.03	
51.43	50.7	68.62	66.47	40.16	53.01	23.32	50.25	50.61	53.85	31.0	51.35	45.88	22.36	45.61	53.81	19.92	64.54	37.05	47.3	33.97	25.18	46.75	47.38	42.01	23.71	47.93	65.95	49.82	21.0	20.62	51.09	20.0	61.85	17.09	10.2	50.12	59.08	70.01	31.62	6.32	51.26	9.22	52.35	61.72	21.84	47.0	26.93	35.0	50.36	56.3	32.06	18.97	53.41	40.82	25.24	29.73	43.19	7.07	37.66	62.97	13.42	50.01	28.65	28.18	40.11	45.35	23.35	6.0	69.3	21.02	40.72	29.07	18.25	45.04	70.09	41.23	36.24	57.98	62.43	49.24	25.94	48.1	38.59	35.23	10.0	29.15	22.67	28.23	44.64	7.81	56.3	51.62	53.76	69.31	54.63	62.2	36.07	53.6	22.02	32.2	0.0	28.64	53.24	46.69	27.59	33.24	3.0	25.0	25.02	
22.83	35.69	42.44	40.82	12.04	31.4	6.0	24.6	23.6	25.61	13.0	25.71	17.46	6.32	34.93	27.78	9.22	40.31	17.8	20.02	13.34	26.42	23.54	40.31	21.0	5.1	32.76	39.2	27.46	13.0	22.47	27.89	13.42	33.97	20.4	28.07	32.06	31.14	44.1	6.0	24.74	36.88	19.92	26.83	37.7	7.81	24.19	20.62	16.76	24.74	35.36	15.23	10.0	26.4	23.54	15.0	22.63	38.01	27.46	12.08	36.89	20.0	46.62	17.69	18.38	16.64	35.34	24.6	23.32	43.57	26.57	26.57	12.21	23.77	43.28	45.18	14.14	16.28	37.34	40.26	33.54	17.8	24.04	21.84	18.03	26.08	17.03	12.08	20.52	17.0	21.84	28.32	26.93	40.02	43.27	26.0	39.56	13.0	42.06	13.0	15.65	28.64	0.0	24.7	22.8	10.63	11.18	27.51	29.07	28.18	
2.24	35.61	22.2	22.0	15.0	24.08	29.97	13.45	9.22	3.16	29.68	19.42	9.85	30.89	39.82	13.04	33.84	24.52	28.79	14.04	24.0	44.0	18.87	46.53	22.47	29.53	33.84	18.25	21.26	36.07	42.3	19.8	36.8	10.77	41.98	51.24	29.83	8.25	24.19	22.14	48.85	37.01	44.28	14.21	23.09	32.2	25.0	37.0	26.17	19.24	27.2	30.89	34.67	9.43	27.86	33.24	37.12	46.62	51.26	20.59	18.03	43.01	54.12	33.0	34.0	23.09	40.71	43.05	48.02	24.08	46.17	32.31	28.16	44.55	52.92	27.0	16.55	24.19	28.84	28.23	33.6	35.06	17.2	28.16	27.29	49.34	32.0	32.98	36.01	13.6	46.1	6.0	16.28	39.7	23.19	4.24	26.93	21.0	43.42	33.96	28.02	53.24	24.7	0.0	17.49	28.44	23.09	51.89	47.0	46.0	
17.8	18.38	22.2	19.85	21.84	9.06	25.06	5.0	8.54	15.23	34.01	33.84	21.1	26.83	22.36	8.25	30.87	18.03	36.35	26.93	12.73	30.36	1.41	29.07	6.08	25.5	16.4	20.12	5.1	35.74	30.41	5.1	36.06	19.03	31.62	41.62	12.81	17.03	23.43	17.09	41.04	19.8	37.54	6.32	15.26	30.08	37.16	23.77	12.53	33.29	13.04	36.0	31.3	10.05	11.05	22.2	22.8	29.41	42.64	27.46	16.64	34.06	36.67	20.12	21.02	32.02	23.26	30.08	42.8	22.67	33.62	15.3	17.69	33.12	35.74	23.43	25.3	10.82	15.03	17.46	16.28	22.83	1.41	12.04	13.0	40.0	19.24	24.04	22.47	24.6	38.9	15.3	5.0	22.67	22.8	21.63	16.76	10.82	26.17	24.76	15.26	46.69	22.8	17.49	0.0	19.1	13.6	44.55	33.24	32.28	
27.17	27.0	41.11	38.9	20.25	25.94	8.06	22.8	23.71	28.16	23.32	34.93	24.33	10.05	25.0	26.4	14.0	37.01	28.43	28.46	6.4	16.76	19.21	29.97	14.76	9.22	24.0	38.6	22.47	20.1	14.0	23.6	20.02	35.34	13.6	23.26	24.52	32.7	42.45	7.28	22.02	28.02	18.44	24.84	34.21	14.14	34.41	10.3	8.25	34.01	29.55	25.55	14.04	26.42	15.13	5.1	12.04	27.46	23.85	22.2	35.47	15.26	36.06	7.07	7.81	27.02	25.3	15.3	23.85	41.73	18.03	17.12	2.0	16.12	32.65	42.52	23.26	8.94	31.38	35.36	25.02	7.62	20.52	13.04	9.06	21.47	6.4	5.0	10.0	25.3	19.8	30.08	24.04	31.06	41.77	31.06	34.99	8.6	32.56	5.83	6.0	27.59	10.63	28.44	19.1	0.0	5.83	25.5	19.65	18.68	
22.0	24.52	35.38	33.24	17.2	21.19	11.7	17.03	17.89	22.56	24.04	31.91	20.25	13.6	24.19	20.62	17.72	31.62	28.18	25.06	2.24	21.1	13.89	30.0	10.2	12.37	21.59	32.8	17.46	23.19	19.24	18.36	23.35	29.55	19.31	29.07	21.0	26.93	36.77	5.39	27.8	25.71	24.04	19.1	28.84	17.26	32.53	14.14	5.83	31.06	25.0	26.25	18.03	20.59	12.37	10.2	14.87	28.28	29.68	20.62	29.73	21.1	36.8	10.2	11.18	25.61	24.7	20.0	29.21	36.07	23.09	15.65	5.1	21.59	34.06	37.01	20.62	5.1	26.93	30.46	22.36	12.0	15.0	10.77	7.21	27.29	9.22	10.82	13.34	21.95	25.5	24.35	18.44	28.86	36.07	26.02	29.97	2.83	31.02	11.66	5.83	33.24	11.18	23.09	13.6	5.83	0.0	31.24	24.08	23.09	
50.16	47.93	66.6	64.38	39.29	50.61	21.93	48.27	48.83	52.35	31.14	51.09	44.92	21.19	42.72	51.86	19.24	62.29	37.34	46.69	31.83	22.2	44.55	44.41	39.7	22.47	45.19	64.03	47.51	21.21	17.72	48.84	20.22	60.21	14.32	7.28	47.51	57.45	67.94	30.02	3.61	48.47	7.62	50.33	59.46	21.21	47.1	24.17	32.65	50.09	53.82	32.39	18.25	51.61	38.28	22.8	26.93	40.2	4.12	37.22	60.96	10.82	47.01	26.08	25.55	40.0	42.45	20.4	6.71	67.21	18.03	38.01	26.87	15.3	42.05	67.9	40.61	33.97	55.47	60.0	46.52	23.32	45.97	36.06	32.8	7.0	26.63	20.52	25.5	43.93	5.83	54.71	49.52	50.92	67.27	53.49	59.82	34.06	50.7	19.8	29.83	3.0	27.51	51.89	44.55	25.5	31.24	0.0	22.0	22.02	
46.04	29.07	54.63	51.89	39.85	35.85	23.85	38.08	40.45	46.1	39.82	54.42	43.93	25.0	22.47	41.48	26.87	48.37	45.8	48.08	23.0	3.0	32.57	22.8	27.2	25.24	26.87	53.14	34.01	32.65	7.07	35.85	32.02	51.97	10.82	15.13	30.61	49.65	55.46	26.93	19.1	29.21	20.25	39.56	45.65	28.32	53.24	10.0	21.21	53.49	38.01	41.87	26.17	42.76	23.26	14.56	10.44	18.44	18.03	41.15	49.4	14.32	25.02	14.0	13.0	45.65	21.95	4.47	25.71	54.56	4.12	20.81	19.24	7.62	20.1	54.2	42.72	23.19	39.2	44.41	28.28	12.17	34.48	21.54	20.4	15.0	15.0	17.0	11.05	44.92	19.65	47.38	37.95	31.06	55.04	50.09	44.65	26.0	29.97	16.12	19.03	25.0	29.07	47.0	33.24	19.65	24.08	22.0	0.0	1.0	
45.04	28.43	53.71	50.99	38.9	34.99	23.02	37.11	39.46	45.1	39.05	53.49	42.95	24.21	21.95	40.52	26.17	47.51	45.0	47.13	22.0	2.0	31.62	22.56	26.25	24.41	26.17	52.2	33.11	32.02	6.4	34.93	31.4	50.99	10.3	15.3	29.83	48.66	54.56	25.96	19.03	28.6	19.92	38.6	44.78	27.59	52.35	9.0	20.22	52.55	37.2	41.11	25.5	41.77	22.36	13.6	9.49	18.25	18.11	40.25	48.47	13.93	25.08	13.0	12.0	44.78	21.47	3.61	25.5	53.67	4.0	20.0	18.25	7.28	20.22	53.34	41.79	22.2	38.42	43.6	27.59	11.18	33.53	20.62	19.42	15.03	14.0	16.12	10.05	43.97	19.42	46.39	37.0	30.53	54.13	49.09	43.83	25.0	29.55	15.26	18.03	25.02	28.18	46.0	32.28	18.68	23.09	22.02	1.0	0.0	
