110
0.0	31.11	29.83	34.71	35.81	10.0	27.66	32.8	4.47	34.21	39.96	16.28	21.21	25.81	20.4	34.0	28.46	34.54	12.65	26.08	31.62	30.53	36.69	25.61	23.35	17.46	22.2	12.08	38.95	37.48	9.22	23.41	4.12	22.67	35.51	8.06	28.64	47.01	14.76	37.2	27.02	48.55	42.76	22.09	9.43	38.28	21.21	21.1	35.36	24.21	23.54	32.65	34.93	8.49	30.59	26.93	7.81	14.87	24.6	23.77	14.04	7.21	27.29	18.03	35.78	44.0	35.78	44.38	22.8	34.06	7.21	42.72	6.08	21.38	17.26	33.96	26.08	40.45	36.77	24.35	37.58	48.3	5.1	19.0	49.19	30.53	46.53	41.23	41.23	7.07	5.39	13.6	35.23	29.0	26.63	29.27	31.02	41.0	14.56	27.0	29.68	22.36	28.65	31.38	19.1	35.23	3.16	38.08	5.83	21.0	
31.11	0.0	3.16	45.18	7.07	41.04	51.55	4.47	30.0	5.1	44.64	19.92	9.9	7.07	18.11	10.0	13.93	13.45	20.59	36.0	14.42	7.21	35.47	42.43	48.47	29.61	50.61	29.15	48.51	49.16	27.29	14.0	34.71	8.6	30.87	36.62	10.77	48.85	17.49	44.72	5.1	51.62	24.41	50.12	30.41	44.15	49.74	49.24	29.97	41.59	27.02	51.48	12.81	32.25	17.89	50.29	31.38	28.16	33.0	47.76	42.72	33.29	18.68	16.76	11.66	31.11	39.29	39.12	16.0	44.18	30.53	19.31	28.02	18.03	25.5	17.8	8.0	24.08	48.17	54.08	39.85	21.0	34.21	46.53	49.19	48.37	47.93	49.03	21.63	37.01	33.6	31.95	42.58	55.54	7.0	19.31	33.73	29.07	44.41	22.56	6.71	26.0	8.54	12.21	20.22	22.2	29.83	42.45	36.8	22.02	
29.83	3.16	0.0	42.11	6.32	39.82	49.04	3.16	29.15	4.47	41.48	17.46	8.94	8.25	19.03	7.62	10.77	10.82	20.25	33.02	11.4	4.24	32.31	39.62	46.1	26.93	48.55	26.83	45.4	46.1	26.93	11.05	33.24	7.21	27.73	34.83	7.62	45.69	17.09	41.59	6.32	48.47	21.95	48.02	30.08	41.0	47.71	47.17	26.83	38.83	24.0	48.66	10.3	30.23	14.76	47.76	29.41	28.44	30.02	45.31	40.8	31.4	15.52	17.12	9.49	28.32	36.14	36.06	13.04	41.11	29.97	17.46	27.29	19.1	26.08	14.87	5.1	21.4	45.1	52.2	36.69	20.22	32.56	44.42	46.07	45.54	44.78	45.89	19.24	35.38	31.89	29.55	39.46	53.23	4.12	16.16	30.59	26.17	42.64	19.42	3.61	23.02	5.39	9.22	21.0	19.21	28.84	39.29	35.38	23.09	
34.71	45.18	42.11	0.0	44.1	38.01	20.4	43.0	38.9	44.01	8.25	27.86	39.56	45.35	48.3	39.2	32.02	36.5	41.34	9.85	33.24	39.0	15.0	10.44	22.0	18.87	29.02	23.43	4.24	4.0	42.52	31.26	33.02	39.05	19.24	29.15	35.0	15.0	40.71	4.12	44.91	15.3	34.89	28.02	43.84	6.32	29.07	28.07	20.12	11.7	18.25	12.53	37.48	26.25	29.27	19.24	26.91	48.27	12.65	20.0	28.46	27.8	27.02	44.72	39.46	29.21	9.22	20.81	29.27	1.0	41.73	40.5	39.62	49.19	49.41	31.78	37.22	32.2	3.0	34.0	10.63	48.1	30.81	26.31	18.03	10.44	15.03	6.71	35.85	31.38	30.0	21.21	4.24	26.68	38.21	27.17	12.37	27.46	31.32	23.02	39.01	19.42	37.01	35.13	48.37	28.46	37.48	8.06	34.13	51.11	
35.81	7.07	6.32	44.1	0.0	45.8	53.23	3.16	35.36	2.0	42.3	22.2	15.23	14.0	25.02	5.1	12.17	8.54	26.57	35.69	11.05	5.83	32.56	43.01	50.61	30.87	53.6	31.62	47.0	48.09	33.24	14.76	39.05	13.42	27.66	40.31	9.49	45.61	23.41	43.01	12.0	48.51	18.38	53.01	36.4	42.11	52.8	52.2	26.68	42.38	26.68	51.92	7.62	35.47	15.03	51.89	34.71	34.71	32.76	49.65	46.1	36.8	17.12	23.35	5.83	25.81	37.12	34.93	16.55	43.1	36.25	12.53	33.54	25.0	32.25	13.6	9.9	18.6	47.1	57.49	37.34	14.04	38.21	49.41	45.54	48.76	44.64	47.1	15.56	41.04	37.48	34.13	41.0	57.8	9.22	17.0	32.0	24.19	48.1	21.1	6.4	25.96	8.06	9.0	27.07	18.03	34.99	40.2	41.23	29.0	
10.0	41.04	39.82	38.01	45.8	0.0	25.24	42.8	11.66	44.2	44.6	25.63	31.14	35.47	28.64	43.91	38.08	44.28	21.63	31.05	41.23	40.5	43.29	27.78	20.81	24.02	16.76	19.03	42.06	39.96	16.16	33.11	7.28	32.65	43.0	9.22	38.47	51.87	24.21	41.23	36.8	52.92	51.92	17.09	14.32	42.72	15.81	16.16	43.01	26.42	31.02	32.53	44.72	14.0	39.85	25.0	14.04	20.22	30.41	22.02	10.63	12.0	36.4	26.93	45.65	52.35	41.23	51.24	32.31	37.58	12.65	52.39	13.89	29.55	23.54	43.32	36.06	49.48	39.45	17.0	43.17	58.18	9.06	15.26	54.41	31.24	51.55	44.72	50.6	7.07	10.05	19.1	39.56	24.35	36.62	38.33	37.34	49.37	8.94	35.51	39.66	30.07	38.59	41.15	26.93	44.15	11.4	43.01	5.1	28.16	
27.66	51.55	49.04	20.4	53.23	25.24	0.0	51.08	32.02	52.39	28.64	31.62	42.95	48.84	47.04	49.24	41.68	47.71	39.05	20.62	44.1	47.42	33.12	12.21	4.47	22.36	10.3	22.56	23.02	20.0	36.88	38.48	24.04	43.42	35.81	19.65	43.83	35.23	40.01	24.52	49.24	35.01	50.21	9.43	36.69	26.68	10.82	10.0	36.4	12.04	27.8	9.22	48.55	21.0	40.8	1.41	22.0	42.45	22.63	4.0	14.76	21.1	37.44	44.0	50.25	46.62	28.23	40.31	36.67	20.62	34.48	54.04	33.73	48.04	44.91	44.2	44.01	47.38	20.02	14.56	30.08	61.4	22.56	10.0	38.33	10.05	35.36	26.02	50.25	21.19	22.36	19.65	24.04	6.32	44.94	38.6	28.02	44.2	16.4	34.21	47.01	28.02	45.19	45.28	46.17	42.45	30.81	28.16	23.77	48.37	
32.8	4.47	3.16	43.0	3.16	42.8	51.08	0.0	32.25	1.41	41.77	19.72	12.08	11.05	22.0	5.66	11.05	9.22	23.41	34.23	10.77	4.0	32.28	41.23	48.3	28.79	51.04	29.15	46.1	47.0	30.08	12.65	36.12	10.3	27.51	37.54	8.0	45.54	20.25	42.19	9.06	48.38	20.0	50.48	33.24	41.44	50.22	49.65	26.57	40.52	25.18	50.22	8.49	32.8	14.56	49.77	32.02	31.58	31.26	47.42	43.42	34.06	16.03	20.22	7.21	26.91	36.5	35.36	14.56	42.0	33.11	14.87	30.41	22.02	29.15	13.89	7.21	19.8	46.0	54.82	36.88	17.12	35.36	46.87	45.69	47.07	44.6	46.39	17.2	38.18	34.66	31.76	40.11	55.47	6.4	16.28	31.14	25.0	45.34	20.02	4.12	24.33	6.08	8.54	24.02	18.36	31.91	39.62	38.29	26.02	
4.47	30.0	29.15	38.9	35.36	11.66	32.02	32.25	0.0	33.62	43.83	18.03	20.25	24.04	17.09	34.18	29.43	35.17	10.0	30.0	32.56	30.46	39.92	30.0	27.66	21.1	26.02	15.81	43.14	41.77	5.0	24.33	8.06	21.95	38.33	12.37	29.12	50.77	12.73	41.23	25.5	52.43	44.18	26.0	5.0	42.2	25.02	25.0	38.08	28.6	26.57	37.12	35.44	12.81	32.06	31.32	12.04	10.44	28.3	28.16	18.03	11.66	29.0	15.26	36.06	46.17	39.45	47.43	24.08	38.21	2.83	43.42	2.24	18.03	13.04	35.23	26.0	42.05	41.04	27.66	41.18	48.47	9.49	23.09	52.84	34.99	50.25	45.34	42.43	11.05	9.85	17.69	39.2	33.06	26.4	31.0	34.44	43.19	18.11	29.27	29.55	25.3	28.79	32.02	15.52	37.0	1.41	41.88	9.06	17.12	
34.21	5.1	4.47	44.01	2.0	44.2	52.39	1.41	33.62	0.0	42.58	21.1	13.42	12.0	23.02	5.83	12.0	9.43	24.7	35.36	11.4	5.1	32.98	42.45	49.65	30.08	52.43	30.53	47.04	48.01	31.38	13.93	37.54	11.66	28.16	38.95	9.06	46.17	21.54	43.1	10.0	49.04	19.85	51.87	34.54	42.3	51.61	51.04	27.2	41.76	26.31	51.42	8.6	34.21	15.3	51.08	33.42	32.76	32.39	48.75	44.82	35.47	17.0	21.38	7.07	27.02	37.34	35.78	15.81	43.01	34.44	14.32	31.76	23.0	30.27	14.32	8.6	19.85	47.01	56.22	37.66	16.03	36.77	48.26	46.24	48.27	45.22	47.27	17.03	39.6	36.07	33.12	41.05	56.82	7.81	17.12	32.06	25.24	46.75	21.0	5.39	25.5	7.28	9.22	25.08	18.79	33.29	40.45	39.7	27.0	
39.96	44.64	41.48	8.25	42.3	44.6	28.64	41.77	43.83	42.58	0.0	30.0	40.71	46.1	50.8	37.22	30.81	34.06	44.6	13.89	31.26	37.85	10.05	18.03	30.07	22.8	37.01	28.02	7.07	10.0	46.86	31.38	38.91	39.81	15.03	35.47	33.96	7.28	43.42	4.12	45.31	8.6	30.08	36.01	48.6	2.0	37.0	36.0	16.03	19.1	19.42	20.62	35.06	31.76	27.29	27.46	32.25	52.4	15.62	28.07	35.69	33.54	25.96	47.2	37.05	23.26	5.39	13.45	29.55	8.06	46.62	36.5	44.2	51.61	53.04	29.02	37.0	27.66	9.43	42.05	5.0	43.93	36.67	34.06	10.05	18.68	7.07	5.39	31.58	37.7	35.78	26.42	5.1	34.93	37.95	25.5	11.18	22.14	38.64	22.14	38.08	20.81	36.14	33.38	51.22	25.02	42.44	2.24	40.31	54.04	
16.28	19.92	17.46	27.86	22.2	25.63	31.62	19.72	18.03	21.1	30.0	0.0	12.04	18.03	20.81	19.1	12.53	18.87	15.0	18.03	15.65	16.4	23.6	23.0	28.64	10.0	31.4	9.43	31.78	31.62	18.97	7.81	18.38	12.04	21.02	18.6	13.45	36.07	13.45	28.65	18.03	38.29	26.48	30.81	21.59	28.84	30.61	30.0	20.62	22.02	10.63	32.02	19.42	13.45	14.32	30.36	12.81	23.71	15.23	27.86	24.04	15.0	11.05	17.2	20.62	28.16	24.84	30.41	6.71	26.93	20.22	26.83	17.26	21.63	23.6	17.72	12.53	24.19	30.68	35.38	26.17	33.02	17.0	27.2	37.54	29.0	35.36	33.12	25.0	19.72	16.12	12.08	26.42	35.78	13.42	13.04	19.1	25.18	26.25	11.4	15.81	9.22	14.21	15.81	21.26	19.03	17.0	27.8	20.62	24.08	
21.21	9.9	8.94	39.56	15.23	31.14	42.95	12.08	20.25	13.42	40.71	12.04	0.0	6.0	12.08	15.03	13.42	17.12	11.4	29.83	15.81	11.05	32.8	35.01	39.56	22.02	41.15	20.4	43.32	43.42	18.03	9.9	24.84	2.0	29.0	26.93	11.4	46.04	8.25	39.92	6.32	48.55	27.89	40.72	21.19	39.81	40.25	39.81	28.28	34.0	21.54	44.0	17.03	22.85	17.49	41.77	21.93	20.02	26.93	39.05	33.12	23.71	16.28	9.22	17.03	32.65	35.36	38.21	11.4	38.6	21.02	25.0	18.36	12.53	18.11	19.31	7.07	26.57	42.45	44.42	36.36	28.86	24.41	37.16	47.01	41.01	45.22	44.38	25.5	27.2	23.85	23.35	37.7	46.49	7.0	17.8	29.53	30.02	34.67	19.21	10.05	20.25	10.05	14.32	13.6	22.83	20.0	38.47	26.91	16.16	
25.81	7.07	8.25	45.35	14.0	35.47	48.84	11.05	24.04	12.0	46.1	18.03	6.0	0.0	11.05	15.81	16.97	18.79	14.21	35.69	18.6	12.08	37.74	41.01	45.35	28.02	46.62	26.31	49.04	49.24	20.81	14.76	29.68	6.32	33.6	32.2	14.21	51.11	11.31	45.54	2.0	53.71	29.97	46.24	23.85	45.31	45.69	45.31	32.8	40.0	27.2	50.0	18.38	28.46	21.21	47.68	27.51	21.19	32.76	44.91	38.48	29.15	20.81	9.85	17.72	35.81	40.72	42.52	16.55	44.38	24.21	25.71	21.93	11.0	18.44	22.2	9.9	29.15	48.27	49.65	41.59	28.02	29.53	42.72	51.87	47.01	50.25	49.98	27.31	32.25	29.07	29.27	43.32	52.2	9.22	22.02	34.93	33.42	39.82	24.19	11.18	25.96	12.21	16.64	13.15	26.25	24.08	43.86	31.62	15.0	
20.4	18.11	19.03	48.3	25.02	28.64	47.04	22.0	17.09	23.02	50.8	20.81	12.08	11.05	0.0	26.31	25.5	28.86	8.0	38.47	27.86	22.36	43.84	41.76	43.0	29.55	42.58	25.96	52.35	51.89	12.53	21.63	24.52	13.93	40.46	28.16	23.41	56.73	7.62	49.4	13.04	59.03	39.85	42.43	15.0	49.65	41.59	41.44	39.82	40.52	31.4	50.22	28.64	26.08	29.53	46.1	25.08	10.82	35.85	43.05	34.37	26.0	28.02	3.61	28.28	44.72	45.61	49.82	22.8	47.41	16.12	36.35	14.87	1.0	7.62	31.38	18.97	38.63	50.99	44.64	46.86	39.05	25.18	39.2	58.0	47.54	55.97	53.85	37.36	27.46	25.08	28.86	47.17	49.16	18.68	29.68	39.82	42.06	34.93	30.48	21.38	30.0	21.84	26.25	2.24	34.89	17.72	48.6	25.96	4.12	
34.0	10.0	7.62	39.2	5.1	43.91	49.24	5.66	34.18	5.83	37.22	19.1	15.03	15.81	26.31	0.0	7.62	3.61	26.31	31.05	6.0	4.0	27.46	38.63	46.87	26.93	50.33	28.32	42.01	43.19	32.76	11.31	36.89	13.04	22.56	37.64	5.66	40.52	23.19	38.0	13.93	43.42	14.42	49.68	35.9	37.05	49.58	48.92	21.59	38.08	22.14	47.43	2.83	32.56	10.0	47.89	31.89	35.06	28.16	45.79	43.14	34.06	12.37	24.02	2.0	21.26	32.06	29.97	12.81	38.21	35.44	10.05	32.57	26.48	33.02	8.54	8.25	14.14	42.19	54.45	32.25	14.32	35.81	46.1	40.5	44.27	39.56	42.05	11.66	38.6	35.0	30.61	36.01	54.08	8.06	12.04	27.02	19.42	45.34	16.28	5.0	21.54	5.39	4.12	28.16	13.0	33.62	35.13	39.12	30.41	
28.46	13.93	10.77	32.02	12.17	38.08	41.68	11.05	29.43	12.0	30.81	12.53	13.42	16.97	25.5	7.62	0.0	6.4	23.19	23.54	3.16	7.07	21.54	31.02	39.41	19.42	43.14	21.26	35.06	36.01	29.0	5.1	30.87	11.66	17.0	31.06	3.16	34.93	20.4	31.14	15.62	37.7	15.03	42.45	32.02	30.41	42.43	41.73	16.12	30.46	14.56	39.85	7.07	25.81	4.24	40.31	25.24	32.39	20.62	38.28	36.24	27.46	5.0	22.47	8.6	19.24	25.5	25.61	5.83	31.02	31.14	14.32	28.16	25.94	31.05	6.08	7.07	13.34	35.01	47.42	25.96	20.62	29.53	38.9	35.36	36.69	34.01	35.36	13.04	32.25	28.65	23.35	29.07	46.62	7.81	5.39	20.1	16.64	38.6	9.0	7.28	13.93	5.39	3.61	26.93	9.43	28.64	28.64	33.11	29.55	
34.54	13.45	10.82	36.5	8.54	44.28	47.71	9.22	35.17	9.43	34.06	18.87	17.12	18.79	28.86	3.61	6.4	0.0	28.02	28.79	3.61	6.71	24.19	36.67	45.61	25.61	49.5	27.66	39.12	40.45	34.23	11.18	37.12	15.13	19.24	37.44	6.08	37.11	25.0	35.06	17.0	40.02	11.18	48.8	37.34	34.0	48.8	48.08	18.25	36.24	20.12	45.31	1.0	32.2	7.28	46.32	31.62	37.01	26.0	44.41	42.64	33.84	10.3	26.31	3.0	17.69	29.0	26.4	12.21	35.51	36.67	8.25	33.73	29.12	35.23	5.1	10.05	10.63	39.46	53.81	29.07	14.21	35.85	45.25	37.0	42.15	36.14	39.0	8.54	38.59	34.99	29.7	33.14	52.8	10.2	9.49	24.19	15.81	45.0	13.93	7.62	19.72	7.07	3.16	30.59	9.49	34.48	32.02	39.36	32.98	
12.65	20.59	20.25	41.34	26.57	21.63	39.05	23.41	10.0	24.7	44.6	15.0	11.4	14.21	8.0	26.31	23.19	28.02	0.0	31.62	26.08	22.36	38.6	34.18	35.0	22.47	34.71	18.38	45.49	44.78	6.71	18.44	16.76	13.34	35.85	20.22	22.0	50.93	3.16	42.8	15.81	53.04	38.21	34.53	9.85	43.28	33.73	33.54	35.36	32.89	25.5	42.45	28.07	18.11	26.68	38.12	17.12	9.22	29.21	35.06	26.48	18.0	24.35	5.39	28.28	41.76	39.6	45.28	18.97	40.5	10.0	36.12	7.81	9.0	8.6	29.27	18.11	36.5	43.91	37.0	41.04	40.26	17.26	31.26	52.5	39.85	50.25	47.2	36.06	19.65	17.12	21.19	40.61	41.19	18.25	26.25	33.97	38.9	27.2	25.94	21.38	24.08	21.1	25.0	7.28	32.02	10.3	42.45	18.38	9.85	
26.08	36.0	33.02	9.85	35.69	31.05	20.62	34.23	30.0	35.36	13.89	18.03	29.83	35.69	38.47	31.05	23.54	28.79	31.62	0.0	25.3	30.27	13.34	8.49	20.12	9.22	26.25	14.21	13.89	13.6	33.24	22.0	25.08	29.43	15.26	21.84	26.31	21.02	30.89	11.31	35.36	22.47	29.73	25.3	34.83	12.21	25.96	25.0	15.81	8.6	9.06	16.55	29.73	17.89	21.54	19.21	18.36	38.9	3.0	18.36	23.0	19.7	18.68	34.89	31.62	26.08	10.2	21.21	20.0	8.94	32.8	34.13	30.48	39.36	39.82	24.6	28.0	26.91	12.65	31.32	12.17	41.68	22.85	22.56	23.41	13.42	20.62	15.62	30.0	24.04	21.93	12.53	9.22	26.63	29.0	19.31	7.62	23.6	26.0	14.87	30.15	10.0	28.16	26.93	38.59	22.2	28.6	12.08	26.57	41.34	
31.62	14.42	11.4	33.24	11.05	41.23	44.1	10.77	32.56	11.4	31.26	15.65	15.81	18.6	27.86	6.0	3.16	3.61	26.08	25.3	0.0	7.21	21.59	33.11	42.01	22.02	45.97	24.21	36.01	37.22	32.02	8.25	34.01	13.93	16.76	34.13	4.47	34.79	23.19	32.0	17.03	37.64	12.17	45.25	35.06	31.06	45.28	44.55	15.81	32.65	16.55	41.79	4.47	28.84	4.0	42.72	28.3	35.23	22.47	40.8	39.2	30.53	6.71	25.0	6.32	17.2	26.08	24.7	8.94	32.25	34.23	11.18	31.26	28.23	33.73	3.61	8.94	10.77	36.22	50.33	26.31	17.69	32.65	41.73	34.93	38.63	33.84	36.06	10.0	35.36	31.76	26.17	30.02	49.2	9.43	6.08	21.02	14.87	41.62	10.44	7.81	16.12	6.4	2.24	29.41	7.81	31.78	29.15	36.25	31.95	
30.53	7.21	4.24	39.0	5.83	40.5	47.42	4.0	30.46	5.1	37.85	16.4	11.05	12.08	22.36	4.0	7.07	6.71	22.36	30.27	7.21	0.0	28.46	37.36	44.78	25.08	47.8	25.81	42.11	43.0	28.86	8.94	33.6	9.06	23.77	34.66	4.0	41.79	19.24	38.21	10.3	44.6	17.89	47.2	32.02	37.48	47.01	46.4	22.85	36.69	21.21	46.32	6.32	29.73	10.77	46.1	29.0	31.06	27.29	43.83	40.36	31.11	12.04	20.02	6.0	24.08	32.56	31.91	10.77	38.0	31.62	14.04	28.79	22.56	29.02	10.63	4.47	17.2	42.0	51.74	32.98	18.03	32.65	43.6	42.05	43.17	40.85	42.43	15.23	35.47	31.89	28.3	36.12	51.97	4.12	12.37	27.17	21.93	42.43	16.03	1.0	20.4	2.24	5.0	24.19	15.0	29.97	35.69	35.81	26.48	
36.69	35.47	32.31	15.0	32.56	43.29	33.12	32.28	39.92	32.98	10.05	23.6	32.8	37.74	43.84	27.46	21.54	24.19	38.6	13.34	21.59	28.46	0.0	21.02	33.24	19.42	39.56	24.74	16.16	18.36	42.06	23.02	36.67	31.62	5.0	34.13	24.7	13.42	36.88	12.08	36.72	16.16	20.25	38.6	44.28	10.44	39.29	38.33	6.0	21.54	13.42	26.91	25.18	29.43	17.72	31.76	29.61	47.17	13.0	31.38	36.12	31.4	17.0	40.31	27.17	14.21	5.83	8.0	21.4	14.21	42.54	26.48	39.81	44.55	47.2	19.1	28.18	17.72	17.49	44.64	5.1	33.96	34.53	35.9	14.21	24.21	12.53	15.3	21.59	36.22	33.54	24.19	10.82	39.36	29.07	16.16	6.0	12.53	39.12	13.6	28.79	14.76	26.93	23.77	44.6	15.0	38.63	8.25	38.47	47.42	
25.61	42.43	39.62	10.44	43.01	27.78	12.21	41.23	30.0	42.45	18.03	23.0	35.01	41.01	41.76	38.63	31.02	36.67	34.18	8.49	33.11	37.36	21.02	0.0	12.37	13.0	19.1	15.81	14.32	12.21	34.13	28.64	23.35	35.01	23.6	19.21	33.53	25.18	34.21	14.14	41.01	25.71	38.21	18.11	35.0	16.03	19.03	18.03	24.21	1.41	16.55	9.06	37.58	17.2	29.53	10.82	18.03	39.96	10.82	10.44	18.03	18.44	26.4	38.33	39.4	34.41	16.49	28.46	26.68	10.2	32.8	42.44	31.06	42.72	41.59	32.76	34.53	35.38	11.66	24.19	18.44	49.93	21.21	16.03	28.07	6.0	25.08	17.09	38.42	21.4	20.52	13.0	13.0	18.36	35.51	27.29	15.81	32.02	20.88	22.83	37.11	17.09	35.17	34.54	41.44	30.61	28.6	17.03	24.21	44.01	
23.35	48.47	46.1	22.0	50.61	20.81	4.47	48.3	27.66	49.65	30.07	28.64	39.56	45.35	43.0	46.87	39.41	45.61	35.0	20.12	42.01	44.78	33.24	12.37	0.0	20.0	7.07	19.31	25.18	22.36	32.56	35.85	19.65	40.16	35.36	15.3	41.34	37.0	36.12	26.02	45.88	37.12	49.04	6.08	32.28	28.07	7.28	6.32	35.85	11.7	26.17	12.53	46.4	17.12	38.95	4.24	18.11	38.08	21.63	2.0	10.3	17.0	35.47	40.05	48.01	46.14	28.86	40.8	34.13	22.02	30.08	52.35	29.43	44.0	40.61	42.45	41.15	46.23	22.2	12.0	30.81	59.55	18.25	5.66	40.01	12.37	37.01	28.16	48.84	16.76	18.11	16.55	25.18	7.21	42.05	36.8	27.73	43.57	12.04	32.53	44.29	26.17	42.54	43.01	42.05	41.11	26.48	29.27	19.31	44.18	
17.46	29.61	26.93	18.87	30.87	24.02	22.36	28.79	21.1	30.08	22.8	10.0	22.02	28.02	29.55	26.93	19.42	25.61	22.47	9.22	22.02	25.08	19.42	13.0	20.0	0.0	24.21	5.39	23.02	22.36	24.08	16.16	17.26	22.02	19.03	15.03	21.47	29.68	21.93	20.52	28.02	31.4	30.02	23.43	25.81	21.26	23.6	22.8	19.1	12.04	7.28	22.02	26.4	10.05	19.1	21.02	10.2	29.7	7.21	18.87	18.38	12.04	15.56	26.0	28.02	28.86	18.36	27.29	14.32	18.03	23.85	32.56	21.4	30.46	30.61	22.67	21.84	27.29	21.47	28.84	20.12	39.62	15.13	20.0	31.76	19.0	29.15	24.84	29.41	17.0	14.14	5.1	18.38	27.2	22.8	17.03	13.6	25.96	21.19	13.04	24.7	6.71	22.85	23.02	29.53	21.95	19.72	20.81	19.1	32.25	
22.2	50.61	48.55	29.02	53.6	16.76	10.3	51.04	26.02	52.43	37.01	31.4	41.15	46.62	42.58	50.33	43.14	49.5	34.71	26.25	45.97	47.8	39.56	19.1	7.07	24.21	0.0	22.02	32.25	29.43	31.02	39.05	18.11	42.06	41.23	14.56	44.69	44.01	36.4	33.0	47.42	44.18	54.08	1.0	30.07	35.01	1.0	1.41	41.63	18.25	31.06	19.31	50.21	18.36	43.28	10.77	19.24	36.06	27.31	9.06	8.25	17.46	39.7	40.02	51.66	51.89	35.51	47.3	37.54	29.0	28.02	56.73	28.07	43.57	39.0	46.86	43.83	51.31	29.27	5.1	37.48	63.66	17.46	4.24	47.0	19.42	44.0	35.23	53.6	15.13	17.72	19.8	32.06	7.62	44.65	41.23	33.84	49.19	8.06	37.2	47.2	30.81	45.61	46.69	41.3	46.04	25.08	36.12	17.0	43.1	
12.08	29.15	26.83	23.43	31.62	19.03	22.56	29.15	15.81	30.53	28.02	9.43	20.4	26.31	25.96	28.32	21.26	27.66	18.38	14.21	24.21	25.81	24.74	15.81	19.31	5.39	22.02	0.0	27.66	26.63	19.1	17.03	12.04	20.88	24.02	10.44	22.67	34.99	18.44	25.5	26.68	36.62	33.62	21.4	20.62	26.4	21.26	20.62	24.0	14.56	12.0	24.33	28.32	5.1	21.95	21.38	5.0	24.84	12.53	18.68	15.0	7.07	18.36	22.56	29.7	33.38	23.71	32.56	15.56	22.67	18.6	35.23	16.28	26.93	26.08	25.55	21.95	31.02	25.81	26.17	25.5	41.87	10.0	17.8	37.12	21.59	34.48	29.7	32.65	12.17	9.0	3.0	23.43	26.4	22.83	20.12	18.97	30.41	17.49	16.76	25.24	11.05	23.6	24.76	25.63	25.63	14.42	26.08	14.0	28.23	
38.95	48.51	45.4	4.24	47.0	42.06	23.02	46.1	43.14	47.04	7.07	31.78	43.32	49.04	52.35	42.01	35.06	39.12	45.49	13.89	36.01	42.11	16.16	14.32	25.18	23.02	32.25	27.66	0.0	3.16	46.75	34.71	37.2	42.72	20.88	33.29	38.12	12.37	44.78	4.12	48.51	12.0	36.4	31.26	48.08	5.83	32.39	31.4	21.84	15.65	21.84	14.32	40.11	30.48	32.02	22.0	31.14	52.5	16.55	23.19	32.31	32.02	30.07	48.76	42.11	30.02	10.44	20.52	32.76	5.0	45.97	42.45	43.86	53.24	53.6	34.23	40.61	33.84	3.0	37.12	11.18	50.0	35.0	29.83	15.52	13.0	12.65	3.0	37.64	35.51	34.21	25.46	6.0	29.15	41.59	30.0	15.0	28.64	35.11	26.08	42.19	23.09	40.2	38.0	52.48	30.59	41.73	8.06	38.28	55.23	
37.48	49.16	46.1	4.0	48.09	39.96	20.0	47.0	41.77	48.01	10.0	31.62	43.42	49.24	51.89	43.19	36.01	40.45	44.78	13.6	37.22	43.0	18.36	12.21	22.36	22.36	29.43	26.63	3.16	0.0	45.61	35.23	35.47	42.95	22.85	31.4	39.0	15.52	44.28	6.4	48.84	15.03	38.48	28.44	46.75	8.49	29.61	28.64	23.77	13.6	22.2	11.18	41.44	29.0	33.24	19.03	29.73	51.4	16.49	20.4	29.97	30.41	31.02	48.33	43.42	32.45	12.53	23.35	33.24	5.0	44.6	44.27	42.64	52.8	52.7	35.69	41.19	35.85	1.0	34.23	13.6	51.87	33.3	27.2	18.68	10.05	15.81	6.08	39.56	33.6	32.56	24.21	7.62	26.08	42.19	31.14	16.28	30.89	32.7	27.02	43.01	23.35	41.01	39.12	51.88	32.28	40.36	10.63	36.4	54.59	
9.22	27.29	26.93	42.52	33.24	16.16	36.88	30.08	5.0	31.38	46.86	18.97	18.03	20.81	12.53	32.76	29.0	34.23	6.71	33.24	32.02	28.86	42.06	34.13	32.56	24.08	31.02	19.1	46.75	45.61	0.0	24.02	13.04	19.92	39.92	17.26	28.16	53.6	9.85	44.55	22.47	55.44	44.01	31.0	3.16	45.34	30.02	30.0	39.56	32.76	28.65	41.63	34.37	17.0	32.14	36.14	16.12	5.83	31.24	32.98	23.02	16.16	29.43	11.31	34.71	46.87	42.2	49.24	24.19	41.77	3.61	42.43	3.16	13.42	8.06	35.01	24.52	42.11	44.82	32.56	43.83	46.84	14.32	28.07	55.47	39.36	53.01	48.8	42.01	16.03	14.56	21.4	42.45	38.05	24.74	31.4	36.89	43.93	23.09	30.36	27.89	27.29	27.46	31.14	10.77	37.34	6.08	44.82	14.04	12.17	
23.41	14.0	11.05	31.26	14.76	33.11	38.48	12.65	24.33	13.93	31.38	7.81	9.9	14.76	21.63	11.31	5.1	11.18	18.44	22.0	8.25	8.94	23.02	28.64	35.85	16.16	39.05	17.03	34.71	35.23	24.02	0.0	25.94	8.6	19.1	26.4	5.66	36.36	15.81	31.05	13.93	38.95	20.0	38.42	27.0	30.68	38.29	37.64	18.38	27.89	13.04	37.66	11.66	21.26	8.25	37.16	20.62	27.66	19.0	34.89	31.83	22.8	6.4	18.36	12.81	23.41	26.0	28.32	2.0	30.27	26.08	19.31	23.09	22.2	26.57	11.0	6.0	18.11	34.23	43.14	26.83	25.24	24.7	34.83	37.2	34.53	35.51	35.44	18.11	27.46	23.85	19.42	28.86	43.05	7.0	8.06	20.25	20.62	34.06	9.43	8.54	12.0	6.71	8.06	22.83	13.6	23.54	29.15	28.18	25.55	
4.12	34.71	33.24	33.02	39.05	7.28	24.04	36.12	8.06	37.54	38.91	18.38	24.84	29.68	24.52	36.89	30.87	37.12	16.76	25.08	34.01	33.6	36.67	23.35	19.65	17.26	18.11	12.04	37.2	35.47	13.04	25.94	0.0	26.17	36.06	4.47	31.38	46.1	18.79	35.85	30.81	47.41	44.64	18.03	12.65	37.12	17.12	17.03	36.01	21.93	24.02	29.68	37.59	7.28	32.57	23.41	7.07	18.44	24.04	20.25	10.0	5.39	29.12	22.14	38.59	45.18	35.11	44.55	25.08	32.45	10.44	45.19	10.0	25.5	21.1	36.06	29.21	42.2	34.83	20.25	37.0	51.11	2.24	15.03	48.47	27.8	45.69	39.66	43.32	3.0	3.16	12.65	34.0	25.02	29.83	31.05	30.81	42.19	10.44	28.28	32.8	23.0	31.62	34.0	23.19	36.88	7.0	37.16	2.24	25.02	
22.67	8.6	7.21	39.05	13.42	32.65	43.42	10.3	21.95	11.66	39.81	12.04	2.0	6.32	13.93	13.04	11.66	15.13	13.34	29.43	13.93	9.06	31.62	35.01	40.16	22.02	42.06	20.88	42.72	42.95	19.92	8.6	26.17	0.0	27.66	28.02	9.49	44.94	10.2	39.22	6.0	47.51	25.96	41.59	23.09	39.0	41.18	40.71	26.91	34.06	20.88	44.05	15.03	23.71	15.81	42.2	22.83	22.02	26.48	39.56	34.13	24.7	14.87	11.18	15.03	30.89	34.44	36.77	10.3	38.08	22.85	23.0	20.12	14.32	20.1	17.46	5.1	24.7	41.98	45.49	35.36	26.93	25.61	38.01	45.8	41.01	44.1	43.66	23.54	28.43	25.0	23.77	37.0	47.17	5.0	16.28	28.64	28.3	35.81	18.03	8.06	19.65	8.06	12.37	15.52	21.1	21.63	37.58	28.28	18.03	
35.51	30.87	27.73	19.24	27.66	43.0	35.81	27.51	38.33	28.16	15.03	21.02	29.0	33.6	40.46	22.56	17.0	19.24	35.85	15.26	16.76	23.77	5.0	23.6	35.36	19.03	41.23	24.02	20.88	22.85	39.92	19.1	36.06	27.66	0.0	34.06	20.12	18.03	33.84	16.76	32.45	20.88	15.65	40.31	42.38	15.3	40.85	39.92	1.0	23.85	12.04	30.48	20.22	29.0	13.0	34.41	29.02	44.72	13.93	33.62	36.88	31.0	12.81	37.01	22.2	10.82	10.44	9.43	17.69	18.36	40.8	21.59	37.95	41.11	44.42	14.14	23.85	13.0	21.93	46.24	10.05	29.12	34.01	37.34	18.36	27.59	17.09	20.22	16.76	36.01	33.02	24.08	15.23	41.88	24.7	11.66	7.81	8.49	39.81	10.0	24.17	13.15	22.36	18.97	41.4	10.0	37.11	13.15	38.01	44.2	
8.06	36.62	34.83	29.15	40.31	9.22	19.65	37.54	12.37	38.95	35.47	18.6	26.93	32.2	28.16	37.64	31.06	37.44	20.22	21.84	34.13	34.66	34.13	19.21	15.3	15.03	14.56	10.44	33.29	31.4	17.26	26.4	4.47	28.02	34.06	0.0	32.02	42.72	21.84	32.2	33.12	43.86	44.01	14.32	17.09	33.62	13.6	13.34	34.13	17.8	22.2	25.24	38.01	5.39	32.2	18.97	5.83	22.8	21.21	15.81	6.32	3.61	28.64	25.5	39.2	43.74	32.02	42.11	25.24	28.65	14.87	45.28	14.14	29.15	25.32	35.78	30.41	41.44	30.81	17.49	33.96	51.61	3.0	11.05	45.22	23.43	42.38	35.85	42.95	2.24	3.16	10.0	30.46	21.02	31.14	30.46	28.16	40.79	7.81	27.2	33.94	21.38	32.56	34.41	27.02	36.06	11.18	33.84	5.0	29.02	
28.64	10.77	7.62	35.0	9.49	38.47	43.83	8.0	29.12	9.06	33.96	13.45	11.4	14.21	23.41	5.66	3.16	6.08	22.0	26.31	4.47	4.0	24.7	33.53	41.34	21.47	44.69	22.67	38.12	39.0	28.16	5.66	31.38	9.49	20.12	32.02	0.0	38.08	19.03	34.23	12.73	40.85	16.49	44.05	31.26	33.54	43.93	43.28	19.24	32.89	17.26	42.45	6.32	26.91	7.21	42.49	26.25	31.06	23.35	40.31	37.48	28.43	8.06	20.62	7.21	21.63	28.64	28.6	7.21	34.0	30.59	14.32	27.66	23.77	29.43	8.06	4.47	15.23	38.0	48.8	29.12	19.72	30.23	40.46	38.47	39.29	37.16	38.47	14.14	33.02	29.41	25.0	32.14	48.55	5.0	8.54	23.19	19.21	39.7	12.04	4.12	16.49	2.24	3.0	25.0	12.04	28.46	31.78	33.62	27.51	
47.01	48.85	45.69	15.0	45.61	51.87	35.23	45.54	50.77	46.17	7.28	36.07	46.04	51.11	56.73	40.52	34.93	37.11	50.93	21.02	34.79	41.79	13.42	25.18	37.0	29.68	44.01	34.99	12.37	15.52	53.6	36.36	46.1	44.94	18.03	42.72	38.08	0.0	49.52	11.05	50.12	3.0	31.02	43.01	55.47	9.22	44.05	43.05	18.97	26.31	25.46	26.68	38.08	38.91	31.02	34.13	39.36	59.03	22.47	35.0	42.95	40.72	30.41	53.15	40.02	23.19	11.4	12.17	34.67	15.03	53.54	38.01	51.04	57.49	59.46	32.02	41.59	29.02	15.3	49.0	9.9	45.04	43.86	41.19	3.16	25.18	1.0	9.49	33.02	44.94	42.95	33.54	12.37	41.44	42.49	29.55	16.97	23.0	45.89	26.93	42.15	26.87	40.31	37.0	57.31	27.66	49.4	8.94	47.54	60.14	
14.76	17.49	17.09	40.71	23.41	24.21	40.01	20.25	12.73	21.54	43.42	13.45	8.25	11.31	7.62	23.19	20.4	25.0	3.16	30.89	23.19	19.24	36.88	34.21	36.12	21.93	36.4	18.44	44.78	44.28	9.85	15.81	18.79	10.2	33.84	21.84	19.03	49.52	0.0	41.88	12.81	51.74	35.36	36.14	13.0	42.2	35.44	35.17	33.29	32.98	24.08	42.76	25.02	19.03	24.04	39.0	18.03	12.04	28.3	36.01	28.16	19.24	21.93	4.12	25.18	39.22	38.29	43.27	16.55	39.82	13.04	33.06	10.63	8.54	10.77	26.48	15.03	33.73	43.38	39.0	39.62	37.11	18.97	32.76	50.93	40.02	48.8	46.32	33.14	21.54	18.68	21.38	39.66	42.58	15.13	23.77	32.56	36.4	29.15	23.85	18.25	22.67	18.03	22.02	7.81	29.41	12.81	41.23	20.59	10.63	
37.2	44.72	41.59	4.12	43.01	41.23	24.52	42.19	41.23	43.1	4.12	28.65	39.92	45.54	49.4	38.0	31.14	35.06	42.8	11.31	32.0	38.21	12.08	14.14	26.02	20.52	33.0	25.5	4.12	6.4	44.55	31.05	35.85	39.22	16.76	32.2	34.23	11.05	41.88	0.0	44.92	11.7	32.31	32.0	46.1	2.24	33.02	32.02	17.72	15.3	18.38	16.55	36.06	28.84	28.0	23.35	29.41	50.21	13.6	24.02	32.02	30.53	26.17	45.79	38.05	26.08	6.32	17.03	29.12	4.0	44.05	38.33	41.77	50.25	51.09	30.15	36.88	29.73	5.66	38.01	7.21	45.88	33.62	30.15	14.0	14.56	11.0	4.47	33.53	34.44	32.76	23.6	2.24	30.81	37.85	26.02	11.05	24.6	34.93	22.2	38.33	19.7	36.35	34.01	49.65	26.48	39.82	4.24	37.12	52.43	
27.02	5.1	6.32	44.91	12.0	36.8	49.24	9.06	25.5	10.0	45.31	18.03	6.32	2.0	13.04	13.93	15.62	17.0	15.81	35.36	17.03	10.3	36.72	41.01	45.88	28.02	47.42	26.68	48.51	48.84	22.47	13.93	30.81	6.0	32.45	33.12	12.73	50.12	12.81	44.92	0.0	52.77	28.18	47.01	25.55	44.6	46.52	46.1	31.62	40.05	26.68	50.04	16.55	29.15	19.85	48.05	28.23	23.09	32.39	45.35	39.36	29.97	19.72	11.7	15.81	34.21	39.92	41.23	15.81	43.93	25.81	23.77	23.43	13.0	20.4	20.62	8.6	27.46	47.85	50.61	40.72	26.02	30.53	43.46	50.77	47.01	49.24	49.34	25.5	33.29	30.02	29.61	42.72	52.81	7.81	20.81	34.18	31.89	40.82	23.26	9.43	25.5	10.63	15.0	15.13	24.76	25.46	43.08	32.8	17.0	
48.55	51.62	48.47	15.3	48.51	52.92	35.01	48.38	52.43	49.04	8.6	38.29	48.55	53.71	59.03	43.42	37.7	40.02	53.04	22.47	37.64	44.6	16.16	25.71	37.12	31.4	44.18	36.62	12.0	15.03	55.44	38.95	47.41	47.51	20.88	43.86	40.85	3.0	51.74	11.7	52.77	0.0	34.01	43.19	57.2	10.3	44.28	43.29	21.84	26.93	27.66	26.17	41.0	40.31	33.84	34.0	40.82	60.96	24.21	35.13	43.68	42.06	33.11	55.44	42.95	26.17	13.45	15.13	37.22	15.52	55.22	41.01	52.8	59.82	61.52	34.93	44.28	32.02	15.0	49.09	12.21	48.04	45.18	41.59	5.0	25.0	4.0	9.0	36.01	46.1	44.29	34.99	13.42	41.11	45.19	32.31	19.21	26.0	46.57	29.53	44.94	29.07	43.08	39.85	59.55	30.59	51.04	10.63	48.75	62.37	
42.76	24.41	21.95	34.89	18.38	51.92	50.21	20.0	44.18	19.85	30.08	26.48	27.89	29.97	39.85	14.42	15.03	11.18	38.21	29.73	12.17	17.89	20.25	38.21	49.04	30.02	54.08	33.62	36.4	38.48	44.01	20.0	44.64	25.96	15.65	44.01	16.49	31.02	35.36	32.31	28.18	34.01	0.0	53.25	47.0	30.68	53.54	52.7	14.76	38.18	23.02	45.8	11.66	38.63	12.17	48.8	38.28	47.38	27.59	47.51	48.3	40.5	15.52	37.11	12.81	8.25	26.0	19.03	20.1	34.0	46.04	7.28	43.05	40.16	45.89	9.0	20.88	2.83	37.58	58.83	25.3	14.04	43.01	49.93	30.07	42.8	30.02	35.44	2.83	45.54	42.06	34.89	30.87	55.97	21.19	13.6	23.02	8.06	50.99	17.0	18.79	23.32	18.03	13.6	41.48	8.06	43.29	28.46	46.84	43.97	
22.09	50.12	48.02	28.02	53.01	17.09	9.43	50.48	26.0	51.87	36.01	30.81	40.72	46.24	42.43	49.68	42.45	48.8	34.53	25.3	45.25	47.2	38.6	18.11	6.08	23.43	1.0	21.4	31.26	28.44	31.0	38.42	18.03	41.59	40.31	14.32	44.05	43.01	36.14	32.0	47.01	43.19	53.25	0.0	30.15	34.01	1.41	1.0	40.72	17.26	30.23	18.38	49.52	17.89	42.52	9.85	18.79	36.12	26.4	8.06	8.06	17.09	38.95	39.81	50.99	50.99	34.53	46.32	36.88	28.0	28.07	55.97	28.02	43.42	39.01	46.1	43.27	50.48	28.28	6.08	36.5	62.94	17.26	3.61	46.0	18.44	43.0	34.23	52.8	15.03	17.46	19.1	31.06	7.28	44.1	40.46	32.89	48.3	8.25	36.4	46.62	30.0	45.0	46.01	41.19	45.22	25.02	35.13	17.03	43.05	
9.43	30.41	30.08	43.84	36.4	14.32	36.69	33.24	5.0	34.54	48.6	21.59	21.19	23.85	15.0	35.9	32.02	37.34	9.85	34.83	35.06	32.02	44.28	35.0	32.28	25.81	30.07	20.62	48.08	46.75	3.16	27.0	12.65	23.09	42.38	17.09	31.26	55.47	13.0	46.1	25.55	57.2	47.0	30.15	0.0	47.01	29.07	29.15	42.06	33.6	30.87	42.06	37.48	17.8	35.06	36.06	17.03	6.0	33.02	32.89	22.36	16.64	32.25	14.21	37.85	49.65	44.1	51.62	27.07	43.14	2.24	45.54	4.47	15.81	9.22	38.0	27.66	45.04	46.01	31.14	45.79	50.0	14.32	27.46	57.45	39.96	54.92	50.25	45.04	15.52	14.76	22.63	44.05	37.34	27.89	34.23	38.95	46.69	22.02	32.98	31.05	29.55	30.59	34.23	13.04	40.2	6.4	46.62	13.15	13.93	
38.28	44.15	41.0	6.32	42.11	42.72	26.68	41.44	42.2	42.3	2.0	28.84	39.81	45.31	49.65	37.05	30.41	34.0	43.28	12.21	31.06	37.48	10.44	16.03	28.07	21.26	35.01	26.4	5.83	8.49	45.34	30.68	37.12	39.0	15.3	33.62	33.54	9.22	42.2	2.24	44.6	10.3	30.68	34.01	47.01	0.0	35.0	34.0	16.28	17.12	18.36	18.79	35.0	30.02	27.07	25.5	30.53	50.93	14.14	26.08	33.73	31.76	25.5	46.04	37.0	24.19	5.0	14.87	28.79	6.08	45.0	36.88	42.64	50.48	51.66	29.02	36.4	28.16	7.81	40.05	5.39	44.38	34.89	32.06	12.04	16.76	9.06	5.0	32.02	35.85	34.0	24.7	3.16	32.98	37.36	25.18	10.44	22.85	36.67	21.59	37.66	19.72	35.69	33.14	50.0	25.18	40.8	2.24	38.48	52.8	
21.21	49.74	47.71	29.07	52.8	15.81	10.82	50.22	25.02	51.61	37.0	30.61	40.25	45.69	41.59	49.58	42.43	48.8	33.73	25.96	45.28	47.01	39.29	19.03	7.28	23.6	1.0	21.26	32.39	29.61	30.02	38.29	17.12	41.18	40.85	13.6	43.93	44.05	35.44	33.02	46.52	44.28	53.54	1.41	29.07	35.0	0.0	1.0	41.23	18.11	30.53	19.7	49.5	17.49	42.64	11.18	18.36	35.06	26.93	9.22	7.28	16.55	39.05	39.05	50.93	51.48	35.36	47.07	36.8	29.02	27.02	56.08	27.07	42.58	38.0	46.23	43.01	50.77	29.43	5.39	37.34	62.97	16.49	3.61	47.01	19.65	44.01	35.36	53.01	14.14	16.76	19.1	32.02	8.54	43.83	40.61	33.53	48.75	7.07	36.62	46.4	30.23	44.82	45.97	40.31	45.49	24.08	36.06	16.0	42.11	
21.1	49.24	47.17	28.07	52.2	16.16	10.0	49.65	25.0	51.04	36.0	30.0	39.81	45.31	41.44	48.92	41.73	48.08	33.54	25.0	44.55	46.4	38.33	18.03	6.32	22.8	1.41	20.62	31.4	28.64	30.0	37.64	17.03	40.71	39.92	13.34	43.28	43.05	35.17	32.02	46.1	43.29	52.7	1.0	29.15	34.0	1.0	0.0	40.31	17.12	29.68	18.79	48.8	17.0	41.87	10.3	17.89	35.13	26.0	8.25	7.07	16.16	38.29	38.83	50.25	50.57	34.37	46.1	36.12	28.02	27.07	55.32	27.02	42.43	38.01	45.45	42.44	49.93	28.44	6.32	36.35	62.24	16.28	2.83	46.01	18.68	43.01	34.37	52.2	14.04	16.49	18.38	31.02	8.25	43.27	39.82	32.57	47.85	7.28	35.81	45.8	29.41	44.2	45.28	40.2	44.65	24.02	35.06	16.03	42.05	
35.36	29.97	26.83	20.12	26.68	43.01	36.4	26.57	38.08	27.2	16.03	20.62	28.28	32.8	39.82	21.59	16.12	18.25	35.36	15.81	15.81	22.85	6.0	24.21	35.85	19.1	41.63	24.0	21.84	23.77	39.56	18.38	36.01	26.91	1.0	34.13	19.24	18.97	33.29	17.72	31.62	21.84	14.76	40.72	42.06	16.28	41.23	40.31	0.0	24.41	12.0	31.24	19.24	29.02	12.08	35.0	29.0	44.28	14.32	34.13	37.11	31.02	12.04	36.4	21.21	10.3	11.4	10.0	17.03	19.24	40.52	20.62	37.64	40.46	43.91	13.15	23.02	12.08	22.85	46.62	11.05	28.16	34.0	37.7	19.24	28.32	18.03	21.21	15.81	36.06	33.0	24.19	16.16	42.44	23.85	10.82	8.49	7.81	40.02	9.43	23.26	13.04	21.47	18.03	40.8	9.0	36.88	14.14	38.0	43.6	
24.21	41.59	38.83	11.7	42.38	26.42	12.04	40.52	28.6	41.76	19.1	22.02	34.0	40.0	40.52	38.08	30.46	36.24	32.89	8.6	32.65	36.69	21.54	1.41	11.7	12.04	18.25	14.56	15.65	13.6	32.76	27.89	21.93	34.06	23.85	17.8	32.89	26.31	32.98	15.3	40.05	26.93	38.18	17.26	33.6	17.12	18.11	17.12	24.41	0.0	16.12	10.0	37.12	15.81	29.15	10.63	16.64	38.59	10.63	9.85	16.76	17.03	25.94	37.11	38.91	34.67	17.26	29.12	25.96	11.4	31.4	42.2	29.68	41.48	40.25	32.45	33.73	35.36	13.04	23.35	19.24	49.65	19.8	15.0	29.15	7.07	26.17	18.38	38.29	20.0	19.1	11.7	14.04	18.03	34.71	26.93	16.12	32.2	19.65	22.47	36.4	16.55	34.48	34.01	40.16	30.48	27.2	18.0	22.8	42.72	
23.54	27.02	24.0	18.25	26.68	31.02	27.8	25.18	26.57	26.31	19.42	10.63	21.54	27.2	31.4	22.14	14.56	20.12	25.5	9.06	16.55	21.21	13.42	16.55	26.17	7.28	31.06	12.0	21.84	22.2	28.65	13.04	24.02	20.88	12.04	22.2	17.26	25.46	24.08	18.38	26.68	27.66	23.02	30.23	30.87	18.36	30.53	29.68	12.0	16.12	0.0	25.3	21.02	17.03	13.04	26.4	17.0	33.84	6.08	24.76	25.63	19.03	9.85	27.8	22.85	21.59	14.21	20.88	11.05	17.26	29.15	26.25	26.4	32.2	34.06	16.4	19.03	20.25	21.21	35.85	15.56	33.6	22.0	26.93	27.02	22.14	24.76	22.85	22.67	24.08	21.0	12.37	16.16	33.24	20.02	10.82	8.49	18.68	28.46	6.4	21.1	1.41	19.1	18.03	31.89	15.0	25.3	17.2	26.0	34.71	
32.65	51.48	48.66	12.53	51.92	32.53	9.22	50.22	37.12	51.42	20.62	32.02	44.0	50.0	50.22	47.43	39.85	45.31	42.45	16.55	41.79	46.32	26.91	9.06	12.53	22.02	19.31	24.33	14.32	11.18	41.63	37.66	29.68	44.05	30.48	25.24	42.45	26.68	42.76	16.55	50.04	26.17	45.8	18.38	42.06	18.79	19.7	18.79	31.24	10.0	25.3	0.0	46.24	24.7	38.08	8.54	25.63	47.42	19.31	10.82	21.93	25.5	35.11	46.87	48.1	41.01	21.4	33.29	35.69	13.04	39.82	50.61	38.48	51.2	49.4	41.15	43.57	43.01	11.4	23.77	23.02	58.18	27.78	18.03	29.83	3.16	26.93	17.26	46.32	27.2	27.29	21.38	16.64	15.0	44.55	35.85	22.8	38.95	24.21	31.38	46.1	25.96	44.15	43.32	49.73	38.59	35.78	20.59	30.0	52.2	
34.93	12.81	10.3	37.48	7.62	44.72	48.55	8.49	35.44	8.6	35.06	19.42	17.03	18.38	28.64	2.83	7.07	1.0	28.07	29.73	4.47	6.32	25.18	37.58	46.4	26.4	50.21	28.32	40.11	41.44	34.37	11.66	37.59	15.03	20.22	38.01	6.32	38.08	25.02	36.06	16.55	41.0	11.66	49.52	37.48	35.0	49.5	48.8	19.24	37.12	21.02	46.24	0.0	32.8	8.25	47.17	32.2	37.0	26.93	45.22	43.28	34.41	11.18	26.17	2.0	18.44	30.0	27.31	12.81	36.5	36.88	8.06	33.96	28.86	35.13	6.08	10.0	11.31	40.45	54.49	30.07	13.6	36.36	45.97	37.95	43.08	37.11	40.0	8.94	39.12	35.51	30.41	34.13	53.6	10.05	10.44	25.18	16.64	45.61	14.87	7.28	20.59	7.0	3.61	30.41	10.44	34.79	33.02	39.82	32.76	
8.49	32.25	30.23	26.25	35.47	14.0	21.0	32.8	12.81	34.21	31.76	13.45	22.85	28.46	26.08	32.56	25.81	32.2	18.11	17.89	28.84	29.73	29.43	17.2	17.12	10.05	18.36	5.1	30.48	29.0	17.0	21.26	7.28	23.71	29.0	5.39	26.91	38.91	19.03	28.84	29.15	40.31	38.63	17.89	17.8	30.02	17.49	17.0	29.02	15.81	17.03	24.7	32.8	0.0	26.83	20.02	1.0	22.83	16.76	17.0	10.63	2.0	23.26	23.0	34.06	38.47	27.86	37.34	20.0	25.61	15.62	39.96	13.89	27.07	24.7	30.41	25.61	36.06	28.28	22.02	29.73	46.4	5.1	14.32	41.23	22.36	38.48	32.8	37.58	7.07	4.12	5.39	26.93	23.77	26.4	25.08	23.54	35.51	12.81	21.84	29.07	16.12	27.59	29.21	25.32	30.68	11.4	29.97	9.06	27.66	
30.59	17.89	14.76	29.27	15.03	39.85	40.8	14.56	32.06	15.3	27.29	14.32	17.49	21.21	29.53	10.0	4.24	7.28	26.68	21.54	4.0	10.77	17.72	29.53	38.95	19.1	43.28	21.95	32.02	33.24	32.14	8.25	32.57	15.81	13.0	32.2	7.21	31.02	24.04	28.0	19.85	33.84	12.17	42.52	35.06	27.07	42.64	41.87	12.08	29.15	13.04	38.08	8.25	26.83	0.0	39.41	26.4	35.9	18.79	37.64	36.89	28.64	3.61	26.4	10.2	15.23	22.09	21.4	8.0	28.28	34.0	13.45	31.0	30.02	34.79	3.61	11.31	10.0	32.25	47.8	22.36	20.62	31.02	39.05	31.3	34.93	30.08	32.06	10.77	33.62	30.08	23.6	26.02	46.1	12.04	2.24	17.03	12.53	39.45	6.71	11.18	12.81	9.43	6.08	30.87	5.39	31.14	25.18	34.79	33.54	
26.93	50.29	47.76	19.24	51.89	25.0	1.41	49.77	31.32	51.08	27.46	30.36	41.77	47.68	46.1	47.89	40.31	46.32	38.12	19.21	42.72	46.1	31.76	10.82	4.24	21.02	10.77	21.38	22.0	19.03	36.14	37.16	23.41	42.2	34.41	18.97	42.49	34.13	39.0	23.35	48.05	34.0	48.8	9.85	36.06	25.5	11.18	10.3	35.0	10.63	26.4	8.54	47.17	20.02	39.41	0.0	21.02	41.76	21.21	3.16	14.42	20.22	36.06	43.01	48.88	45.22	26.93	39.0	35.34	19.42	33.84	52.63	32.98	47.1	44.15	42.8	42.72	45.97	19.0	15.3	28.79	60.0	21.84	9.9	37.22	9.0	34.23	25.0	48.84	20.62	21.59	18.44	22.8	7.62	43.66	37.2	26.63	42.8	16.28	32.8	45.69	26.63	43.86	43.91	45.28	41.04	30.08	26.93	23.26	47.52	
7.81	31.38	29.41	26.91	34.71	14.04	22.0	32.02	12.04	33.42	32.25	12.81	21.93	27.51	25.08	31.89	25.24	31.62	17.12	18.36	28.3	29.0	29.61	18.03	18.11	10.2	19.24	5.0	31.14	29.73	16.12	20.62	7.07	22.83	29.02	5.83	26.25	39.36	18.03	29.41	28.23	40.82	38.28	18.79	17.03	30.53	18.36	17.89	29.0	16.64	17.0	25.63	32.2	1.0	26.4	21.02	0.0	21.95	17.09	18.0	11.4	2.24	22.85	22.0	33.42	38.33	28.23	37.48	19.42	26.25	14.87	39.45	13.04	26.08	23.77	29.97	24.84	35.74	29.0	22.8	30.08	45.8	5.0	15.23	41.63	23.26	38.91	33.42	37.16	7.28	4.0	5.83	27.46	24.74	25.61	24.7	23.77	35.36	13.45	21.59	28.32	16.03	26.87	28.6	24.33	30.36	10.63	30.41	9.0	26.68	
14.87	28.16	28.44	48.27	34.71	20.22	42.45	31.58	10.44	32.76	52.4	23.71	20.02	21.19	10.82	35.06	32.39	37.01	9.22	38.9	35.23	31.06	47.17	39.96	38.08	29.7	36.06	24.84	52.5	51.4	5.83	27.66	18.44	22.02	44.72	22.8	31.06	59.03	12.04	50.21	23.09	60.96	47.38	36.12	6.0	50.93	35.06	35.13	44.28	38.59	33.84	47.42	37.0	22.83	35.9	41.76	21.95	0.0	36.8	38.6	28.28	21.93	33.53	11.4	37.05	50.96	47.63	54.12	28.16	47.51	8.06	45.01	8.94	11.4	3.61	38.47	27.0	45.71	50.61	37.12	49.2	48.66	19.92	33.38	60.8	45.18	58.41	54.49	45.18	21.38	20.25	27.2	48.08	43.29	27.02	35.44	42.2	48.08	28.02	34.93	30.07	32.45	30.0	34.06	8.6	41.23	11.7	50.33	19.1	8.6	
24.6	33.0	30.02	12.65	32.76	30.41	22.63	31.26	28.3	32.39	15.62	15.23	26.93	32.76	35.85	28.16	20.62	26.0	29.21	3.0	22.47	27.29	13.0	10.82	21.63	7.21	27.31	12.53	16.55	16.49	31.24	19.0	24.04	26.48	13.93	21.21	23.35	22.47	28.3	13.6	32.39	24.21	27.59	26.4	33.02	14.14	26.93	26.0	14.32	10.63	6.08	19.31	26.93	16.76	18.79	21.21	17.09	36.8	0.0	20.0	23.19	18.68	15.81	32.25	28.79	24.6	11.18	21.0	17.0	11.7	31.06	31.62	28.6	36.72	37.54	21.95	25.0	24.76	15.52	32.31	13.0	39.12	21.84	23.41	24.6	16.16	21.95	18.03	27.66	23.35	20.88	11.4	11.4	28.43	26.0	16.55	7.0	21.95	26.17	12.08	27.17	7.0	25.18	24.04	36.06	19.85	26.93	13.6	25.71	38.83	
23.77	47.76	45.31	20.0	49.65	22.02	4.0	47.42	28.16	48.75	28.07	27.86	39.05	44.91	43.05	45.79	38.28	44.41	35.06	18.36	40.8	43.83	31.38	10.44	2.0	18.87	9.06	18.68	23.19	20.4	32.98	34.89	20.25	39.56	33.62	15.81	40.31	35.0	36.01	24.02	45.35	35.13	47.51	8.06	32.89	26.08	9.22	8.25	34.13	9.85	24.76	10.82	45.22	17.0	37.64	3.16	18.0	38.6	20.0	0.0	11.4	17.12	34.21	40.0	46.87	44.42	26.93	38.9	33.12	20.02	30.68	50.99	29.83	44.05	41.0	41.11	40.31	44.69	20.22	14.0	28.86	58.26	18.68	7.21	38.01	10.44	35.01	26.17	47.38	17.46	18.44	15.81	23.19	8.49	41.23	35.47	25.94	41.88	13.45	31.14	43.38	24.84	41.59	41.88	42.19	39.62	26.93	27.29	20.12	44.41	
14.04	42.72	40.8	28.46	46.1	10.63	14.76	43.42	18.03	44.82	35.69	24.04	33.12	38.48	34.37	43.14	36.24	42.64	26.48	23.0	39.2	40.36	36.12	18.03	10.3	18.38	8.25	15.0	32.31	29.97	23.02	31.83	10.0	34.13	36.88	6.32	37.48	42.95	28.16	32.02	39.36	43.68	48.3	8.06	22.36	33.73	7.28	7.07	37.11	16.76	25.63	21.93	43.28	10.63	36.89	14.42	11.4	28.28	23.19	11.4	0.0	9.43	33.29	31.78	44.6	47.13	33.06	44.1	30.48	28.16	20.22	50.22	20.0	35.36	31.06	40.5	36.24	45.62	29.55	11.4	35.06	56.85	9.22	5.1	45.71	20.81	42.76	35.11	47.51	7.0	9.49	13.42	30.59	15.03	37.01	34.99	30.15	44.27	3.0	31.3	39.7	25.08	38.21	39.7	33.14	40.25	17.0	34.37	9.22	35.01	
7.21	33.29	31.4	27.8	36.8	12.0	21.1	34.06	11.66	35.47	33.54	15.0	23.71	29.15	26.0	34.06	27.46	33.84	18.0	19.7	30.53	31.11	31.4	18.44	17.0	12.04	17.46	7.07	32.02	30.41	16.16	22.8	5.39	24.7	31.0	3.61	28.43	40.72	19.24	30.53	29.97	42.06	40.5	17.09	16.64	31.76	16.55	16.16	31.02	17.03	19.03	25.5	34.41	2.0	28.64	20.22	2.24	21.93	18.68	17.12	9.43	0.0	25.08	23.09	35.61	40.45	29.73	39.32	21.63	27.2	14.42	41.68	13.0	27.0	24.04	32.2	26.91	37.95	29.73	20.81	31.62	48.01	3.16	13.6	43.08	23.32	40.31	34.41	39.4	5.1	2.24	7.28	28.65	23.35	27.66	26.93	25.5	37.48	11.31	23.77	30.41	18.11	29.0	30.81	25.08	32.57	10.3	31.78	7.07	27.29	
27.29	18.68	15.52	27.02	17.12	36.4	37.44	16.03	29.0	17.0	25.96	11.05	16.28	20.81	28.02	12.37	5.0	10.3	24.35	18.68	6.71	12.04	17.0	26.4	35.47	15.56	39.7	18.36	30.07	31.02	29.43	6.4	29.12	14.87	12.81	28.64	8.06	30.41	21.93	26.17	19.72	33.11	15.52	38.95	32.25	25.5	39.05	38.29	12.04	25.94	9.85	35.11	11.18	23.26	3.61	36.06	22.85	33.53	15.81	34.21	33.29	25.08	0.0	24.7	13.0	17.46	20.62	21.93	5.39	26.02	31.06	17.03	28.07	28.6	32.7	7.21	11.18	13.15	30.02	44.2	21.19	24.08	27.51	35.47	31.06	31.95	29.53	30.41	14.32	30.08	26.57	20.0	24.08	42.64	12.08	2.0	15.13	14.56	35.85	4.0	12.17	9.43	10.2	8.25	29.15	8.0	28.02	23.77	31.32	31.91	
18.03	16.76	17.12	44.72	23.35	26.93	44.0	20.22	15.26	21.38	47.2	17.2	9.22	9.85	3.61	24.02	22.47	26.31	5.39	34.89	25.0	20.02	40.31	38.33	40.05	26.0	40.02	22.56	48.76	48.33	11.31	18.36	22.14	11.18	37.01	25.5	20.62	53.15	4.12	45.79	11.7	55.44	37.11	39.81	14.21	46.04	39.05	38.83	36.4	37.11	27.8	46.87	26.17	23.0	26.4	43.01	22.0	11.4	32.25	40.0	31.78	23.09	24.7	0.0	26.02	41.63	42.01	46.4	19.42	43.83	14.87	34.06	13.04	4.47	9.0	28.46	16.28	35.74	47.42	42.38	43.28	37.34	22.56	36.5	54.45	44.15	52.4	50.25	34.71	25.0	22.36	25.5	43.57	46.39	16.12	26.42	36.24	38.91	32.57	27.02	19.03	26.4	19.24	23.54	4.47	31.78	15.65	45.0	23.77	7.21	
35.78	11.66	9.49	39.46	5.83	45.65	50.25	7.21	36.06	7.07	37.05	20.62	17.03	17.72	28.28	2.0	8.6	3.0	28.28	31.62	6.32	6.0	27.17	39.4	48.01	28.02	51.66	29.7	42.11	43.42	34.71	12.81	38.59	15.03	22.2	39.2	7.21	40.02	25.18	38.05	15.81	42.95	12.81	50.99	37.85	37.0	50.93	50.25	21.21	38.91	22.85	48.1	2.0	34.06	10.2	48.88	33.42	37.05	28.79	46.87	44.6	35.61	13.0	26.02	0.0	20.0	32.0	29.15	14.14	38.47	37.36	8.06	34.48	28.44	35.01	8.06	10.2	12.81	42.43	55.87	32.06	12.53	37.44	47.42	39.85	44.94	39.05	42.0	10.0	40.22	36.62	31.89	36.12	55.22	10.05	12.37	27.17	18.36	46.86	16.76	7.0	22.36	7.28	5.0	30.15	12.37	35.47	35.01	40.82	32.39	
44.0	31.11	28.32	29.21	25.81	52.35	46.62	26.91	46.17	27.02	23.26	28.16	32.65	35.81	44.72	21.26	19.24	17.69	41.76	26.08	17.2	24.08	14.21	34.41	46.14	28.86	51.89	33.38	30.02	32.45	46.87	23.41	45.18	30.89	10.82	43.74	21.63	23.19	39.22	26.08	34.21	26.17	8.25	50.99	49.65	24.19	51.48	50.57	10.3	34.67	21.59	41.01	18.44	38.47	15.23	45.22	38.33	50.96	24.6	44.42	47.13	40.45	17.46	41.63	20.0	0.0	20.0	11.05	22.8	28.43	48.37	15.52	45.4	45.18	49.98	13.6	26.08	7.21	31.62	56.86	18.87	22.02	43.29	47.93	22.0	38.21	22.2	28.64	10.77	45.54	42.3	33.96	25.0	52.7	26.63	15.52	18.6	3.0	50.0	17.0	24.84	22.36	23.6	19.21	46.1	9.85	45.1	21.95	47.27	48.75	
35.78	39.29	36.14	9.22	37.12	41.23	28.23	36.5	39.45	37.34	5.39	24.84	35.36	40.72	45.61	32.06	25.5	29.0	39.6	10.2	26.08	32.56	5.83	16.49	28.86	18.36	35.51	23.71	10.44	12.53	42.2	26.0	35.11	34.44	10.44	32.02	28.64	11.4	38.29	6.32	39.92	13.45	26.0	34.53	44.1	5.0	35.36	34.37	11.4	17.26	14.21	21.4	30.0	27.86	22.09	26.93	28.23	47.63	11.18	26.93	33.06	29.73	20.62	42.01	32.0	20.0	0.0	12.08	24.17	8.49	42.19	32.02	39.66	46.4	48.1	24.02	31.62	23.41	11.66	40.61	2.0	39.56	32.89	32.14	13.42	18.87	10.82	10.0	27.2	34.21	31.95	22.47	5.0	34.54	32.57	20.22	5.83	18.36	36.06	16.76	32.76	15.62	30.81	28.16	46.1	20.22	38.08	3.16	36.69	48.92	
44.38	39.12	36.06	20.81	34.93	51.24	40.31	35.36	47.43	35.78	13.45	30.41	38.21	42.52	49.82	29.97	25.61	26.4	45.28	21.21	24.7	31.91	8.0	28.46	40.8	27.29	47.3	32.56	20.52	23.35	49.24	28.32	44.55	36.77	9.43	42.11	28.6	12.17	43.27	17.03	41.23	15.13	19.03	46.32	51.62	14.87	47.07	46.1	10.0	29.12	20.88	33.29	27.31	37.34	21.4	39.0	37.48	54.12	21.0	38.9	44.1	39.32	21.93	46.4	29.15	11.05	12.08	0.0	27.02	20.25	49.98	26.17	47.17	50.45	53.85	21.47	32.65	17.26	22.67	52.39	10.3	33.0	42.43	43.74	11.05	30.89	11.18	18.6	21.21	44.18	41.44	32.14	16.64	46.62	33.42	20.52	14.0	11.18	47.1	19.42	32.45	22.14	30.81	26.93	50.8	17.0	46.17	12.81	46.39	53.6	
22.8	16.0	13.04	29.27	16.55	32.31	36.67	14.56	24.08	15.81	29.55	6.71	11.4	16.55	22.8	12.81	5.83	12.21	18.97	20.0	8.94	10.77	21.4	26.68	34.13	14.32	37.54	15.56	32.76	33.24	24.19	2.0	25.08	10.3	17.69	25.24	7.21	34.67	16.55	29.12	15.81	37.22	20.1	36.88	27.07	28.79	36.8	36.12	17.03	25.96	11.05	35.69	12.81	20.0	8.0	35.34	19.42	28.16	17.0	33.12	30.48	21.63	5.39	19.42	14.14	22.8	24.17	27.02	0.0	28.28	26.0	20.12	23.0	23.43	27.31	11.18	8.0	18.0	32.25	41.73	25.06	26.4	23.71	33.3	35.61	32.56	33.84	33.53	18.44	26.42	22.83	17.8	26.93	41.34	9.0	7.28	18.38	19.92	32.8	7.81	10.44	10.0	8.54	9.22	23.85	13.15	23.19	27.31	27.31	26.63	
34.06	44.18	41.11	1.0	43.1	37.58	20.62	42.0	38.21	43.01	8.06	26.93	38.6	44.38	47.41	38.21	31.02	35.51	40.5	8.94	32.25	38.0	14.21	10.2	22.02	18.03	29.0	22.67	5.0	5.0	41.77	30.27	32.45	38.08	18.36	28.65	34.0	15.03	39.82	4.0	43.93	15.52	34.0	28.0	43.14	6.08	29.02	28.02	19.24	11.4	17.26	13.04	36.5	25.61	28.28	19.42	26.25	47.51	11.7	20.02	28.16	27.2	26.02	43.83	38.47	28.43	8.49	20.25	28.28	0.0	41.04	39.56	38.9	48.3	48.6	30.81	36.22	31.3	4.0	34.01	10.0	47.17	30.23	26.17	18.0	10.77	15.0	7.21	34.93	30.89	29.41	20.52	3.61	26.93	37.22	26.17	11.4	26.63	31.05	22.02	38.01	18.44	36.01	34.13	47.51	27.51	36.8	7.62	33.62	50.25	
7.21	30.53	29.97	41.73	36.25	12.65	34.48	33.11	2.83	34.44	46.62	20.22	21.02	24.21	16.12	35.44	31.14	36.67	10.0	32.8	34.23	31.62	42.54	32.8	30.08	23.85	28.02	18.6	45.97	44.6	3.61	26.08	10.44	22.85	40.8	14.87	30.59	53.54	13.04	44.05	25.81	55.22	46.04	28.07	2.24	45.0	27.02	27.07	40.52	31.4	29.15	39.82	36.88	15.62	34.0	33.84	14.87	8.06	31.06	30.68	20.22	14.42	31.06	14.87	37.36	48.37	42.19	49.98	26.0	41.04	0.0	44.91	3.0	17.0	11.05	37.05	27.2	44.0	43.86	29.27	43.91	49.65	12.08	25.32	55.57	37.74	53.0	48.17	44.18	13.34	12.53	20.52	42.01	35.23	27.51	33.06	37.12	45.4	20.0	31.58	30.68	27.86	30.08	33.54	14.32	39.05	4.24	44.65	11.05	15.52	
42.72	19.31	17.46	40.5	12.53	52.39	54.04	14.87	43.42	14.32	36.5	26.83	25.0	25.71	36.35	10.05	14.32	8.25	36.12	34.13	11.18	14.04	26.48	42.44	52.35	32.56	56.73	35.23	42.45	44.27	42.43	19.31	45.19	23.0	21.59	45.28	14.32	38.01	33.06	38.33	23.77	41.01	7.28	55.97	45.54	36.88	56.08	55.32	20.62	42.2	26.25	50.61	8.06	39.96	13.45	52.63	39.45	45.01	31.62	50.99	50.22	41.68	17.03	34.06	8.06	15.52	32.02	26.17	20.12	39.56	44.91	0.0	41.98	36.5	43.05	9.9	18.03	9.0	43.32	61.22	31.58	7.62	43.83	52.5	37.22	47.51	37.01	41.77	5.0	46.53	42.94	37.01	36.69	59.46	18.0	15.56	28.23	15.03	52.7	19.85	15.03	26.17	15.03	11.4	38.21	12.08	42.72	34.71	47.42	40.45	
6.08	28.02	27.29	39.62	33.54	13.89	33.73	30.41	2.24	31.76	44.2	17.26	18.36	21.93	14.87	32.57	28.16	33.73	7.81	30.48	31.26	28.79	39.81	31.06	29.43	21.4	28.07	16.28	43.86	42.64	3.16	23.09	10.0	20.12	37.95	14.14	27.66	51.04	10.63	41.77	23.43	52.8	43.05	28.02	4.47	42.64	27.07	27.02	37.64	29.68	26.4	38.48	33.96	13.89	31.0	32.98	13.04	8.94	28.6	29.83	20.0	13.0	28.07	13.04	34.48	45.4	39.66	47.17	23.0	38.9	3.0	41.98	0.0	15.81	11.18	34.06	24.35	41.0	41.87	29.83	41.34	46.82	11.18	25.02	53.0	36.24	50.48	45.97	41.19	13.0	11.4	18.44	39.7	35.01	24.7	30.07	34.48	42.43	20.22	28.64	27.86	25.08	27.2	30.59	13.34	36.06	3.0	42.2	11.18	15.03	
21.38	18.03	19.1	49.19	25.0	29.55	48.04	22.02	18.03	23.0	51.61	21.63	12.53	11.0	1.0	26.48	25.94	29.12	9.0	39.36	28.23	22.56	44.55	42.72	44.0	30.46	43.57	26.93	53.24	52.8	13.42	22.2	25.5	14.32	41.11	29.15	23.77	57.49	8.54	50.25	13.0	59.82	40.16	43.42	15.81	50.48	42.58	42.43	40.46	41.48	32.2	51.2	28.86	27.07	30.02	47.1	26.08	11.4	36.72	44.05	35.36	27.0	28.6	4.47	28.44	45.18	46.4	50.45	23.43	48.3	17.0	36.5	15.81	0.0	8.06	31.78	19.31	39.0	51.89	45.61	47.63	39.01	26.17	40.2	58.73	48.51	56.73	54.71	37.64	28.44	26.08	29.83	48.02	50.16	18.97	30.23	40.61	42.54	35.9	31.14	21.59	30.81	22.14	26.57	2.83	35.36	18.68	49.41	26.93	4.0	
17.26	25.5	26.08	49.41	32.25	23.54	44.91	29.15	13.04	30.27	53.04	23.6	18.11	18.44	7.62	33.02	31.05	35.23	8.6	39.82	33.73	29.02	47.2	41.59	40.61	30.61	39.0	26.08	53.6	52.7	8.06	26.57	21.1	20.1	44.42	25.32	29.43	59.46	10.77	51.09	20.4	61.52	45.89	39.01	9.22	51.66	38.0	38.01	43.91	40.25	34.06	49.4	35.13	24.7	34.79	44.15	23.77	3.61	37.54	41.0	31.06	24.04	32.7	9.0	35.01	49.98	48.1	53.85	27.31	48.6	11.05	43.05	11.18	8.06	0.0	37.11	25.18	44.38	51.87	40.31	49.58	46.27	22.36	36.12	61.07	47.01	58.8	55.44	43.57	24.08	22.56	28.65	48.92	46.1	25.08	34.54	42.52	47.17	31.02	34.48	28.02	32.65	28.16	32.39	5.39	40.16	14.14	50.91	22.0	5.0	
33.96	17.8	14.87	31.78	13.6	43.32	44.2	13.89	35.23	14.32	29.02	17.72	19.31	22.2	31.38	8.54	6.08	5.1	29.27	24.6	3.61	10.63	19.1	32.76	42.45	22.67	46.86	25.55	34.23	35.69	35.01	11.0	36.06	17.46	14.14	35.78	8.06	32.02	26.48	30.15	20.62	34.93	9.0	46.1	38.0	29.02	46.23	45.45	13.15	32.45	16.4	41.15	6.08	30.41	3.61	42.8	29.97	38.47	21.95	41.11	40.5	32.2	7.21	28.46	8.06	13.6	24.02	21.47	11.18	30.81	37.05	9.9	34.06	31.78	37.11	0.0	12.53	7.28	34.71	51.4	24.02	17.2	34.54	42.64	31.95	38.01	31.05	34.01	7.28	37.16	33.62	27.2	28.28	49.58	13.04	5.66	19.42	11.31	43.05	10.0	11.31	16.28	10.0	5.66	32.89	4.47	34.37	27.0	38.28	35.47	
26.08	8.0	5.1	37.22	9.9	36.06	44.01	7.21	26.0	8.6	37.0	12.53	7.07	9.9	18.97	8.25	7.07	10.05	18.11	28.0	8.94	4.47	28.18	34.53	41.15	21.84	43.83	21.95	40.61	41.19	24.52	6.0	29.21	5.1	23.85	30.41	4.47	41.59	15.03	36.88	8.6	44.28	20.88	43.27	27.66	36.4	43.01	42.44	23.02	33.73	19.03	43.57	10.0	25.61	11.31	42.72	24.84	27.0	25.0	40.31	36.24	26.91	11.18	16.28	10.2	26.08	31.62	32.65	8.0	36.22	27.2	18.03	24.35	19.31	25.18	12.53	0.0	19.7	40.2	47.63	32.31	22.47	28.32	39.66	42.19	40.45	40.71	41.23	18.44	31.14	27.59	24.6	34.71	48.3	1.0	12.21	25.96	23.6	38.21	14.87	3.61	18.0	3.0	7.28	20.62	16.4	25.5	34.79	31.4	23.09	
40.45	24.08	21.4	32.2	18.6	49.48	47.38	19.8	42.05	19.85	27.66	24.19	26.57	29.15	38.63	14.14	13.34	10.63	36.5	26.91	10.77	17.2	17.72	35.38	46.23	27.29	51.31	31.02	33.84	35.85	42.11	18.11	42.2	24.7	13.0	41.44	15.23	29.02	33.73	29.73	27.46	32.02	2.83	50.48	45.04	28.16	50.77	49.93	12.08	35.36	20.25	43.01	11.31	36.06	10.0	45.97	35.74	45.71	24.76	44.69	45.62	37.95	13.15	35.74	12.81	7.21	23.41	17.26	18.0	31.3	44.0	9.0	41.0	39.0	44.38	7.28	19.7	0.0	34.93	56.08	22.8	16.28	40.52	47.17	28.28	40.0	28.02	32.98	4.0	43.01	39.56	32.2	28.23	53.15	20.12	11.18	20.25	6.08	48.33	14.32	18.03	20.59	17.0	12.53	40.16	5.39	41.11	25.96	44.38	42.72	
36.77	48.17	45.1	3.0	47.1	39.45	20.02	46.0	41.04	47.01	9.43	30.68	42.45	48.27	50.99	42.19	35.01	39.46	43.91	12.65	36.22	42.0	17.49	11.66	22.2	21.47	29.27	25.81	3.0	1.0	44.82	34.23	34.83	41.98	21.93	30.81	38.0	15.3	43.38	5.66	47.85	15.0	37.58	28.28	46.01	7.81	29.43	28.44	22.85	13.04	21.21	11.4	40.45	28.28	32.25	19.0	29.0	50.61	15.52	20.22	29.55	29.73	30.02	47.42	42.43	31.62	11.66	22.67	32.25	4.0	43.86	43.32	41.87	51.89	51.87	34.71	40.2	34.93	0.0	34.13	12.81	50.92	32.65	26.93	18.44	10.0	15.52	6.0	38.63	33.02	31.89	23.43	6.71	26.17	41.19	30.15	15.3	30.02	32.31	26.02	42.01	22.36	40.01	38.12	51.0	31.32	39.62	9.9	35.81	53.71	
24.35	54.08	52.2	34.0	57.49	17.0	14.56	54.82	27.66	56.22	42.05	35.38	44.42	49.65	44.64	54.45	47.42	53.81	37.0	31.32	50.33	51.74	44.64	24.19	12.0	28.84	5.1	26.17	37.12	34.23	32.56	43.14	20.25	45.49	46.24	17.49	48.8	49.0	39.0	38.01	50.61	49.09	58.83	6.08	31.14	40.05	5.39	6.32	46.62	23.35	35.85	23.77	54.49	22.02	47.8	15.3	22.8	37.12	32.31	14.0	11.4	20.81	44.2	42.38	55.87	56.86	40.61	52.39	41.73	34.01	29.27	61.22	29.83	45.61	40.31	51.4	47.63	56.08	34.13	0.0	42.58	68.01	20.12	8.94	52.01	24.19	49.01	40.11	58.25	17.46	20.59	24.21	37.12	10.0	48.41	45.8	38.9	54.13	9.85	41.88	51.09	35.51	49.58	50.93	43.17	50.77	26.93	41.19	18.68	44.72	
37.58	39.85	36.69	10.63	37.34	43.17	30.08	36.88	41.18	37.66	5.0	26.17	36.36	41.59	46.86	32.25	25.96	29.07	41.04	12.17	26.31	32.98	5.1	18.44	30.81	20.12	37.48	25.5	11.18	13.6	43.83	26.83	37.0	35.36	10.05	33.96	29.12	9.9	39.62	7.21	40.72	12.21	25.3	36.5	45.79	5.39	37.34	36.35	11.05	19.24	15.56	23.02	30.07	29.73	22.36	28.79	30.08	49.2	13.0	28.86	35.06	31.62	21.19	43.28	32.06	18.87	2.0	10.3	25.06	10.0	43.91	31.58	41.34	47.63	49.58	24.02	32.31	22.8	12.81	42.58	0.0	39.05	34.79	34.13	11.66	20.59	9.22	10.2	26.68	36.14	33.84	24.35	6.4	36.4	33.24	20.62	7.07	17.46	38.05	17.46	33.24	16.97	31.32	28.44	47.42	20.02	39.82	3.16	38.6	50.25	
48.3	21.0	20.22	48.1	14.04	58.18	61.4	17.12	48.47	16.03	43.93	33.02	28.86	28.02	39.05	14.32	20.62	14.21	40.26	41.68	17.69	18.03	33.96	49.93	59.55	39.62	63.66	41.87	50.0	51.87	46.84	25.24	51.11	26.93	29.12	51.61	19.72	45.04	37.11	45.88	26.02	48.04	14.04	62.94	50.0	44.38	62.97	62.24	28.16	49.65	33.6	58.18	13.6	46.4	20.62	60.0	45.8	48.66	39.12	58.26	56.85	48.01	24.08	37.34	12.53	22.02	39.56	33.0	26.4	47.17	49.65	7.62	46.82	39.01	46.27	17.2	22.47	16.28	50.92	68.01	39.05	0.0	49.93	59.41	44.01	55.07	44.05	49.24	12.37	52.7	49.09	43.86	44.27	66.71	22.14	22.8	35.85	22.09	59.2	27.2	18.97	33.42	19.7	17.2	41.11	19.7	47.93	42.2	53.34	43.01	
5.1	34.21	32.56	30.81	38.21	9.06	22.56	35.36	9.49	36.77	36.67	17.0	24.41	29.53	25.18	35.81	29.53	35.85	17.26	22.85	32.65	32.65	34.53	21.21	18.25	15.13	17.46	10.0	35.0	33.3	14.32	24.7	2.24	25.61	34.01	3.0	30.23	43.86	18.97	33.62	30.53	45.18	43.01	17.26	14.32	34.89	16.49	16.28	34.0	19.8	22.0	27.78	36.36	5.1	31.02	21.84	5.0	19.92	21.84	18.68	9.22	3.16	27.51	22.56	37.44	43.29	32.89	42.43	23.71	30.23	12.08	43.83	11.18	26.17	22.36	34.54	28.32	40.52	32.65	20.12	34.79	49.93	0.0	14.04	46.24	25.81	43.46	37.44	41.79	2.83	1.0	10.44	31.76	24.02	29.0	29.41	28.64	40.31	10.3	26.48	31.89	21.02	30.61	32.76	24.02	35.17	8.25	34.93	4.0	26.02	
19.0	46.53	44.42	26.31	49.41	15.26	10.0	46.87	23.09	48.26	34.06	27.2	37.16	42.72	39.2	46.1	38.9	45.25	31.26	22.56	41.73	43.6	35.9	16.03	5.66	20.0	4.24	17.8	29.83	27.2	28.07	34.83	15.03	38.01	37.34	11.05	40.46	41.19	32.76	30.15	43.46	41.59	49.93	3.61	27.46	32.06	3.61	2.83	37.7	15.0	26.93	18.03	45.97	14.32	39.05	9.9	15.23	33.38	23.41	7.21	5.1	13.6	35.47	36.5	47.42	47.93	32.14	43.74	33.3	26.17	25.32	52.5	25.02	40.2	36.12	42.64	39.66	47.17	26.93	8.94	34.13	59.41	14.04	0.0	44.1	17.46	41.11	32.76	49.41	12.04	14.14	15.56	29.02	10.0	40.5	37.01	30.08	45.19	6.4	33.02	43.01	26.63	41.4	42.45	38.05	41.88	22.02	33.0	14.32	40.0	
49.19	49.19	46.07	18.03	45.54	54.41	38.33	45.69	52.84	46.24	10.05	37.54	47.01	51.87	58.0	40.5	35.36	37.0	52.5	23.41	34.93	42.05	14.21	28.07	40.01	31.76	47.0	37.12	15.52	18.68	55.47	37.2	48.47	45.8	18.36	45.22	38.47	3.16	50.93	14.0	50.77	5.0	30.07	46.0	57.45	12.04	47.01	46.01	19.24	29.15	27.02	29.83	37.95	41.23	31.3	37.22	41.63	60.8	24.6	38.01	45.71	43.08	31.06	54.45	39.85	22.0	13.42	11.05	35.61	18.0	55.57	37.22	53.0	58.73	61.07	31.95	42.19	28.28	18.44	52.01	11.66	44.01	46.24	44.1	0.0	28.28	3.0	12.65	32.25	47.43	45.31	35.85	15.13	44.55	43.05	30.02	18.6	22.2	48.66	27.8	42.49	28.43	40.71	37.16	58.69	27.51	51.48	11.4	49.98	61.52	
30.53	48.37	45.54	10.44	48.76	31.24	10.05	47.07	34.99	48.27	18.68	29.0	41.01	47.01	47.54	44.27	36.69	42.15	39.85	13.42	38.63	43.17	24.21	6.0	12.37	19.0	19.42	21.59	13.0	10.05	39.36	34.53	27.8	41.01	27.59	23.43	39.29	25.18	40.02	14.56	47.01	25.0	42.8	18.44	39.96	16.76	19.65	18.68	28.32	7.07	22.14	3.16	43.08	22.36	34.93	9.0	23.26	45.18	16.16	10.44	20.81	23.32	31.95	44.15	44.94	38.21	18.87	30.89	32.56	10.77	37.74	47.51	36.24	48.51	47.01	38.01	40.45	40.0	10.0	24.19	20.59	55.07	25.81	17.46	28.28	0.0	25.32	16.0	43.27	25.5	25.24	18.68	14.32	16.28	41.44	32.7	19.85	36.07	23.32	28.23	42.95	22.8	41.0	40.16	47.13	35.51	33.62	18.38	28.32	49.65	
46.53	47.93	44.78	15.03	44.64	51.55	35.36	44.6	50.25	45.22	7.07	35.36	45.22	50.25	55.97	39.56	34.01	36.14	50.25	20.62	33.84	40.85	12.53	25.08	37.01	29.15	44.0	34.48	12.65	15.81	53.01	35.51	45.69	44.1	17.09	42.38	37.16	1.0	48.8	11.0	49.24	4.0	30.02	43.0	54.92	9.06	44.01	43.01	18.03	26.17	24.76	26.93	37.11	38.48	30.08	34.23	38.91	58.41	21.95	35.01	42.76	40.31	29.53	52.4	39.05	22.2	10.82	11.18	33.84	15.0	53.0	37.01	50.48	56.73	58.8	31.05	40.71	28.02	15.52	49.01	9.22	44.05	43.46	41.11	3.0	25.32	0.0	9.85	32.02	44.6	42.54	33.11	12.17	41.59	41.59	28.64	16.28	22.0	45.71	26.08	41.23	26.17	39.4	36.06	56.59	26.68	48.88	8.54	47.17	59.41	
41.23	49.03	45.89	6.71	47.1	44.72	26.02	46.39	45.34	47.27	5.39	33.12	44.38	49.98	53.85	42.05	35.36	39.0	47.2	15.62	36.06	42.43	15.3	17.09	28.16	24.84	35.23	29.7	3.0	6.08	48.8	35.44	39.66	43.66	20.22	35.85	38.47	9.49	46.32	4.47	49.34	9.0	35.44	34.23	50.25	5.0	35.36	34.37	21.21	18.38	22.85	17.26	40.0	32.8	32.06	25.0	33.42	54.49	18.03	26.17	35.11	34.41	30.41	50.25	42.0	28.64	10.0	18.6	33.53	7.21	48.17	41.77	45.97	54.71	55.44	34.01	41.23	32.98	6.0	40.11	10.2	49.24	37.44	32.76	12.65	16.0	9.85	0.0	36.88	38.08	36.62	27.66	6.71	32.14	42.2	30.15	15.3	27.51	37.95	26.48	42.58	24.17	40.61	38.12	54.08	30.15	43.93	7.07	40.82	56.86	
41.23	21.63	19.24	35.85	15.56	50.6	50.25	17.2	42.43	17.03	31.58	25.0	25.5	27.31	37.36	11.66	13.04	8.54	36.06	30.0	10.0	15.23	21.59	38.42	48.84	29.41	53.6	32.65	37.64	39.56	42.01	18.11	43.32	23.54	16.76	42.95	14.14	33.02	33.14	33.53	25.5	36.01	2.83	52.8	45.04	32.02	53.01	52.2	15.81	38.29	22.67	46.32	8.94	37.58	10.77	48.84	37.16	45.18	27.66	47.38	47.51	39.4	14.32	34.71	10.0	10.77	27.2	21.21	18.44	34.93	44.18	5.0	41.19	37.64	43.57	7.28	18.44	4.0	38.63	58.25	26.68	12.37	41.79	49.41	32.25	43.27	32.02	36.88	0.0	44.38	40.85	34.13	31.95	55.87	18.68	12.53	23.71	10.05	50.12	16.4	16.16	22.8	15.52	11.18	39.05	7.81	41.59	29.83	45.54	41.48	
7.07	37.01	35.38	31.38	41.04	7.07	21.19	38.18	11.05	39.6	37.7	19.72	27.2	32.25	27.46	38.6	32.25	38.59	19.65	24.04	35.36	35.47	36.22	21.4	16.76	17.0	15.13	12.17	35.51	33.6	16.03	27.46	3.0	28.43	36.01	2.24	33.02	44.94	21.54	34.44	33.29	46.1	45.54	15.03	15.52	35.85	14.14	14.04	36.06	20.0	24.08	27.2	39.12	7.07	33.62	20.62	7.28	21.38	23.35	17.46	7.0	5.1	30.08	25.0	40.22	45.54	34.21	44.18	26.42	30.89	13.34	46.53	13.0	28.44	24.08	37.16	31.14	43.01	33.02	17.46	36.14	52.7	2.83	12.04	47.43	25.5	44.6	38.08	44.38	0.0	3.61	12.04	32.7	22.02	31.83	31.95	30.27	42.58	7.62	28.86	34.71	23.19	33.42	35.51	26.17	37.64	10.0	36.06	2.83	28.02	
5.39	33.6	31.89	30.0	37.48	10.05	22.36	34.66	9.85	36.07	35.78	16.12	23.85	29.07	25.08	35.0	28.65	34.99	17.12	21.93	31.76	31.89	33.54	20.52	18.11	14.14	17.72	9.0	34.21	32.56	14.56	23.85	3.16	25.0	33.02	3.16	29.41	42.95	18.68	32.76	30.02	44.29	42.06	17.46	14.76	34.0	16.76	16.49	33.0	19.1	21.0	27.29	35.51	4.12	30.08	21.59	4.0	20.25	20.88	18.44	9.49	2.24	26.57	22.36	36.62	42.3	31.95	41.44	22.83	29.41	12.53	42.94	11.4	26.08	22.56	33.62	27.59	39.56	31.89	20.59	33.84	49.09	1.0	14.14	45.31	25.24	42.54	36.62	40.85	3.61	0.0	9.49	30.89	24.08	28.28	28.46	27.66	39.32	10.82	25.5	31.14	20.02	29.83	31.91	24.0	34.21	8.54	34.01	5.0	26.08	
13.6	31.95	29.55	21.21	34.13	19.1	19.65	31.76	17.69	33.12	26.42	12.08	23.35	29.27	28.86	30.61	23.35	29.7	21.19	12.53	26.17	28.3	24.19	13.0	16.55	5.1	19.8	3.0	25.46	24.21	21.4	19.42	12.65	23.77	24.08	10.0	25.0	33.54	21.38	23.6	29.61	34.99	34.89	19.1	22.63	24.7	19.1	18.38	24.19	11.7	12.37	21.38	30.41	5.39	23.6	18.44	5.83	27.2	11.4	15.81	13.42	7.28	20.0	25.5	31.89	33.96	22.47	32.14	17.8	20.52	20.52	37.01	18.44	29.83	28.65	27.2	24.6	32.2	23.43	24.21	24.35	43.86	10.44	15.56	35.85	18.68	33.11	27.66	34.13	12.04	9.49	0.0	21.63	23.71	25.5	21.63	18.25	31.05	16.16	17.89	27.78	11.7	26.08	26.91	28.46	26.83	16.28	24.6	14.32	31.02	
35.23	42.58	39.46	4.24	41.0	39.56	24.04	40.11	39.2	41.05	5.1	26.42	37.7	43.32	47.17	36.01	29.07	33.14	40.61	9.22	30.02	36.12	10.82	13.0	25.18	18.38	32.06	23.43	6.0	7.62	42.45	28.86	34.0	37.0	15.23	30.46	32.14	12.37	39.66	2.24	42.72	13.42	30.87	31.06	44.05	3.16	32.02	31.02	16.16	14.04	16.16	16.64	34.13	26.93	26.02	22.8	27.46	48.08	11.4	23.19	30.59	28.65	24.08	43.57	36.12	25.0	5.0	16.64	26.93	3.61	42.01	36.69	39.7	48.02	48.92	28.28	34.71	28.23	6.71	37.12	6.4	44.27	31.76	29.02	15.13	14.32	12.17	6.71	31.95	32.7	30.89	21.63	0.0	30.36	35.69	24.0	9.0	23.32	33.54	20.1	36.22	17.46	34.23	32.0	47.43	24.74	37.8	4.12	35.34	50.22	
29.0	55.54	53.23	26.68	57.8	24.35	6.32	55.47	33.06	56.82	34.93	35.78	46.49	52.2	49.16	54.08	46.62	52.8	41.19	26.63	49.2	51.97	39.36	18.36	7.21	27.2	7.62	26.4	29.15	26.08	38.05	43.05	25.02	47.17	41.88	21.02	48.55	41.44	42.58	30.81	52.81	41.11	55.97	7.28	37.34	32.98	8.54	8.25	42.44	18.03	33.24	15.0	53.6	23.77	46.1	7.62	24.74	43.29	28.43	8.49	15.03	23.35	42.64	46.39	55.22	52.7	34.54	46.62	41.34	26.93	35.23	59.46	35.01	50.16	46.1	49.58	48.3	53.15	26.17	10.0	36.4	66.71	24.02	10.0	44.55	16.28	41.59	32.14	55.87	22.02	24.08	23.71	30.36	0.0	49.19	43.93	34.13	50.22	15.52	39.62	51.48	33.3	49.74	50.22	48.04	48.1	32.02	34.48	24.19	50.0	
26.63	7.0	4.12	38.21	9.22	36.62	44.94	6.4	26.4	7.81	37.95	13.42	7.0	9.22	18.68	8.06	7.81	10.2	18.25	29.0	9.43	4.12	29.07	35.51	42.05	22.8	44.65	22.83	41.59	42.19	24.74	7.0	29.83	5.0	24.7	31.14	5.0	42.49	15.13	37.85	7.81	45.19	21.19	44.1	27.89	37.36	43.83	43.27	23.85	34.71	20.02	44.55	10.05	26.4	12.04	43.66	25.61	27.02	26.0	41.23	37.01	27.66	12.08	16.12	10.05	26.63	32.57	33.42	9.0	37.22	27.51	18.0	24.7	18.97	25.08	13.04	1.0	20.12	41.19	48.41	33.24	22.14	29.0	40.5	43.05	41.44	41.59	42.2	18.68	31.83	28.28	25.5	35.69	49.19	0.0	13.04	26.93	24.21	38.95	15.81	3.16	19.0	3.16	7.62	20.4	17.03	25.94	35.74	32.02	22.8	
29.27	19.31	16.16	27.17	17.0	38.33	38.6	16.28	31.0	17.12	25.5	13.04	17.8	22.02	29.68	12.04	5.39	9.49	26.25	19.31	6.08	12.37	16.16	27.29	36.8	17.03	41.23	20.12	30.0	31.14	31.4	8.06	31.05	16.28	11.66	30.46	8.54	29.55	23.77	26.02	20.81	32.31	13.6	40.46	34.23	25.18	40.61	39.82	10.82	26.93	10.82	35.85	10.44	25.08	2.24	37.2	24.7	35.44	16.55	35.47	34.99	26.93	2.0	26.42	12.37	15.52	20.22	20.52	7.28	26.17	33.06	15.56	30.07	30.23	34.54	5.66	12.21	11.18	30.15	45.8	20.62	22.8	29.41	37.01	30.02	32.7	28.64	30.15	12.53	31.95	28.46	21.63	24.0	43.93	13.04	0.0	15.0	12.65	37.59	4.47	12.65	10.63	10.77	8.0	30.89	6.0	30.02	23.35	33.24	33.62	
31.02	33.73	30.59	12.37	32.0	37.34	28.02	31.14	34.44	32.06	11.18	19.1	29.53	34.93	39.82	27.02	20.1	24.19	33.97	7.62	21.02	27.17	6.0	15.81	27.73	13.6	33.84	18.97	15.0	16.28	36.89	20.25	30.81	28.64	7.81	28.16	23.19	16.97	32.56	11.05	34.18	19.21	23.02	32.89	38.95	10.44	33.53	32.57	8.49	16.12	8.49	22.8	25.18	23.54	17.03	26.63	23.77	42.2	7.0	25.94	30.15	25.5	15.13	36.24	27.17	18.6	5.83	14.0	18.38	11.4	37.12	28.23	34.48	40.61	42.52	19.42	25.96	20.25	15.3	38.9	7.07	35.85	28.64	30.08	18.6	19.85	16.28	15.3	23.71	30.27	27.66	18.25	9.0	34.13	26.93	15.0	0.0	16.28	33.14	11.18	27.29	9.9	25.32	23.0	40.36	16.16	33.11	8.94	32.56	43.19	
41.0	29.07	26.17	27.46	24.19	49.37	44.2	25.0	43.19	25.24	22.14	25.18	30.02	33.42	42.06	19.42	16.64	15.81	38.9	23.6	14.87	21.93	12.53	32.02	43.57	25.96	49.19	30.41	28.64	30.89	43.93	20.62	42.19	28.3	8.49	40.79	19.21	23.0	36.4	24.6	31.89	26.0	8.06	48.3	46.69	22.85	48.75	47.85	7.81	32.2	18.68	38.95	16.64	35.51	12.53	42.8	35.36	48.08	21.95	41.88	44.27	37.48	14.56	38.91	18.36	3.0	18.36	11.18	19.92	26.63	45.4	15.03	42.43	42.54	47.17	11.31	23.6	6.08	30.02	54.13	17.46	22.09	40.31	45.19	22.2	36.07	22.0	27.51	10.05	42.58	39.32	31.05	23.32	50.22	24.21	12.65	16.28	0.0	47.13	14.0	22.63	19.42	21.26	16.97	43.38	7.21	42.11	20.62	44.28	46.07	
14.56	44.41	42.64	31.32	48.1	8.94	16.4	45.34	18.11	46.75	38.64	26.25	34.67	39.82	34.93	45.34	38.6	45.0	27.2	26.0	41.62	42.43	39.12	20.88	12.04	21.19	8.06	17.49	35.11	32.7	23.09	34.06	10.44	35.81	39.81	7.81	39.7	45.89	29.15	34.93	40.82	46.57	50.99	8.25	22.02	36.67	7.07	7.28	40.02	19.65	28.46	24.21	45.61	12.81	39.45	16.28	13.45	28.02	26.17	13.45	3.0	11.31	35.85	32.57	46.86	50.0	36.06	47.1	32.8	31.05	20.0	52.7	20.22	35.9	31.02	43.05	38.21	48.33	32.31	9.85	38.05	59.2	10.3	6.4	48.66	23.32	45.71	37.95	50.12	7.62	10.82	16.16	33.54	15.52	38.95	37.59	33.14	47.13	0.0	34.01	41.73	27.86	40.31	42.01	33.54	42.95	17.26	37.34	9.06	35.23	
27.0	22.56	19.42	23.02	21.1	35.51	34.21	20.02	29.27	21.0	22.14	11.4	19.21	24.19	30.48	16.28	9.0	13.93	25.94	14.87	10.44	16.03	13.6	22.83	32.53	13.04	37.2	16.76	26.08	27.02	30.36	9.43	28.28	18.03	10.0	27.2	12.04	26.93	23.85	22.2	23.26	29.53	17.0	36.4	32.98	21.59	36.62	35.81	9.43	22.47	6.4	31.38	14.87	21.84	6.71	32.8	21.59	34.93	12.08	31.14	31.3	23.77	4.0	27.02	16.76	17.0	16.76	19.42	7.81	22.02	31.58	19.85	28.64	31.14	34.48	10.0	14.87	14.32	26.02	41.88	17.46	27.2	26.48	33.02	27.8	28.23	26.08	26.48	16.4	28.86	25.5	17.89	20.1	39.62	15.81	4.47	11.18	14.0	34.01	0.0	16.12	6.4	14.14	12.17	31.4	8.94	28.16	19.92	30.41	34.21	
29.68	6.71	3.61	39.01	6.4	39.66	47.01	4.12	29.55	5.39	38.08	15.81	10.05	11.18	21.38	5.0	7.28	7.62	21.38	30.15	7.81	1.0	28.79	37.11	44.29	24.7	47.2	25.24	42.19	43.01	27.89	8.54	32.8	8.06	24.17	33.94	4.12	42.15	18.25	38.33	9.43	44.94	18.79	46.62	31.05	37.66	46.4	45.8	23.26	36.4	21.1	46.1	7.28	29.07	11.18	45.69	28.32	30.07	27.17	43.38	39.7	30.41	12.17	19.03	7.0	24.84	32.76	32.45	10.44	38.01	30.68	15.03	27.86	21.59	28.02	11.31	3.61	18.03	42.01	51.09	33.24	18.97	31.89	43.01	42.49	42.95	41.23	42.58	16.16	34.71	31.14	27.78	36.22	51.48	3.16	12.65	27.29	22.63	41.73	16.12	0.0	20.22	2.0	5.66	23.19	15.62	29.07	35.9	35.0	25.5	
22.36	26.0	23.02	19.42	25.96	30.07	28.02	24.33	25.3	25.5	20.81	9.22	20.25	25.96	30.0	21.54	13.93	19.72	24.08	10.0	16.12	20.4	14.76	17.09	26.17	6.71	30.81	11.05	23.09	23.35	27.29	12.0	23.0	19.65	13.15	21.38	16.49	26.87	22.67	19.7	25.5	29.07	23.32	30.0	29.55	19.72	30.23	29.41	13.04	16.55	1.41	25.96	20.59	16.12	12.81	26.63	16.03	32.45	7.0	24.84	25.08	18.11	9.43	26.4	22.36	22.36	15.62	22.14	10.0	18.44	27.86	26.17	25.08	30.81	32.65	16.28	18.0	20.59	22.36	35.51	16.97	33.42	21.02	26.63	28.43	22.8	26.17	24.17	22.8	23.19	20.02	11.7	17.46	33.3	19.0	10.63	9.9	19.42	27.86	6.4	20.22	0.0	18.25	17.46	30.48	15.26	24.04	18.6	25.02	33.3	
28.65	8.54	5.39	37.01	8.06	38.59	45.19	6.08	28.79	7.28	36.14	14.21	10.05	12.21	21.84	5.39	5.39	7.07	21.1	28.16	6.4	2.24	26.93	35.17	42.54	22.85	45.61	23.6	40.2	41.01	27.46	6.71	31.62	8.06	22.36	32.56	2.24	40.31	18.03	36.35	10.63	43.08	18.03	45.0	30.59	35.69	44.82	44.2	21.47	34.48	19.1	44.15	7.0	27.59	9.43	43.86	26.87	30.0	25.18	41.59	38.21	29.0	10.2	19.24	7.28	23.6	30.81	30.81	8.54	36.01	30.08	15.03	27.2	22.14	28.16	10.0	3.0	17.0	40.01	49.58	31.32	19.7	30.61	41.4	40.71	41.0	39.4	40.61	15.52	33.42	29.83	26.08	34.23	49.74	3.16	10.77	25.32	21.26	40.31	14.14	2.0	18.25	0.0	4.47	23.54	14.14	28.23	33.96	33.84	25.96	
31.38	12.21	9.22	35.13	9.0	41.15	45.28	8.54	32.02	9.22	33.38	15.81	14.32	16.64	26.25	4.12	3.61	3.16	25.0	26.93	2.24	5.0	23.77	34.54	43.01	23.02	46.69	24.76	38.0	39.12	31.14	8.06	34.0	12.37	18.97	34.41	3.0	37.0	22.02	34.01	15.0	39.85	13.6	46.01	34.23	33.14	45.97	45.28	18.03	34.01	18.03	43.32	3.61	29.21	6.08	43.91	28.6	34.06	24.04	41.88	39.7	30.81	8.25	23.54	5.0	19.21	28.16	26.93	9.22	34.13	33.54	11.4	30.59	26.57	32.39	5.66	7.28	12.53	38.12	50.93	28.44	17.2	32.76	42.45	37.16	40.16	36.06	38.12	11.18	35.51	31.91	26.91	32.0	50.22	7.62	8.0	23.0	16.97	42.01	12.17	5.66	17.46	4.47	0.0	27.89	10.0	31.32	31.26	36.24	30.36	
19.1	20.22	21.0	48.37	27.07	26.93	46.17	24.02	15.52	25.08	51.22	21.26	13.6	13.15	2.24	28.16	26.93	30.59	7.28	38.59	29.41	24.19	44.6	41.44	42.05	29.53	41.3	25.63	52.48	51.88	10.77	22.83	23.19	15.52	41.4	27.02	25.0	57.31	7.81	49.65	15.13	59.55	41.48	41.19	13.04	50.0	40.31	40.2	40.8	40.16	31.89	49.73	30.41	25.32	30.87	45.28	24.33	8.6	36.06	42.19	33.14	25.08	29.15	4.47	30.15	46.1	46.1	50.8	23.85	47.51	14.32	38.21	13.34	2.83	5.39	32.89	20.62	40.16	51.0	43.17	47.42	41.11	24.02	38.05	58.69	47.13	56.59	54.08	39.05	26.17	24.0	28.46	47.43	48.04	20.4	30.89	40.36	43.38	33.54	31.4	23.19	30.48	23.54	27.89	0.0	36.25	16.28	49.04	24.52	2.83	
35.23	22.2	19.21	28.46	18.03	44.15	42.45	18.36	37.0	18.79	25.02	19.03	22.83	26.25	34.89	13.0	9.43	9.49	32.02	22.2	7.81	15.0	15.0	30.61	41.11	21.95	46.04	25.63	30.59	32.28	37.34	13.6	36.88	21.1	10.0	36.06	12.04	27.66	29.41	26.48	24.76	30.59	8.06	45.22	40.2	25.18	45.49	44.65	9.0	30.48	15.0	38.59	10.44	30.68	5.39	41.04	30.36	41.23	19.85	39.62	40.25	32.57	8.0	31.78	12.37	9.85	20.22	17.0	13.15	27.51	39.05	12.08	36.06	35.36	40.16	4.47	16.4	5.39	31.32	50.77	20.02	19.7	35.17	41.88	27.51	35.51	26.68	30.15	7.81	37.64	34.21	26.83	24.74	48.1	17.03	6.0	16.16	7.21	42.95	8.94	15.62	15.26	14.14	10.0	36.25	0.0	36.01	23.09	39.05	38.91	
3.16	29.83	28.84	37.48	34.99	11.4	30.81	31.91	1.41	33.29	42.44	17.0	20.0	24.08	17.72	33.62	28.64	34.48	10.3	28.6	31.78	29.97	38.63	28.6	26.48	19.72	25.08	14.42	41.73	40.36	6.08	23.54	7.0	21.63	37.11	11.18	28.46	49.4	12.81	39.82	25.46	51.04	43.29	25.02	6.4	40.8	24.08	24.02	36.88	27.2	25.3	35.78	34.79	11.4	31.14	30.08	10.63	11.7	26.93	26.93	17.0	10.3	28.02	15.65	35.47	45.1	38.08	46.17	23.19	36.8	4.24	42.72	3.0	18.68	14.14	34.37	25.5	41.11	39.62	26.93	39.82	47.93	8.25	22.02	51.48	33.62	48.88	43.93	41.59	10.0	8.54	16.28	37.8	32.02	25.94	30.02	33.11	42.11	17.26	28.16	29.07	24.04	28.23	31.32	16.28	36.01	0.0	40.5	8.25	18.03	
38.08	42.45	39.29	8.06	40.2	43.01	28.16	39.62	41.88	40.45	2.24	27.8	38.47	43.86	48.6	35.13	28.64	32.02	42.45	12.08	29.15	35.69	8.25	17.03	29.27	20.81	36.12	26.08	8.06	10.63	44.82	29.15	37.16	37.58	13.15	33.84	31.78	8.94	41.23	4.24	43.08	10.63	28.46	35.13	46.62	2.24	36.06	35.06	14.14	18.0	17.2	20.59	33.02	29.97	25.18	26.93	30.41	50.33	13.6	27.29	34.37	31.78	23.77	45.0	35.01	21.95	3.16	12.81	27.31	7.62	44.65	34.71	42.2	49.41	50.91	27.0	34.79	25.96	9.9	41.19	3.16	42.2	34.93	33.0	11.4	18.38	8.54	7.07	29.83	36.06	34.01	24.6	4.12	34.48	35.74	23.35	8.94	20.62	37.34	19.92	35.9	18.6	33.96	31.26	49.04	23.09	40.5	0.0	38.63	51.86	
5.83	36.8	35.38	34.13	41.23	5.1	23.77	38.29	9.06	39.7	40.31	20.62	26.91	31.62	25.96	39.12	33.11	39.36	18.38	26.57	36.25	35.81	38.47	24.21	19.31	19.1	17.0	14.0	38.28	36.4	14.04	28.18	2.24	28.28	38.01	5.0	33.62	47.54	20.59	37.12	32.8	48.75	46.84	17.03	13.15	38.48	16.0	16.03	38.0	22.8	26.0	30.0	39.82	9.06	34.79	23.26	9.0	19.1	25.71	20.12	9.22	7.07	31.32	23.77	40.82	47.27	36.69	46.39	27.31	33.62	11.05	47.42	11.18	26.93	22.0	38.28	31.4	44.38	35.81	18.68	38.6	53.34	4.0	14.32	49.98	28.32	47.17	40.82	45.54	2.83	5.0	14.32	35.34	24.19	32.02	33.24	32.56	44.28	9.06	30.41	35.0	25.02	33.84	36.24	24.52	39.05	8.25	38.63	0.0	26.17	
21.0	22.02	23.09	51.11	29.0	28.16	48.37	26.02	17.12	27.0	54.04	24.08	16.16	15.0	4.12	30.41	29.55	32.98	9.85	41.34	31.95	26.48	47.42	44.01	44.18	32.25	43.1	28.23	55.23	54.59	12.17	25.55	25.02	18.03	44.2	29.02	27.51	60.14	10.63	52.43	17.0	62.37	43.97	43.05	13.93	52.8	42.11	42.05	43.6	42.72	34.71	52.2	32.76	27.66	33.54	47.52	26.68	8.6	38.83	44.41	35.01	27.29	31.91	7.21	32.39	48.75	48.92	53.6	26.63	50.25	15.52	40.45	15.03	4.0	5.0	35.47	23.09	42.72	53.71	44.72	50.25	43.01	26.02	40.0	61.52	49.65	59.41	56.86	41.48	28.02	26.08	31.02	50.22	50.0	22.8	33.62	43.19	46.07	35.23	34.21	25.5	33.3	25.96	30.36	2.83	38.91	18.03	51.86	26.17	0.0	
