110
0.0	62.94	50.25	23.41	26.91	40.79	30.53	27.66	56.4	36.4	50.0	22.47	10.3	34.0	34.71	28.32	48.08	20.88	30.27	49.48	5.0	27.2	21.02	27.66	57.31	2.0	18.11	41.48	51.01	15.13	24.76	47.38	49.58	37.16	34.41	32.0	47.8	48.92	48.1	43.1	48.04	47.93	37.11	47.43	37.22	51.22	21.19	20.52	49.24	20.25	38.48	42.15	18.38	60.88	55.57	51.31	10.77	27.78	38.33	45.19	29.15	31.24	37.74	50.8	16.03	40.2	42.64	53.41	30.15	35.51	26.57	7.62	15.81	43.86	9.0	31.38	22.02	30.59	51.62	48.6	13.34	50.04	30.36	36.4	21.02	24.08	22.09	2.0	45.49	9.22	51.48	18.44	24.52	41.04	4.12	3.16	46.4	29.83	22.8	54.38	8.0	38.63	48.51	32.2	41.04	39.29	47.71	55.17	40.01	35.0	
62.94	0.0	13.04	43.05	36.12	36.35	33.84	35.38	11.05	27.2	31.26	43.57	53.08	45.35	38.6	34.66	14.87	55.9	43.32	33.24	59.46	36.4	51.0	42.54	5.83	61.55	49.93	33.38	43.42	51.87	38.21	15.62	13.89	31.02	29.68	46.57	31.02	14.42	28.02	47.04	43.19	26.0	36.88	18.68	41.59	13.0	44.94	42.45	25.02	43.28	30.36	29.43	46.4	3.0	16.28	16.12	59.41	36.62	39.62	26.17	44.6	31.89	27.73	35.36	53.85	48.26	21.1	11.4	49.34	40.02	40.71	55.97	49.41	26.48	57.01	33.62	50.99	52.2	25.18	16.76	52.2	46.27	39.0	27.46	51.43	46.96	47.89	64.35	20.25	53.74	37.48	48.55	53.31	22.02	60.88	60.11	18.38	40.85	44.42	15.03	57.63	32.02	38.21	34.44	21.93	35.51	19.42	7.81	46.17	28.84	
50.25	13.04	0.0	30.02	23.35	29.61	22.47	23.02	8.0	15.81	22.83	30.53	40.61	37.0	30.0	22.2	3.0	45.22	30.81	24.6	47.01	23.43	40.16	29.73	8.25	48.8	38.48	26.68	39.81	38.83	25.5	3.16	1.0	22.0	16.64	34.37	26.83	5.83	18.79	41.0	33.84	16.55	25.02	7.28	30.0	7.81	31.91	29.73	16.12	31.06	18.11	18.11	34.48	11.7	16.64	12.73	47.51	25.08	32.25	15.52	32.02	19.72	14.87	32.25	40.82	41.44	8.06	8.94	40.2	28.07	27.73	43.14	36.4	19.92	44.05	20.59	38.08	43.19	22.8	5.39	39.2	42.15	26.25	14.42	38.48	36.4	37.0	51.74	12.65	41.11	34.48	35.51	43.17	9.22	48.41	47.51	6.0	28.16	33.24	14.42	44.69	20.02	29.15	21.54	9.85	24.02	8.54	6.08	35.13	15.81	
23.41	43.05	30.02	0.0	10.2	34.93	18.97	13.6	34.71	21.0	26.68	1.0	17.03	34.06	30.02	13.34	28.64	30.46	8.94	26.31	22.2	8.0	26.42	5.39	38.01	21.54	22.36	33.84	47.85	9.22	9.85	27.73	29.15	26.93	13.42	12.81	39.05	30.68	24.7	43.01	26.68	24.6	14.04	25.5	15.52	33.53	2.24	9.22	25.94	14.21	15.26	18.79	17.49	41.59	40.45	35.51	26.08	17.89	34.48	21.95	8.6	16.12	15.62	43.97	10.82	41.23	21.95	35.74	33.3	13.15	3.16	15.81	7.62	32.25	15.26	9.43	9.0	35.61	40.11	27.02	10.3	48.37	7.07	15.65	9.06	25.61	24.41	25.3	30.15	16.03	45.54	5.66	31.38	21.54	23.35	21.59	25.0	7.07	21.26	38.64	16.12	15.23	26.02	9.22	22.8	16.12	25.46	35.78	20.12	14.32	
26.91	36.12	23.35	10.2	0.0	25.06	8.94	3.61	29.68	11.18	28.28	10.05	17.49	25.61	20.62	3.16	21.26	26.08	17.2	28.64	23.85	2.83	21.21	13.89	30.61	25.46	18.0	23.77	38.08	16.76	2.24	20.52	22.67	16.76	8.25	21.63	28.86	22.47	25.02	33.97	32.25	24.02	18.36	21.02	22.02	25.06	11.0	6.4	25.08	9.06	15.13	19.1	13.04	34.21	31.05	26.25	25.3	8.49	25.0	21.02	17.49	6.0	12.17	33.84	19.42	32.56	15.81	27.29	25.94	19.21	10.3	19.85	13.93	22.09	21.1	7.28	19.1	28.64	30.02	21.95	16.55	38.83	12.73	9.85	19.03	18.97	18.44	28.43	20.62	17.8	35.47	14.14	25.71	14.14	25.24	24.21	19.72	14.21	14.56	29.41	21.63	16.49	30.08	9.85	14.42	19.7	21.54	28.43	27.59	8.54	
40.79	36.35	29.61	34.93	25.06	0.0	16.12	21.47	37.48	17.8	47.71	34.54	31.14	10.0	6.08	21.95	26.68	24.41	42.19	48.83	35.9	27.78	21.02	38.95	31.06	40.45	22.8	3.0	13.04	38.64	25.08	26.93	29.83	9.22	28.28	46.65	7.81	24.19	43.57	11.4	55.17	41.68	41.77	33.62	46.23	24.0	35.11	26.93	42.06	23.19	36.12	39.2	23.02	33.38	21.54	20.22	32.31	17.09	3.61	39.12	42.54	20.0	31.24	10.05	41.77	12.0	28.18	25.08	14.87	43.42	35.36	37.01	35.69	10.0	40.01	30.61	43.32	17.2	13.6	32.89	37.34	14.14	37.44	27.66	43.01	17.09	18.97	41.23	17.12	33.06	11.05	37.36	20.62	25.06	37.11	37.66	31.38	39.12	18.11	21.84	40.0	38.21	51.86	33.42	22.36	42.43	34.93	30.0	52.01	27.59	
30.53	33.84	22.47	18.97	8.94	16.12	0.0	5.39	30.08	6.71	34.18	18.68	20.25	17.89	12.04	5.83	19.7	22.8	26.08	34.93	26.4	11.66	17.72	22.83	28.02	29.53	16.12	14.87	29.15	24.02	9.22	19.31	22.14	8.06	13.42	30.53	20.22	19.42	30.36	25.5	40.0	28.86	26.25	23.02	30.41	21.26	19.42	12.04	29.61	10.3	21.47	25.08	12.73	31.4	25.06	20.81	25.61	2.83	16.28	25.96	26.42	4.47	17.09	25.0	27.0	24.41	17.03	23.35	19.42	27.59	19.24	24.7	21.02	14.14	26.93	14.87	27.66	22.36	22.2	23.19	23.19	30.0	21.4	13.6	27.46	14.14	14.56	31.62	15.0	21.47	26.57	22.09	21.1	14.14	27.8	27.46	21.1	23.02	10.77	23.85	27.2	23.32	37.22	17.69	12.65	27.2	24.0	26.08	36.12	13.0	
27.66	35.38	23.02	13.6	3.61	21.47	5.39	0.0	29.97	8.94	30.81	13.34	17.69	22.2	17.03	1.0	20.62	24.02	20.81	31.32	24.08	6.4	19.0	17.49	29.7	26.4	16.28	20.25	34.48	19.24	4.0	20.0	22.47	13.34	10.05	25.24	25.5	21.26	27.29	30.41	35.51	26.08	21.63	21.84	25.5	23.6	14.14	7.62	27.02	8.06	17.72	21.59	11.7	33.24	28.79	24.17	24.6	5.0	21.4	23.09	21.1	3.61	14.04	30.36	22.09	29.07	16.16	25.81	22.85	22.67	13.89	21.1	16.28	19.0	22.85	10.3	22.36	25.63	27.02	22.47	18.68	35.23	16.28	11.05	22.2	16.28	16.03	29.0	18.38	18.44	31.95	17.0	23.19	13.89	25.5	24.76	20.25	17.8	12.04	27.31	23.26	19.31	33.11	13.04	13.45	22.83	22.56	27.59	31.11	10.0	
56.4	11.05	8.0	34.71	29.68	37.48	30.08	29.97	0.0	23.54	20.22	35.38	47.17	45.0	38.0	29.07	11.0	52.89	33.54	22.2	53.54	29.21	47.8	33.29	10.0	54.82	45.88	34.53	47.17	43.86	31.91	11.05	8.06	30.0	22.02	36.4	34.18	13.34	17.0	48.84	32.14	15.03	26.57	9.22	31.05	14.32	36.8	36.06	14.0	38.01	20.59	18.97	41.63	11.7	22.02	19.24	54.56	32.57	40.2	15.52	34.89	26.93	19.1	39.4	45.45	49.37	13.89	14.42	48.17	29.73	32.02	49.04	41.73	27.66	49.52	25.46	41.88	51.16	29.53	7.81	44.55	49.65	29.68	20.0	42.44	44.15	44.64	58.01	20.4	47.43	41.63	40.36	50.99	16.16	54.92	53.82	10.0	31.38	40.8	20.0	50.25	21.93	27.17	25.61	17.46	25.0	9.43	9.22	35.36	21.4	
36.4	27.2	15.81	21.0	11.18	17.8	6.71	8.94	23.54	0.0	30.02	21.02	26.25	22.56	15.81	8.54	13.0	29.41	26.25	31.06	32.56	13.0	24.35	23.54	21.4	35.23	22.83	15.56	30.41	27.89	12.65	12.65	15.52	8.6	10.82	30.68	19.24	12.81	25.94	28.65	37.48	24.17	24.41	17.12	29.15	14.87	22.09	16.55	24.7	16.28	18.38	21.4	19.21	24.84	19.92	15.23	32.2	9.43	19.24	21.47	26.93	5.39	13.45	24.7	30.59	28.23	11.18	17.03	25.02	26.42	20.22	30.02	25.0	11.7	31.78	13.93	30.0	28.02	19.24	17.0	27.51	31.89	21.19	9.9	30.02	20.62	21.19	37.64	9.49	27.2	26.63	25.32	27.46	8.06	33.97	33.42	15.03	23.09	17.46	18.38	32.2	20.52	34.06	16.55	6.08	24.84	18.25	19.42	34.99	10.0	
50.0	31.26	22.83	26.68	28.28	47.71	34.18	30.81	20.22	30.02	0.0	27.66	43.29	52.0	45.62	29.83	24.41	54.33	20.59	2.0	48.84	26.08	49.5	22.47	29.41	48.08	46.17	45.22	59.82	35.11	30.15	23.6	21.95	38.59	20.88	21.26	47.42	28.02	4.24	58.67	12.0	6.4	13.0	15.81	14.87	30.53	28.86	33.0	6.71	37.12	13.15	9.22	41.11	31.78	39.45	35.23	52.15	35.44	49.24	8.6	21.95	29.73	17.09	53.08	35.34	58.14	19.85	31.76	53.45	15.26	23.54	42.45	34.21	39.7	41.44	21.1	30.02	56.32	44.69	17.49	36.69	61.61	19.65	20.62	30.89	47.07	46.69	51.92	33.24	42.58	55.23	31.62	53.94	22.8	50.01	48.27	17.8	20.25	42.76	37.22	42.38	12.0	7.0	19.0	25.61	10.77	14.42	27.86	17.0	21.19	
22.47	43.57	30.53	1.0	10.05	34.54	18.68	13.34	35.38	21.02	27.66	0.0	16.03	33.42	29.53	13.15	29.07	29.55	9.85	27.29	21.21	8.06	25.55	6.32	38.47	20.62	21.47	33.53	47.42	8.49	9.49	28.18	29.68	26.68	13.89	13.6	38.83	31.02	25.63	42.44	27.66	25.5	15.03	26.17	16.49	33.84	1.41	8.49	26.83	13.45	16.12	19.7	16.64	42.06	40.61	35.69	25.08	17.46	34.0	22.83	9.43	16.03	16.28	43.68	10.3	40.61	22.47	36.06	32.56	14.14	4.12	14.87	6.71	32.14	14.42	10.0	9.06	34.83	40.05	27.66	9.43	47.89	8.06	16.12	9.0	24.84	23.6	24.35	30.27	15.03	45.22	5.0	30.53	21.93	22.36	20.62	25.61	8.06	20.52	38.83	15.26	16.16	27.02	10.0	23.09	17.12	26.17	36.24	21.02	14.76	
10.3	53.08	40.61	17.03	17.49	31.14	20.25	17.69	47.17	26.25	43.29	16.03	0.0	25.5	25.08	18.44	38.29	15.56	25.5	43.1	6.4	18.38	13.42	22.2	47.38	9.49	9.49	31.58	42.19	12.21	15.26	37.64	40.0	26.93	25.5	28.46	37.85	38.9	40.79	34.93	43.57	40.26	31.0	38.47	32.39	41.11	15.13	11.18	41.48	10.0	30.81	34.71	8.25	50.91	45.28	41.05	9.06	17.49	29.0	37.36	24.74	21.21	29.15	41.19	14.87	32.28	33.29	43.28	22.47	30.15	20.0	6.32	10.77	33.62	9.85	23.09	19.72	23.71	41.44	39.45	10.0	41.59	24.0	27.29	18.87	15.3	13.34	11.4	35.23	2.24	42.05	13.93	18.03	31.4	7.81	7.21	37.22	24.08	13.04	44.1	9.49	31.4	43.05	24.52	31.14	33.02	38.91	45.28	36.4	25.94	
34.0	45.35	37.0	34.06	25.61	10.0	17.89	22.2	45.0	22.56	52.0	33.42	25.5	0.0	7.0	23.02	34.0	15.23	42.43	52.8	29.0	28.43	13.04	38.9	39.81	34.06	16.12	12.53	17.03	35.34	24.76	34.01	37.01	15.0	31.3	46.69	17.69	32.14	48.1	9.49	57.69	46.49	43.83	39.62	47.63	32.56	33.6	25.0	47.13	20.25	39.36	42.95	18.38	42.45	31.3	29.41	24.33	17.2	6.4	43.66	42.45	22.36	34.93	18.36	38.48	7.21	33.73	33.96	5.0	44.82	35.36	31.78	32.65	18.97	35.17	32.45	41.34	7.21	23.6	39.32	33.62	16.12	38.29	31.38	40.82	10.2	12.17	34.06	25.32	27.66	18.38	34.99	11.18	30.59	30.02	31.02	37.48	39.62	13.42	31.38	34.93	41.18	55.07	35.23	28.28	44.94	40.79	38.47	53.15	30.87	
34.71	38.6	30.0	30.02	20.62	6.08	12.04	17.03	38.0	15.81	45.62	29.53	25.08	7.0	0.0	17.69	27.0	19.1	37.8	46.53	29.83	23.43	15.26	34.41	32.98	34.37	16.76	7.21	18.03	32.98	20.25	27.02	30.02	8.0	25.24	42.2	13.42	25.18	41.63	13.45	52.01	39.92	38.29	32.76	42.43	25.71	29.97	21.54	40.5	17.46	33.29	36.72	17.0	35.74	25.24	22.85	26.4	12.21	4.47	37.16	38.01	16.4	28.65	16.12	36.14	12.53	26.93	27.2	10.77	39.6	30.81	31.0	30.08	12.53	34.06	26.91	38.08	13.6	18.44	32.39	31.58	18.36	33.3	25.06	37.7	11.18	13.0	35.17	18.44	27.02	17.0	31.95	15.62	23.77	31.05	31.58	30.59	34.83	12.04	25.06	34.01	35.23	49.09	29.73	21.38	39.2	33.96	31.58	48.1	24.7	
28.32	34.66	22.2	13.34	3.16	21.95	5.83	1.0	29.07	8.54	29.83	13.15	18.44	23.02	17.69	0.0	19.85	25.02	20.25	30.36	24.84	5.83	20.0	17.0	29.0	27.02	17.26	20.62	34.99	19.42	4.12	19.21	21.63	13.6	9.06	24.7	25.71	20.62	26.31	31.11	34.67	25.08	20.81	20.88	24.76	23.02	14.04	8.06	26.02	8.94	16.76	20.62	12.65	32.56	28.46	23.77	25.5	5.83	22.02	22.09	20.59	3.16	13.04	30.68	22.2	29.83	15.23	25.24	23.77	21.93	13.42	21.63	16.49	19.03	23.26	9.43	22.2	26.57	27.0	21.54	18.97	35.81	15.62	10.05	22.09	17.26	17.03	29.7	18.03	19.1	32.31	17.03	24.19	13.04	26.25	25.46	19.31	17.2	13.04	26.93	23.71	18.38	32.2	12.21	12.73	21.95	21.59	26.87	30.41	9.0	
48.08	14.87	3.0	28.64	21.26	26.68	19.7	20.62	11.0	13.0	24.41	29.07	38.29	34.0	27.0	19.85	0.0	42.38	30.27	26.08	44.69	21.63	37.34	28.86	9.43	46.69	35.78	23.77	37.12	37.22	23.35	1.0	3.16	19.0	15.23	34.06	24.19	3.61	20.25	38.08	34.93	18.03	25.08	8.6	30.15	6.32	30.41	27.59	17.8	28.6	18.03	18.68	31.91	13.04	15.23	10.82	44.94	22.36	29.27	16.55	31.4	17.2	14.14	29.68	39.36	38.47	7.07	8.06	37.22	28.02	26.57	41.11	34.67	17.09	42.2	19.31	37.0	40.2	20.52	7.07	37.44	39.4	25.5	13.0	37.34	33.53	34.18	49.52	9.85	38.9	31.91	34.0	40.26	7.21	46.1	45.28	6.71	27.46	30.46	13.0	42.8	20.1	30.41	20.62	7.21	24.33	10.0	7.21	35.51	14.32	
20.88	55.9	45.22	30.46	26.08	24.41	22.8	24.02	52.89	29.41	54.33	29.55	15.56	15.23	19.1	25.02	42.38	0.0	39.4	54.59	16.16	28.28	5.1	35.85	50.09	21.54	8.25	26.25	31.78	27.66	24.19	42.06	44.92	25.24	34.0	42.94	32.2	41.63	51.09	23.19	56.92	50.01	43.42	45.54	45.88	42.94	29.07	21.84	51.0	17.26	41.19	45.18	13.34	53.24	44.05	41.05	10.2	20.4	21.1	47.01	38.91	26.31	38.0	33.54	30.41	20.1	39.62	44.78	10.44	43.32	32.89	21.4	25.81	31.24	25.0	33.24	35.0	10.0	37.54	45.89	25.5	30.27	36.69	35.06	34.21	8.94	8.25	20.4	35.85	17.69	33.62	28.84	4.12	36.88	16.76	18.38	43.74	37.34	12.17	43.6	24.41	42.43	55.54	35.51	35.44	45.12	46.39	48.33	50.57	34.01	
30.27	43.32	30.81	8.94	17.2	42.19	26.08	20.81	33.54	26.25	20.59	9.85	25.5	42.43	37.8	20.25	30.27	39.4	0.0	19.7	30.02	14.42	35.36	3.61	39.05	28.28	31.3	40.71	55.23	15.13	17.69	29.27	29.83	33.54	16.12	4.47	45.31	33.06	19.85	51.09	18.11	20.52	7.81	24.7	7.0	36.06	10.44	18.03	21.93	23.02	13.0	15.0	26.42	42.45	44.05	39.05	34.53	25.61	42.2	18.6	1.41	22.36	16.12	50.57	14.87	49.52	23.19	38.12	42.01	5.39	7.07	23.02	15.03	37.95	21.38	12.37	9.43	44.41	45.35	26.57	17.03	56.04	5.1	18.03	10.3	34.41	33.29	32.25	34.37	24.19	52.33	12.0	40.31	24.0	31.0	29.02	25.0	3.16	30.0	42.01	22.36	11.66	18.25	10.05	26.08	10.0	24.17	36.88	11.18	17.12	
49.48	33.24	24.6	26.31	28.64	48.83	34.93	31.32	22.2	31.06	2.0	27.29	43.1	52.8	46.53	30.36	26.08	54.59	19.7	0.0	48.51	26.31	49.82	21.84	31.32	47.54	46.39	46.4	61.07	34.48	30.41	25.24	23.71	39.66	21.54	20.0	48.8	29.68	5.83	59.68	10.0	8.06	12.37	17.49	13.6	32.25	28.44	33.06	8.54	37.34	13.6	9.85	41.3	33.73	41.18	36.89	52.04	36.06	50.25	9.9	21.02	30.46	17.89	54.45	34.54	59.06	21.21	33.54	54.08	14.32	23.19	41.98	33.73	41.04	40.8	21.38	29.07	56.92	46.23	19.24	36.14	62.8	19.24	21.47	29.97	47.54	47.07	51.42	34.71	42.3	56.59	31.05	54.34	24.08	49.65	47.85	19.42	19.65	43.17	38.95	41.76	12.17	5.0	19.1	26.91	10.2	16.12	29.73	15.26	21.93	
5.0	59.46	47.01	22.2	23.85	35.9	26.4	24.08	53.54	32.56	48.84	21.21	6.4	29.0	29.83	24.84	44.69	16.16	30.02	48.51	0.0	24.6	16.03	27.02	53.76	5.39	13.15	36.69	46.01	15.3	21.63	44.05	46.4	32.65	31.76	32.39	43.01	45.25	46.57	38.12	48.09	46.17	36.22	44.78	37.01	47.42	20.1	17.49	47.43	16.28	36.69	40.52	13.89	57.28	51.31	47.2	6.4	23.6	33.38	43.32	29.07	27.59	35.34	45.89	17.09	35.23	39.66	49.58	25.18	35.01	25.32	7.28	15.0	39.36	10.3	29.15	22.8	25.71	47.01	45.79	13.15	45.04	29.27	33.62	21.84	19.1	17.12	5.39	41.4	6.32	46.53	18.03	19.65	37.8	1.41	2.24	43.57	29.07	18.03	50.22	9.43	37.11	48.04	30.36	37.54	38.33	45.18	51.66	40.45	32.25	
27.2	36.4	23.43	8.0	2.83	27.78	11.66	6.4	29.21	13.0	26.08	8.06	18.38	28.43	23.43	5.83	21.63	28.28	14.42	26.31	24.6	0.0	23.54	11.18	31.06	25.61	20.1	26.4	40.82	15.65	4.12	20.81	22.67	19.31	7.21	18.87	31.32	23.26	23.02	36.8	29.53	22.2	15.65	20.25	19.21	26.0	9.22	7.28	23.35	11.05	13.0	17.0	15.03	34.67	32.56	27.66	26.68	11.31	27.8	19.24	14.76	8.25	10.77	36.4	18.03	35.38	15.56	28.23	28.65	16.4	7.62	19.85	13.04	24.33	20.62	5.0	17.0	31.3	32.14	21.4	15.81	41.62	9.9	9.22	17.03	21.54	20.88	28.84	22.2	18.36	38.08	12.65	28.16	14.42	25.94	24.7	19.21	11.4	17.09	30.81	21.26	14.14	27.51	7.28	15.23	17.09	20.59	28.84	24.76	7.81	
21.02	51.0	40.16	26.42	21.21	21.02	17.72	19.0	47.8	24.35	49.5	25.55	13.42	13.04	15.26	20.0	37.34	5.1	35.36	49.82	16.03	23.54	0.0	31.76	45.18	21.21	4.24	22.47	30.07	24.84	19.42	37.0	39.85	20.62	29.02	39.12	28.65	36.67	46.17	22.09	52.55	45.04	38.9	40.45	41.63	38.08	25.24	17.46	46.01	12.65	36.35	40.31	8.94	48.37	39.62	36.4	11.4	15.3	18.03	42.05	34.99	21.21	33.02	30.68	27.8	19.24	34.53	39.96	9.22	39.0	28.64	19.7	22.63	26.87	23.26	28.44	31.83	10.3	33.6	40.79	22.8	29.02	32.31	30.02	31.11	4.24	3.16	21.02	31.06	15.65	31.05	25.5	5.0	31.78	17.0	18.11	38.64	33.11	7.07	39.05	22.85	37.66	50.96	30.81	30.36	40.52	41.3	43.38	46.53	29.0	
27.66	42.54	29.73	5.39	13.89	38.95	22.83	17.49	33.29	23.54	22.47	6.32	22.2	38.9	34.41	17.0	28.86	35.85	3.61	21.84	27.02	11.18	31.76	0.0	37.95	25.71	27.73	37.58	51.97	12.65	14.21	27.89	28.79	30.46	14.04	7.81	42.38	31.4	21.1	47.63	21.38	21.4	9.49	24.19	10.2	34.37	7.07	14.42	22.8	19.42	12.81	15.62	22.83	41.44	42.01	37.01	31.26	22.2	38.83	19.1	3.61	19.31	14.87	47.54	13.04	46.01	21.84	36.5	38.42	8.0	3.61	20.22	12.04	35.17	18.97	10.0	8.6	40.8	42.76	25.94	14.32	52.7	3.61	16.12	9.22	30.81	29.68	29.61	32.06	21.02	49.24	9.22	36.72	22.2	28.07	26.17	24.17	2.24	26.4	40.05	19.92	12.04	21.02	8.25	24.02	11.7	23.85	35.74	14.76	15.03	
57.31	5.83	8.25	38.01	30.61	31.06	28.02	29.7	10.0	21.4	29.41	38.47	47.38	39.81	32.98	29.0	9.43	50.09	39.05	31.32	53.76	31.06	45.18	37.95	0.0	55.97	44.1	28.07	39.05	46.65	32.65	10.3	9.22	25.3	24.6	42.58	26.31	8.6	25.71	42.01	41.0	23.54	33.14	15.0	38.05	7.28	39.82	36.88	22.8	37.54	26.31	26.0	40.61	3.61	12.53	11.05	53.6	30.81	34.23	23.09	40.26	26.17	23.09	31.05	48.76	43.05	16.16	6.0	43.68	36.22	35.85	50.45	44.1	21.1	51.61	28.64	46.24	46.57	20.88	13.0	46.87	41.77	34.48	22.36	46.62	41.15	42.06	58.69	14.56	48.1	33.24	43.42	47.54	16.64	55.17	54.45	14.14	36.4	38.59	10.77	52.2	28.16	36.14	29.73	16.28	32.02	16.03	2.24	43.01	23.71	
2.0	61.55	48.8	21.54	25.46	40.45	29.53	26.4	54.82	35.23	48.08	20.62	9.49	34.06	34.37	27.02	46.69	21.54	28.28	47.54	5.39	25.61	21.21	25.71	55.97	0.0	18.0	41.0	51.01	13.15	23.35	45.97	48.1	36.4	32.8	30.0	47.3	47.63	46.24	43.29	46.04	46.1	35.17	45.8	35.23	50.0	19.31	19.1	47.42	19.24	36.67	40.31	17.72	59.55	54.59	50.25	11.66	26.83	38.12	43.38	27.17	30.0	36.06	50.49	14.04	40.45	41.11	52.2	30.41	33.54	24.7	5.83	13.93	43.08	7.0	29.68	20.02	31.05	50.92	47.01	11.4	50.16	28.46	34.83	19.03	24.0	22.0	4.0	44.42	8.06	51.24	16.49	25.0	39.6	5.0	3.16	44.82	27.89	22.36	53.34	6.0	36.77	46.53	30.41	39.7	37.36	46.04	53.81	38.01	33.42	
18.11	49.93	38.48	22.36	18.0	22.8	16.12	16.28	45.88	22.83	46.17	21.47	9.49	16.12	16.76	17.26	35.78	8.25	31.3	46.39	13.15	20.1	4.24	27.73	44.1	18.0	0.0	23.77	33.02	20.62	16.03	35.34	38.08	20.62	26.08	34.99	30.08	35.51	43.01	25.5	48.7	42.01	35.17	38.08	37.7	37.2	21.1	13.6	43.05	9.06	33.06	37.05	5.1	47.43	39.7	36.07	10.0	13.42	20.22	39.01	30.89	18.97	30.07	32.76	23.6	22.8	32.28	39.2	13.0	35.11	24.7	15.81	18.38	27.2	19.31	25.08	27.59	14.42	34.48	38.6	18.6	32.25	28.46	27.29	26.87	6.0	4.0	18.44	30.48	11.7	33.38	21.26	9.22	29.73	14.32	15.03	36.4	29.15	5.66	38.9	18.97	34.23	47.3	27.29	28.64	36.88	38.83	42.19	42.49	26.17	
41.48	33.38	26.68	33.84	23.77	3.0	14.87	20.25	34.53	15.56	45.22	33.53	31.58	12.53	7.21	20.62	23.77	26.25	40.71	46.4	36.69	26.4	22.47	37.58	28.07	41.0	23.77	0.0	14.87	38.21	24.04	24.04	26.93	7.21	26.25	45.18	6.32	21.21	41.05	14.32	53.04	39.12	39.82	30.87	44.41	21.0	34.21	26.31	39.45	23.0	33.94	36.88	23.35	30.41	18.79	17.26	33.54	16.28	6.32	36.62	41.15	18.36	29.0	10.2	41.3	15.0	25.55	22.09	17.2	41.62	34.01	37.22	35.23	7.0	40.05	28.84	42.45	19.72	11.31	30.08	37.05	16.4	35.85	25.46	42.2	18.36	20.12	42.06	14.14	33.38	11.7	36.67	22.63	22.47	37.95	38.33	28.64	37.59	18.68	18.97	40.11	36.07	49.58	31.62	19.72	40.36	32.2	27.0	50.22	25.5	
51.01	43.42	39.81	47.85	38.08	13.04	29.15	34.48	47.17	30.41	59.82	47.42	42.19	17.03	18.03	34.99	37.12	31.78	55.23	61.07	46.01	40.82	30.07	51.97	39.05	51.01	33.02	14.87	0.0	50.96	38.01	37.59	40.25	22.02	41.11	59.68	13.0	34.01	55.61	8.94	67.9	53.6	54.67	44.94	59.2	32.89	47.93	39.56	53.82	35.44	48.8	51.66	34.53	40.45	27.17	28.16	41.3	29.97	13.6	51.22	55.57	33.02	43.84	8.06	54.12	12.08	40.0	33.24	21.38	56.4	48.37	48.37	48.08	20.25	51.62	43.6	56.08	22.14	18.25	43.91	49.48	3.16	50.48	40.31	55.71	27.02	29.02	51.09	27.29	44.28	6.0	49.98	27.66	37.01	47.04	48.0	42.72	52.15	29.43	28.44	51.48	50.93	64.38	46.4	34.21	55.23	46.32	38.6	65.0	40.36	
15.13	51.87	38.83	9.22	16.76	38.64	24.02	19.24	43.86	27.89	35.11	8.49	12.21	35.34	32.98	19.42	37.22	27.66	15.13	34.48	15.3	15.65	24.84	12.65	46.65	13.15	20.62	38.21	50.96	0.0	15.3	36.36	38.01	32.0	22.2	17.12	44.05	38.91	33.54	44.78	33.0	33.62	22.14	34.66	22.09	41.63	7.07	12.0	34.99	15.52	24.41	27.78	17.0	50.25	47.8	43.01	20.62	22.02	37.36	31.06	14.04	22.56	24.76	48.37	3.16	42.49	30.81	43.86	33.29	20.4	12.21	8.06	3.0	38.12	6.32	18.44	7.62	35.0	46.17	36.12	2.24	50.92	15.65	24.41	6.71	25.55	23.85	17.12	37.36	10.3	49.65	3.61	29.73	30.02	16.12	14.04	34.06	14.87	21.93	46.17	7.28	24.19	33.38	18.44	30.87	24.35	34.66	44.42	25.18	23.02	
24.76	38.21	25.5	9.85	2.24	25.08	9.22	4.0	31.91	12.65	30.15	9.49	15.26	24.76	20.25	4.12	23.35	24.19	17.69	30.41	21.63	4.12	19.42	14.21	32.65	23.35	16.03	24.04	38.01	15.3	0.0	22.63	24.84	17.26	10.44	22.02	29.43	24.41	27.0	33.42	33.54	26.08	19.7	23.26	23.02	26.93	10.2	4.24	27.17	7.0	17.03	21.02	11.0	36.24	32.57	27.86	23.09	8.06	24.7	23.09	17.8	7.28	14.32	34.21	18.11	31.83	18.03	29.15	24.7	20.25	10.63	17.8	12.37	23.0	19.24	9.06	18.44	27.29	31.02	24.19	14.87	38.59	13.6	12.08	18.25	17.46	16.76	26.25	22.14	15.62	35.74	13.0	24.04	16.28	23.02	22.02	21.95	14.87	13.0	31.02	19.72	18.25	31.62	11.4	16.4	21.19	23.77	30.48	28.43	10.77	
47.38	15.62	3.16	27.73	20.52	26.93	19.31	20.0	11.05	12.65	23.6	28.18	37.64	34.01	27.02	19.21	1.0	42.06	29.27	25.24	44.05	20.81	37.0	27.89	10.3	45.97	35.34	24.04	37.59	36.36	22.63	0.0	3.0	19.03	14.32	33.06	24.7	4.47	19.42	38.33	34.01	17.2	24.08	7.81	29.15	7.28	29.53	26.87	17.03	28.02	17.03	17.72	31.38	13.89	16.16	11.66	44.42	21.93	29.43	15.65	30.41	16.64	13.15	30.23	38.47	38.64	6.08	9.06	37.12	27.02	25.63	40.36	33.84	17.46	41.4	18.38	36.06	40.11	21.21	6.4	36.62	39.81	24.52	12.08	36.4	33.24	33.84	48.84	10.3	38.21	32.45	33.12	40.02	6.4	45.45	44.6	5.83	26.48	30.08	13.93	42.01	19.1	29.53	19.65	6.71	23.35	9.22	8.06	34.53	13.42	
49.58	13.89	1.0	29.15	22.67	29.83	22.14	22.47	8.06	15.52	21.95	29.68	40.0	37.01	30.02	21.63	3.16	44.92	29.83	23.71	46.4	22.67	39.85	28.79	9.22	48.1	38.08	26.93	40.25	38.01	24.84	3.0	0.0	22.02	15.81	33.38	27.29	6.4	17.89	41.23	32.89	15.65	24.02	6.32	29.0	8.6	31.06	29.07	15.26	30.53	17.12	17.12	34.0	12.65	17.49	13.45	47.01	24.7	32.39	14.56	31.05	19.24	13.93	32.76	39.96	41.59	7.21	9.85	40.11	27.07	26.83	42.43	35.61	20.25	43.28	19.72	37.16	43.1	23.43	4.47	38.42	42.54	25.3	13.6	37.58	36.14	36.69	51.09	13.0	40.46	34.99	34.67	42.95	8.6	47.8	46.86	5.0	27.2	32.89	15.26	43.93	19.03	28.23	20.62	9.49	23.02	7.62	7.07	34.13	15.0	
37.16	31.02	22.0	26.93	16.76	9.22	8.06	13.34	30.0	8.6	38.59	26.68	26.93	15.0	8.0	13.6	19.0	25.24	33.54	39.66	32.65	19.31	20.62	30.46	25.3	36.4	20.62	7.21	22.02	32.0	17.26	19.03	22.02	0.0	19.1	38.01	12.17	17.26	34.48	20.12	45.97	32.65	32.65	25.0	37.2	18.03	27.46	20.0	33.11	17.46	26.91	30.0	18.79	28.23	19.1	15.81	30.61	10.05	10.77	30.02	34.01	11.18	22.02	17.09	35.01	19.92	19.31	19.7	18.44	34.41	26.93	32.02	29.0	6.71	34.53	21.63	35.69	21.38	14.56	24.52	31.06	23.35	28.65	18.44	35.51	16.4	17.69	38.01	10.77	28.46	18.79	30.15	22.36	16.16	34.0	34.01	22.8	30.41	15.0	18.44	34.71	29.0	42.64	24.41	13.6	33.24	26.25	23.77	43.01	18.38	
34.41	29.68	16.64	13.42	8.25	28.28	13.42	10.05	22.02	10.82	20.88	13.89	25.5	31.3	25.24	9.06	15.23	34.0	16.12	21.54	31.76	7.21	29.02	14.04	24.6	32.8	26.08	26.25	41.11	22.2	10.44	14.32	15.81	19.1	0.0	20.4	30.02	17.46	17.26	38.6	26.91	16.03	13.6	13.04	18.36	20.4	15.26	14.32	17.0	17.26	8.06	11.7	21.21	28.18	28.0	23.0	33.53	14.56	29.21	13.04	17.03	8.94	4.0	35.51	24.19	37.74	8.6	22.56	32.57	15.65	11.4	27.02	19.85	22.36	27.59	4.12	21.84	35.44	29.41	14.21	22.67	42.43	11.05	2.24	22.14	26.31	26.08	36.06	18.25	25.55	37.44	18.87	33.24	8.25	33.12	31.91	12.04	13.04	22.09	26.02	28.28	10.0	23.85	6.08	10.0	14.14	13.42	22.36	24.19	1.0	
32.0	46.57	34.37	12.81	21.63	46.65	30.53	25.24	36.4	30.68	21.26	13.6	28.46	46.69	42.2	24.7	34.06	42.94	4.47	20.0	32.39	18.87	39.12	7.81	42.58	30.0	34.99	45.18	59.68	17.12	22.02	33.06	33.38	38.01	20.4	0.0	49.77	37.0	21.4	55.44	16.12	22.47	9.85	27.89	6.4	40.0	13.89	22.02	23.85	27.02	16.28	17.46	30.23	45.89	48.17	43.19	37.36	30.0	46.62	21.02	4.24	26.83	20.0	55.04	16.03	53.81	27.02	42.01	46.1	6.71	11.4	25.18	17.72	42.38	23.0	16.76	10.05	48.41	49.73	29.83	19.24	60.46	9.49	22.2	11.05	38.42	37.2	34.0	38.64	26.93	56.8	14.56	44.1	28.07	33.24	31.14	28.44	7.62	34.06	46.1	24.0	14.56	17.46	14.32	30.27	11.66	27.2	40.45	8.06	21.38	
47.8	31.02	26.83	39.05	28.86	7.81	20.22	25.5	34.18	19.24	47.42	38.83	37.85	17.69	13.42	25.71	24.19	32.2	45.31	48.8	43.01	31.32	28.65	42.38	26.31	47.3	30.08	6.32	13.0	44.05	29.43	24.7	27.29	12.17	30.02	49.77	0.0	21.02	43.19	16.28	56.22	41.11	43.57	32.2	48.37	19.92	39.62	32.06	41.23	29.07	37.2	39.7	29.61	28.02	15.13	15.3	39.81	22.02	11.31	38.9	45.88	23.09	32.2	5.66	47.1	18.03	27.59	20.4	22.63	45.65	38.9	43.42	41.05	7.81	46.17	33.11	47.85	24.84	6.32	31.06	43.0	15.52	40.31	28.84	47.68	24.6	26.4	48.38	14.42	39.62	7.81	42.3	28.43	24.76	44.27	44.64	30.0	42.15	25.0	16.0	46.27	39.41	52.4	35.78	21.93	43.83	33.6	25.71	54.2	29.15	
48.92	14.42	5.83	30.68	22.47	24.19	19.42	21.26	13.34	12.81	28.02	31.02	38.9	32.14	25.18	20.62	3.61	41.63	33.06	29.68	45.25	23.26	36.67	31.4	8.6	47.63	35.51	21.21	34.01	38.91	24.41	4.47	6.4	17.26	17.46	37.0	21.02	0.0	23.85	35.51	38.48	21.63	28.28	12.21	33.38	3.0	32.31	28.6	21.4	29.0	21.21	22.14	32.02	12.04	11.7	7.21	45.0	22.2	27.02	20.12	34.13	17.69	17.0	26.42	41.23	36.12	10.05	5.1	35.69	31.14	28.86	42.2	36.24	14.32	43.57	21.59	39.29	38.64	17.03	10.63	38.95	36.4	28.16	15.3	39.56	32.7	33.54	50.25	7.07	39.7	28.65	35.85	39.22	9.22	46.67	46.01	10.3	30.15	30.02	9.49	44.1	23.35	34.0	23.19	8.06	27.66	13.6	6.71	38.83	16.49	
48.1	28.02	18.79	24.7	25.02	43.57	30.36	27.29	17.0	25.94	4.24	25.63	40.79	48.1	41.63	26.31	20.25	51.09	19.85	5.83	46.57	23.02	46.17	21.1	25.71	46.24	43.01	41.05	55.61	33.54	27.0	19.42	17.89	34.48	17.26	21.4	43.19	23.85	0.0	54.59	15.3	2.24	12.04	11.66	15.26	26.42	26.93	30.15	3.0	34.0	10.05	6.08	38.0	28.28	35.36	31.06	49.5	31.78	45.18	4.47	21.26	25.96	13.34	48.84	34.13	54.13	15.62	27.73	49.73	14.87	21.54	40.5	32.31	35.47	39.81	18.03	29.21	52.63	40.46	13.42	34.93	57.43	17.89	16.76	30.0	43.57	43.29	49.98	29.0	40.26	50.99	29.97	50.49	18.6	47.8	46.17	13.6	18.87	39.32	33.12	40.72	9.49	10.44	16.28	21.4	9.9	10.3	24.04	18.68	17.46	
43.1	47.04	41.0	43.01	33.97	11.4	25.5	30.41	48.84	28.65	58.67	42.44	34.93	9.49	13.45	31.11	38.08	23.19	51.09	59.68	38.12	36.8	22.09	47.63	42.01	43.29	25.5	14.32	8.94	44.78	33.42	38.33	41.23	20.12	38.6	55.44	16.28	35.51	54.59	0.0	65.44	52.77	51.74	44.94	55.87	35.13	42.72	34.13	53.23	29.53	46.62	49.93	27.86	44.05	31.4	31.0	33.02	25.5	9.43	50.12	51.22	29.83	41.88	13.89	47.93	3.16	39.4	36.01	13.0	53.04	44.05	41.23	42.05	21.21	44.64	40.36	50.61	13.34	22.56	44.27	43.08	7.07	46.69	38.28	50.12	19.65	21.59	43.01	28.44	37.11	12.81	44.29	19.1	36.25	39.05	40.2	42.72	48.17	22.85	32.14	44.38	48.6	62.43	43.19	33.62	52.63	46.24	41.11	61.52	38.01	
48.04	43.19	33.84	26.68	32.25	55.17	40.0	35.51	32.14	37.48	12.0	27.66	43.57	57.69	52.01	34.67	34.93	56.92	18.11	10.0	48.09	29.53	52.55	21.38	41.0	46.04	48.7	53.04	67.9	33.0	33.54	34.01	32.89	45.97	26.91	16.12	56.22	38.48	15.3	65.44	0.0	17.46	13.89	26.57	11.18	41.23	28.44	35.11	18.25	39.92	19.1	16.64	43.66	43.57	50.16	45.62	52.61	40.5	56.08	18.38	19.03	35.61	24.08	61.85	32.14	64.4	29.15	42.72	58.18	13.6	24.04	41.01	33.14	48.41	39.05	25.24	26.17	60.83	54.38	28.46	35.01	69.31	20.25	27.59	27.17	50.99	50.16	50.04	42.72	42.3	63.89	30.07	57.38	31.62	49.04	47.01	28.23	19.65	46.52	47.93	40.05	16.97	5.0	22.47	34.41	12.81	25.3	39.29	8.54	27.59	
47.93	26.0	16.55	24.6	24.02	41.68	28.86	26.08	15.03	24.17	6.4	25.5	40.26	46.49	39.92	25.08	18.03	50.01	20.52	8.06	46.17	22.2	45.04	21.4	23.54	46.1	42.01	39.12	53.6	33.62	26.08	17.2	15.65	32.65	16.03	22.47	41.11	21.63	2.24	52.77	17.46	0.0	12.81	9.43	16.55	24.19	26.83	29.43	1.41	33.06	9.49	5.83	37.05	26.17	33.12	28.84	48.84	30.41	43.38	3.0	21.93	24.52	12.04	46.75	34.41	52.39	13.6	25.5	48.27	15.81	21.47	40.31	32.2	33.42	39.82	17.26	29.73	51.2	38.29	11.18	34.89	55.47	18.03	15.3	30.48	42.3	42.11	49.77	26.87	39.85	48.92	30.02	49.25	16.64	47.43	45.88	11.4	19.21	38.12	30.89	40.71	9.43	12.65	15.81	19.42	10.82	8.06	21.84	20.4	16.12	
37.11	36.88	25.02	14.04	18.36	41.77	26.25	21.63	26.57	24.41	13.0	15.03	31.0	43.83	38.29	20.81	25.08	43.42	7.81	12.37	36.22	15.65	38.9	9.49	33.14	35.17	35.17	39.82	54.67	22.14	19.7	24.08	24.02	32.65	13.6	9.85	43.57	28.28	12.04	51.74	13.89	12.81	0.0	18.25	5.1	31.26	16.12	21.59	14.21	26.25	7.07	7.62	30.08	36.35	39.81	34.93	40.01	26.63	42.45	11.18	9.22	21.93	11.7	49.09	22.36	50.61	18.25	33.14	44.29	3.16	11.0	29.61	21.38	35.85	28.46	11.4	17.2	46.96	42.54	20.22	23.77	55.9	7.0	14.76	18.03	37.16	36.4	39.05	31.02	30.07	51.04	18.68	43.66	19.92	37.34	35.51	19.03	7.28	32.7	37.66	29.41	5.0	12.17	8.6	22.47	2.24	17.46	31.06	10.77	14.42	
47.43	18.68	7.28	25.5	21.02	33.62	23.02	21.84	9.22	17.12	15.81	26.17	38.47	39.62	32.76	20.88	8.6	45.54	24.7	17.49	44.78	20.25	40.45	24.19	15.0	45.8	38.08	30.87	44.94	34.66	23.26	7.81	6.32	25.0	13.04	27.89	32.2	12.21	11.66	44.94	26.57	9.43	18.25	0.0	23.09	14.76	27.59	27.29	9.22	29.73	11.7	11.0	33.53	18.11	23.71	19.42	46.24	25.18	35.74	8.25	26.0	19.24	9.9	37.8	36.24	44.92	6.0	16.16	42.11	21.38	22.8	40.0	32.56	24.7	40.36	16.28	32.76	45.1	29.0	2.0	35.38	47.01	20.59	11.18	33.29	37.12	37.34	49.09	17.8	38.59	40.0	31.14	44.1	9.06	46.14	44.94	2.24	22.36	33.38	21.47	41.11	13.34	21.93	16.4	11.4	17.03	1.41	13.04	28.02	12.53	
37.22	41.59	30.0	15.52	22.02	46.23	30.41	25.5	31.05	29.15	14.87	16.49	32.39	47.63	42.43	24.76	30.15	45.88	7.0	13.6	37.01	19.21	41.63	10.2	38.05	35.23	37.7	44.41	59.2	22.09	23.02	29.15	29.0	37.2	18.36	6.4	48.37	33.38	15.26	55.87	11.18	16.55	5.1	23.09	0.0	36.35	17.26	24.17	17.89	29.07	12.17	12.17	32.7	41.19	44.91	40.02	41.44	30.48	46.69	15.52	8.06	26.25	16.76	53.85	21.59	54.56	23.35	38.21	47.71	2.83	13.0	30.02	22.02	40.71	28.28	15.62	15.81	50.25	47.54	25.08	24.02	60.31	9.43	19.7	16.76	40.31	39.36	39.2	36.06	31.14	55.76	19.0	46.52	25.0	38.0	36.01	24.0	8.54	35.85	42.76	29.27	10.05	11.4	12.81	27.51	6.08	22.2	36.01	5.83	19.24	
51.22	13.0	7.81	33.53	25.06	24.0	21.26	23.6	14.32	14.87	30.53	33.84	41.11	32.56	25.71	23.02	6.32	42.94	36.06	32.25	47.42	26.0	38.08	34.37	7.28	50.0	37.2	21.0	32.89	41.63	26.93	7.28	8.6	18.03	20.4	40.0	19.92	3.0	26.42	35.13	41.23	24.19	31.26	14.76	36.35	0.0	35.11	31.06	23.85	31.14	24.19	25.0	33.97	10.3	8.94	5.0	46.86	24.08	27.07	22.85	37.12	20.0	20.0	25.08	44.01	36.0	13.04	2.24	36.4	34.13	31.78	44.65	38.91	14.0	46.14	24.52	42.2	39.29	15.26	13.04	41.59	35.44	31.14	18.25	42.45	34.0	34.99	52.5	7.28	42.01	27.31	38.63	40.31	12.17	48.84	48.27	13.0	33.14	31.62	6.71	46.65	26.31	36.67	26.17	10.77	30.59	16.12	6.0	41.77	19.42	
21.19	44.94	31.91	2.24	11.0	35.11	19.42	14.14	36.8	22.09	28.86	1.41	15.13	33.6	29.97	14.04	30.41	29.07	10.44	28.44	20.1	9.22	25.24	7.07	39.82	19.31	21.1	34.21	47.93	7.07	10.2	29.53	31.06	27.46	15.26	13.89	39.62	32.31	26.93	42.72	28.44	26.83	16.12	27.59	17.26	35.11	0.0	8.6	28.18	13.45	17.49	21.02	16.4	43.42	41.77	36.88	24.19	18.03	34.44	24.19	9.85	17.0	17.69	44.38	8.94	40.8	23.85	37.34	32.53	15.03	5.39	13.6	5.39	33.06	13.04	11.4	8.25	34.71	41.01	29.07	8.06	48.3	9.22	17.49	8.06	24.76	23.43	23.09	31.4	14.0	45.88	3.61	30.23	23.26	21.21	19.42	27.02	9.0	20.52	40.02	13.89	17.46	28.0	11.4	24.35	18.25	27.59	37.59	21.54	16.12	
20.52	42.45	29.73	9.22	6.4	26.93	12.04	7.62	36.06	16.55	33.0	8.49	11.18	25.0	21.54	8.06	27.59	21.84	18.03	33.06	17.49	7.28	17.46	14.42	36.88	19.1	13.6	26.31	39.56	12.0	4.24	26.87	29.07	20.0	14.32	22.02	32.06	28.6	30.15	34.13	35.11	29.43	21.59	27.29	24.17	31.06	8.6	0.0	30.59	5.0	20.1	24.08	8.54	40.46	36.4	31.78	19.42	10.05	26.0	26.48	17.8	11.18	18.03	36.5	15.03	32.2	22.2	33.29	24.08	21.54	11.18	13.6	9.0	26.17	15.23	12.17	16.55	26.4	34.23	28.3	11.18	39.81	14.87	16.12	16.16	16.4	15.26	22.02	26.0	11.4	37.85	10.44	22.36	20.52	18.87	17.8	26.08	15.65	12.04	34.93	15.65	21.0	33.73	14.0	20.62	23.35	27.73	34.71	29.15	14.76	
49.24	25.02	16.12	25.94	25.08	42.06	29.61	27.02	14.0	24.7	6.71	26.83	41.48	47.13	40.5	26.02	17.8	51.0	21.93	8.54	47.43	23.35	46.01	22.8	22.8	47.42	43.05	39.45	53.82	34.99	27.17	17.03	15.26	33.11	17.0	23.85	41.23	21.4	3.0	53.23	18.25	1.41	14.21	9.22	17.89	23.85	28.18	30.59	0.0	34.13	10.77	7.21	38.12	25.32	32.76	28.6	50.01	31.26	43.86	4.12	23.35	25.32	13.0	46.86	35.81	52.92	13.89	25.06	49.03	17.2	22.83	41.63	33.54	33.6	41.18	18.44	31.14	51.97	38.21	10.82	36.24	55.76	19.42	16.12	31.89	43.19	43.05	51.08	26.91	41.11	49.04	31.38	50.16	17.0	48.7	47.17	11.31	20.62	39.05	30.53	42.06	10.82	13.34	17.09	19.72	12.21	7.81	21.19	21.59	17.03	
20.25	43.28	31.06	14.21	9.06	23.19	10.3	8.06	38.01	16.28	37.12	13.45	10.0	20.25	17.46	8.94	28.6	17.26	23.02	37.34	16.28	11.05	12.65	19.42	37.54	19.24	9.06	23.0	35.44	15.52	7.0	28.02	30.53	17.46	17.26	27.02	29.07	29.0	34.0	29.53	39.92	33.06	26.25	29.73	29.07	31.14	13.45	5.0	34.13	0.0	24.02	28.02	4.0	41.04	35.36	31.06	16.55	7.62	21.84	30.07	22.8	11.4	21.21	33.06	18.68	27.46	24.17	33.3	19.1	26.4	16.12	14.56	12.65	24.04	17.12	16.03	21.1	21.4	32.02	30.46	14.14	35.47	19.7	18.68	20.59	11.4	10.3	21.4	25.24	11.18	34.23	14.76	17.46	21.95	17.69	17.2	28.23	20.59	7.07	34.13	17.26	25.18	38.33	18.25	21.4	27.89	30.36	35.47	34.13	17.46	
38.48	30.36	18.11	15.26	15.13	36.12	21.47	17.72	20.59	18.38	13.15	16.12	30.81	39.36	33.29	16.76	18.03	41.19	13.0	13.6	36.69	13.0	36.35	12.81	26.31	36.67	33.06	33.94	48.8	24.41	17.03	17.03	17.12	26.91	8.06	16.28	37.2	21.21	10.05	46.62	19.1	9.49	7.07	11.7	12.17	24.19	17.49	20.1	10.77	24.02	0.0	4.0	28.02	29.61	32.76	27.89	39.46	22.47	37.2	6.71	14.32	17.0	5.0	42.8	25.5	45.79	11.18	26.08	40.5	10.0	12.21	30.87	22.83	29.41	30.53	8.0	21.4	43.32	35.78	13.6	25.55	50.25	9.22	8.49	22.02	33.96	33.54	40.31	24.17	30.36	44.82	20.81	40.79	13.0	37.95	36.4	12.17	10.82	29.61	30.59	31.38	2.24	15.81	6.32	15.65	6.71	11.18	24.19	17.72	8.6	
42.15	29.43	18.11	18.79	19.1	39.2	25.08	21.59	18.97	21.4	9.22	19.7	34.71	42.95	36.72	20.62	18.68	45.18	15.0	9.85	40.52	17.0	40.31	15.62	26.0	40.31	37.05	36.88	51.66	27.78	21.02	17.72	17.12	30.0	11.7	17.46	39.7	22.14	6.08	49.93	16.64	5.83	7.62	11.0	12.17	25.0	21.02	24.08	7.21	28.02	4.0	0.0	32.02	29.07	33.84	29.15	43.42	26.25	40.5	3.61	16.4	20.62	8.06	45.34	28.6	49.24	12.53	26.68	44.27	10.77	15.65	34.54	26.4	31.89	34.0	12.0	24.04	47.13	37.74	13.0	29.07	53.26	12.21	11.66	24.76	37.85	37.48	44.01	26.08	34.21	47.42	24.19	44.72	15.0	41.76	40.16	12.17	13.45	33.54	31.62	34.89	3.61	12.73	10.2	17.8	6.08	10.05	24.02	17.03	12.08	
18.38	46.4	34.48	17.49	13.04	23.02	12.73	11.7	41.63	19.21	41.11	16.64	8.25	18.38	17.0	12.65	31.91	13.34	26.42	41.3	13.89	15.03	8.94	22.83	40.61	17.72	5.1	23.35	34.53	17.0	11.0	31.38	34.0	18.79	21.21	30.23	29.61	32.02	38.0	27.86	43.66	37.05	30.08	33.53	32.7	33.97	16.4	8.54	38.12	4.0	28.02	32.02	0.0	44.05	37.44	33.42	13.04	9.9	21.1	34.06	26.08	14.76	25.18	33.06	20.12	25.5	27.86	36.07	16.4	30.08	19.7	14.0	14.42	25.5	17.12	20.02	23.43	18.38	33.24	34.18	15.23	34.21	23.41	22.56	22.8	8.6	7.07	19.24	27.66	10.05	34.0	17.03	13.89	25.5	15.26	15.23	31.95	24.17	5.1	36.4	17.03	29.15	42.2	22.2	24.7	31.78	34.21	38.6	37.59	21.38	
60.88	3.0	11.7	41.59	34.21	33.38	31.4	33.24	11.7	24.84	31.78	42.06	50.91	42.45	35.74	32.56	13.04	53.24	42.45	33.73	57.28	34.67	48.37	41.44	3.61	59.55	47.43	30.41	40.45	50.25	36.24	13.89	12.65	28.23	28.18	45.89	28.02	12.04	28.28	44.05	43.57	26.17	36.35	18.11	41.19	10.3	43.42	40.46	25.32	41.04	29.61	29.07	44.05	0.0	13.34	13.15	57.01	34.21	36.67	26.0	43.68	29.7	26.57	32.39	52.35	45.28	19.7	8.54	46.49	39.46	39.4	54.04	47.71	23.54	55.22	32.2	49.77	49.34	22.2	16.12	50.48	43.29	37.95	25.94	50.16	44.29	45.28	62.24	17.46	51.66	34.53	47.01	50.57	20.25	58.69	58.0	17.46	39.85	41.88	12.04	55.8	31.4	38.64	33.24	19.85	35.13	19.03	5.83	46.01	27.29	
55.57	16.28	16.64	40.45	31.05	21.54	25.06	28.79	22.02	19.92	39.45	40.61	45.28	31.3	25.24	28.46	15.23	44.05	44.05	41.18	51.31	32.56	39.62	42.01	12.53	54.59	39.7	18.79	27.17	47.8	32.57	16.16	17.49	19.1	28.0	48.17	15.13	11.7	35.36	31.4	50.16	33.12	39.81	23.71	44.91	8.94	41.77	36.4	32.76	35.36	32.76	33.84	37.44	13.34	0.0	5.0	49.68	27.78	25.08	31.78	45.01	25.3	28.28	19.1	50.45	32.98	21.59	7.81	35.85	42.58	39.12	49.66	44.92	12.81	51.62	32.02	49.37	38.47	9.0	21.95	47.43	30.07	39.01	26.02	49.5	35.38	36.77	56.6	10.44	46.53	21.21	45.12	40.8	20.1	52.7	52.48	21.93	41.01	34.06	2.24	52.0	34.93	45.62	34.01	18.0	39.29	25.06	12.81	50.45	27.0	
51.31	16.12	12.73	35.51	26.25	20.22	20.81	24.17	19.24	15.23	35.23	35.69	41.05	29.41	22.85	23.77	10.82	41.05	39.05	36.89	47.2	27.66	36.4	37.01	11.05	50.25	36.07	17.26	28.16	43.01	27.86	11.66	13.45	15.81	23.0	43.19	15.3	7.21	31.06	31.0	45.62	28.84	34.93	19.42	40.02	5.0	36.88	31.78	28.6	31.06	27.89	29.15	33.42	13.15	5.0	0.0	45.97	23.6	23.54	27.29	40.01	20.62	23.35	20.25	45.61	32.14	16.76	5.1	33.62	37.66	34.13	45.18	40.16	10.44	47.01	27.02	44.41	36.4	10.3	17.8	42.72	30.81	34.01	21.02	44.55	32.2	33.42	52.43	5.83	42.19	22.47	40.26	38.08	15.13	48.6	48.26	17.49	36.01	30.41	3.16	47.42	30.08	41.18	29.02	13.0	34.48	20.81	10.44	45.61	22.0	
10.77	59.41	47.51	26.08	25.3	32.31	25.61	24.6	54.56	32.2	52.15	25.08	9.06	24.33	26.4	25.5	44.94	10.2	34.53	52.04	6.4	26.68	11.4	31.26	53.6	11.66	10.0	33.54	41.3	20.62	23.09	44.42	47.01	30.61	33.53	37.36	39.81	45.0	49.5	33.02	52.61	48.84	40.01	46.24	41.44	46.86	24.19	19.42	50.01	16.55	39.46	43.42	13.04	57.01	49.68	45.97	0.0	22.8	29.41	45.89	33.73	27.78	37.36	42.06	22.83	30.0	40.72	48.92	20.02	39.2	29.02	13.04	19.65	37.2	16.4	31.58	28.23	20.1	44.42	47.01	18.38	40.05	33.02	35.11	27.31	15.23	13.42	10.2	40.31	10.44	42.45	22.8	14.04	38.47	6.71	8.6	44.78	33.14	15.62	48.84	15.62	40.2	52.09	33.24	37.74	42.0	46.82	51.61	45.35	33.84	
27.78	36.62	25.08	17.89	8.49	17.09	2.83	5.0	32.57	9.43	35.44	17.46	17.49	17.2	12.21	5.83	22.36	20.4	25.61	36.06	23.6	11.31	15.3	22.2	30.81	26.83	13.42	16.28	29.97	22.02	8.06	21.93	24.7	10.05	14.56	30.0	22.02	22.2	31.78	25.5	40.5	30.41	26.63	25.18	30.48	24.08	18.03	10.05	31.26	7.62	22.47	26.25	9.9	34.21	27.78	23.6	22.8	0.0	16.64	27.46	25.81	6.0	18.44	26.48	25.08	24.08	19.24	26.17	18.03	27.66	18.6	22.14	19.03	16.49	24.52	15.26	26.25	20.88	24.52	25.5	21.02	30.53	21.21	15.13	25.96	12.0	12.17	28.84	17.8	18.79	27.89	20.4	19.0	16.49	25.0	24.7	23.35	22.67	8.25	26.63	24.74	24.17	38.01	18.03	15.23	27.78	26.08	28.84	36.07	14.32	
38.33	39.62	32.25	34.48	25.0	3.61	16.28	21.4	40.2	19.24	49.24	34.0	29.0	6.4	4.47	22.02	29.27	21.1	42.2	50.25	33.38	27.8	18.03	38.83	34.23	38.12	20.22	6.32	13.6	37.36	24.7	29.43	32.39	10.77	29.21	46.62	11.31	27.02	45.18	9.43	56.08	43.38	42.45	35.74	46.69	27.07	34.44	26.0	43.86	21.84	37.2	40.5	21.1	36.67	25.08	23.54	29.41	16.64	0.0	40.71	42.44	20.52	32.45	12.65	40.52	9.22	30.08	28.28	11.31	43.86	35.23	35.06	34.48	13.15	38.21	31.11	42.54	13.6	17.2	35.17	35.9	13.89	37.64	28.84	42.15	14.32	16.28	38.64	20.0	31.02	13.15	36.4	17.2	26.93	34.53	35.23	33.53	39.2	16.03	25.3	38.12	39.2	53.01	33.94	24.35	43.28	37.0	33.06	52.4	28.6	
45.19	26.17	15.52	21.95	21.02	39.12	25.96	23.09	15.52	21.47	8.6	22.83	37.36	43.66	37.16	22.09	16.55	47.01	18.6	9.9	43.32	19.24	42.05	19.1	23.09	43.38	39.01	36.62	51.22	31.06	23.09	15.65	14.56	30.02	13.04	21.02	38.9	20.12	4.47	50.12	18.38	3.0	11.18	8.25	15.52	22.85	24.19	26.48	4.12	30.07	6.71	3.61	34.06	26.0	31.78	27.29	45.89	27.46	40.71	0.0	20.0	21.59	9.06	44.55	32.02	49.66	11.31	24.35	45.35	14.32	18.87	37.58	29.53	31.14	37.22	14.32	27.59	48.27	36.4	10.2	32.25	53.01	15.62	12.37	28.28	39.32	39.12	47.01	24.84	37.0	46.69	27.46	46.27	14.21	44.6	43.08	9.85	16.97	35.13	29.55	38.08	7.07	13.89	13.0	17.03	9.49	7.07	21.21	20.02	13.15	
29.15	44.6	32.02	8.6	17.49	42.54	26.42	21.1	34.89	26.93	21.95	9.43	24.74	42.45	38.01	20.59	31.4	38.91	1.41	21.02	29.07	14.76	34.99	3.61	40.26	27.17	30.89	41.15	55.57	14.04	17.8	30.41	31.05	34.01	17.03	4.24	45.88	34.13	21.26	51.22	19.03	21.93	9.22	26.0	8.06	37.12	9.85	17.8	23.35	22.8	14.32	16.4	26.08	43.68	45.01	40.01	33.73	25.81	42.44	20.0	0.0	22.85	17.26	51.08	13.6	49.58	24.33	39.2	41.87	6.71	7.21	22.0	14.14	38.6	20.22	13.15	8.06	44.2	46.1	27.86	16.0	56.3	6.0	19.0	8.94	34.21	33.02	31.14	35.23	23.35	52.8	11.05	39.96	25.02	30.02	28.0	26.25	4.0	29.83	43.0	21.21	13.04	19.42	11.0	27.02	11.4	25.5	38.08	11.7	18.03	
31.24	31.89	19.72	16.12	6.0	20.0	4.47	3.61	26.93	5.39	29.73	16.03	21.21	22.36	16.4	3.16	17.2	26.31	22.36	30.46	27.59	8.25	21.21	19.31	26.17	30.0	18.97	18.36	33.02	22.56	7.28	16.64	19.24	11.18	8.94	26.83	23.09	17.69	25.96	29.83	35.61	24.52	21.93	19.24	26.25	20.0	17.0	11.18	25.32	11.4	17.0	20.62	14.76	29.7	25.3	20.62	27.78	6.0	20.52	21.59	22.85	0.0	12.65	28.23	25.32	28.84	13.34	22.2	23.77	23.43	15.81	24.7	19.65	16.12	26.4	10.63	25.08	26.68	24.02	19.65	22.14	34.06	17.49	9.22	25.02	18.0	18.11	32.56	14.87	22.02	29.97	20.1	25.0	10.77	29.0	28.32	17.46	19.24	14.14	23.77	26.83	18.87	32.76	13.45	10.0	22.8	20.1	24.08	32.02	8.54	
37.74	27.73	14.87	15.62	12.17	31.24	17.09	14.04	19.1	13.45	17.09	16.28	29.15	34.93	28.65	13.04	14.14	38.0	16.12	17.89	35.34	10.77	33.02	14.87	23.09	36.06	30.07	29.0	43.84	24.76	14.32	13.15	13.93	22.02	4.0	20.0	32.2	17.0	13.34	41.88	24.08	12.04	11.7	9.9	16.76	20.0	17.69	18.03	13.0	21.21	5.0	8.06	25.18	26.57	28.28	23.35	37.36	18.44	32.45	9.06	17.26	12.65	0.0	37.8	26.4	41.18	7.07	22.02	36.4	14.32	13.04	30.23	22.67	24.41	30.48	6.4	23.26	39.29	30.87	11.4	25.5	45.34	11.4	3.61	23.71	30.27	30.07	39.45	19.31	29.07	39.82	21.26	37.22	8.25	36.67	35.36	9.43	13.34	26.08	26.17	31.24	7.21	20.62	6.71	10.77	11.66	10.0	20.88	22.47	4.12	
50.8	35.36	32.25	43.97	33.84	10.05	25.0	30.36	39.4	24.7	53.08	43.68	41.19	18.36	16.12	30.68	29.68	33.54	50.57	54.45	45.89	36.4	30.68	47.54	31.05	50.49	32.76	10.2	8.06	48.37	34.21	30.23	32.76	17.09	35.51	55.04	5.66	26.42	48.84	13.89	61.85	46.75	49.09	37.8	53.85	25.08	44.38	36.5	46.86	33.06	42.8	45.34	33.06	32.39	19.1	20.25	42.06	26.48	12.65	44.55	51.08	28.23	37.8	0.0	51.48	16.4	33.24	25.3	23.32	51.11	44.01	47.04	45.4	13.45	50.0	38.47	52.63	25.0	10.2	36.62	47.17	11.0	45.62	34.41	52.39	26.93	28.86	51.2	20.0	43.1	2.24	46.87	29.53	30.41	47.07	47.68	35.61	47.42	28.16	20.4	50.01	45.0	58.05	41.18	27.59	49.41	39.2	30.68	59.68	34.67	
16.03	53.85	40.82	10.82	19.42	41.77	27.0	22.09	45.45	30.59	35.34	10.3	14.87	38.48	36.14	22.2	39.36	30.41	14.87	34.54	17.09	18.03	27.8	13.04	48.76	14.04	23.6	41.3	54.12	3.16	18.11	38.47	39.96	35.01	24.19	16.03	47.1	41.23	34.13	47.93	32.14	34.41	22.36	36.24	21.59	44.01	8.94	15.03	35.81	18.68	25.5	28.6	20.12	52.35	50.45	45.61	22.83	25.08	40.52	32.02	13.6	25.32	26.4	51.48	0.0	45.62	32.76	46.24	36.36	20.25	13.45	9.85	6.08	41.05	7.07	20.25	6.0	38.01	49.09	37.8	5.0	54.08	16.4	26.42	5.0	28.65	26.93	18.03	40.02	12.81	52.77	5.39	32.65	32.2	17.72	15.52	35.81	15.26	25.08	48.76	8.06	25.0	32.98	19.85	33.24	24.6	36.12	46.53	24.0	25.06	
40.2	48.26	41.44	41.23	32.56	12.0	24.41	29.07	49.37	28.23	58.14	40.61	32.28	7.21	12.53	29.83	38.47	20.1	49.52	59.06	35.23	35.38	19.24	46.01	43.05	40.45	22.8	15.0	12.08	42.49	31.83	38.64	41.59	19.92	37.74	53.81	18.03	36.12	54.13	3.16	64.4	52.39	50.61	44.92	54.56	36.0	40.8	32.2	52.92	27.46	45.79	49.24	25.5	45.28	32.98	32.14	30.0	24.08	9.22	49.66	49.58	28.84	41.18	16.4	45.62	0.0	39.22	37.05	10.05	51.74	42.45	38.6	39.82	22.0	42.06	39.2	48.55	10.2	24.35	44.38	40.72	10.2	45.28	37.59	48.02	17.09	18.97	40.05	29.07	34.48	15.56	42.19	16.03	36.06	36.12	37.34	42.72	46.67	20.59	33.54	41.76	47.71	61.59	42.01	33.53	51.61	46.17	42.0	60.14	37.22	
42.64	21.1	8.06	21.95	15.81	28.18	17.03	16.16	13.89	11.18	19.85	22.47	33.29	33.73	26.93	15.23	7.07	39.62	23.19	21.21	39.66	15.56	34.53	21.84	16.16	41.11	32.28	25.55	40.0	30.81	18.03	6.08	7.21	19.31	8.6	27.02	27.59	10.05	15.62	39.4	29.15	13.6	18.25	6.0	23.35	13.04	23.85	22.2	13.89	24.17	11.18	12.53	27.86	19.7	21.59	16.76	40.72	19.24	30.08	11.31	24.33	13.34	7.07	33.24	32.76	39.22	0.0	15.0	36.12	21.1	19.7	35.38	28.43	19.85	36.12	12.53	30.08	39.12	25.24	6.32	31.24	41.88	18.44	6.4	30.46	31.14	31.4	44.2	13.6	33.6	35.38	27.46	38.12	3.16	41.05	40.0	4.12	20.4	27.46	19.42	36.8	13.34	25.0	13.6	5.83	17.72	7.07	13.93	28.86	7.81	
53.41	11.4	8.94	35.74	27.29	25.08	23.35	25.81	14.42	17.03	31.76	36.06	43.28	33.96	27.2	25.24	8.06	44.78	38.12	33.54	49.58	28.23	39.96	36.5	6.0	52.2	39.2	22.09	33.24	43.86	29.15	9.06	9.85	19.7	22.56	42.01	20.4	5.1	27.73	36.01	42.72	25.5	33.14	16.16	38.21	2.24	37.34	33.29	25.06	33.3	26.08	26.68	36.07	8.54	7.81	5.1	48.92	26.17	28.28	24.35	39.2	22.2	22.02	25.3	46.24	37.05	15.0	0.0	37.95	36.06	33.96	46.87	41.15	15.13	48.37	26.68	44.38	40.8	15.23	14.32	43.83	35.9	33.24	20.4	44.64	35.85	36.89	54.67	8.94	44.2	27.51	40.85	42.05	14.32	50.99	50.45	14.56	35.23	33.6	5.66	48.88	28.16	38.08	28.28	13.0	32.39	17.46	5.39	43.57	21.59	
30.15	49.34	40.2	33.3	25.94	14.87	19.42	22.85	48.17	25.02	53.45	32.56	22.47	5.0	10.77	23.77	37.22	10.44	42.01	54.08	25.18	28.65	9.22	38.42	43.68	30.41	13.0	17.2	21.38	33.29	24.7	37.12	40.11	18.44	32.57	46.1	22.63	35.69	49.73	13.0	58.18	48.27	44.29	42.11	47.71	36.4	32.53	24.08	49.03	19.1	40.5	44.27	16.4	46.49	35.85	33.62	20.02	18.03	11.31	45.35	41.87	23.77	36.4	23.32	36.36	10.05	36.12	37.95	0.0	44.94	35.0	28.79	30.81	23.26	32.31	33.11	39.82	3.0	28.43	42.01	31.38	20.02	38.28	32.98	39.2	7.81	9.43	30.02	29.12	24.7	23.26	33.42	6.32	33.06	26.08	27.29	40.05	39.41	12.04	35.78	31.95	42.15	55.95	35.78	31.0	45.62	43.19	42.2	53.01	32.28	
35.51	40.02	28.07	13.15	19.21	43.42	27.59	22.67	29.73	26.42	15.26	14.14	30.15	44.82	39.6	21.93	28.02	43.32	5.39	14.32	35.01	16.4	39.0	8.0	36.22	33.54	35.11	41.62	56.4	20.4	20.25	27.02	27.07	34.41	15.65	6.71	45.65	31.14	14.87	53.04	13.6	15.81	3.16	21.38	2.83	34.13	15.03	21.54	17.2	26.4	10.0	10.77	30.08	39.46	42.58	37.66	39.2	27.66	43.86	14.32	6.71	23.43	14.32	51.11	20.25	51.74	21.1	36.06	44.94	0.0	10.44	28.16	20.02	38.01	26.68	12.81	14.76	47.51	44.94	23.35	22.2	57.49	6.71	17.09	15.65	37.59	36.67	37.48	33.53	29.02	53.0	17.12	43.86	22.56	36.06	34.13	22.09	6.08	33.12	40.45	27.66	8.06	13.04	10.0	25.0	5.0	20.62	34.13	8.6	16.55	
26.57	40.71	27.73	3.16	10.3	35.36	19.24	13.89	32.02	20.22	23.54	4.12	20.0	35.36	30.81	13.42	26.57	32.89	7.07	23.19	25.32	7.62	28.64	3.61	35.85	24.7	24.7	34.01	48.37	12.21	10.63	25.63	26.83	26.93	11.4	11.4	38.9	28.86	21.54	44.05	24.04	21.47	11.0	22.8	13.0	31.78	5.39	11.18	22.83	16.12	12.21	15.65	19.7	39.4	39.12	34.13	29.02	18.6	35.23	18.87	7.21	15.81	13.04	44.01	13.45	42.45	19.7	33.96	35.0	10.44	0.0	18.97	10.77	31.78	18.36	7.28	10.44	37.44	39.46	24.41	13.42	49.09	4.0	13.6	10.77	27.46	26.42	28.46	29.0	19.1	45.69	8.6	33.54	19.65	26.48	24.74	22.47	4.47	23.02	37.22	19.24	12.08	23.09	6.4	21.21	13.04	22.67	33.62	18.03	12.37	
7.62	55.97	43.14	15.81	19.85	37.01	24.7	21.1	49.04	30.02	42.45	14.87	6.32	31.78	31.0	21.63	41.11	21.4	23.02	41.98	7.28	19.85	19.7	20.22	50.45	5.83	15.81	37.22	48.37	8.06	17.8	40.36	42.43	32.02	27.02	25.18	43.42	42.2	40.5	41.23	41.01	40.31	29.61	40.0	30.02	44.65	13.6	13.6	41.63	14.56	30.87	34.54	14.0	54.04	49.66	45.18	13.04	22.14	35.06	37.58	22.0	24.7	30.23	47.04	9.85	38.6	35.38	46.87	28.79	28.16	18.97	0.0	8.25	38.6	3.61	23.85	15.52	29.97	46.57	41.23	6.0	47.85	22.8	29.07	14.56	21.59	19.65	9.49	39.36	4.12	48.0	11.05	24.19	33.97	8.06	6.0	39.05	22.36	19.03	48.3	3.16	31.02	41.19	24.6	34.21	31.78	40.22	48.27	33.24	27.66	
15.81	49.41	36.4	7.62	13.93	35.69	21.02	16.28	41.73	25.0	34.21	6.71	10.77	32.65	30.08	16.49	34.67	25.81	15.03	33.73	15.0	13.04	22.63	12.04	44.1	13.93	18.38	35.23	48.08	3.0	12.37	33.84	35.61	29.0	19.85	17.72	41.05	36.24	32.31	42.05	33.14	32.2	21.38	32.56	22.02	38.91	5.39	9.0	33.54	12.65	22.83	26.4	14.42	47.71	44.92	40.16	19.65	19.03	34.48	29.53	14.14	19.65	22.67	45.4	6.08	39.82	28.43	41.15	30.81	20.02	10.77	8.25	0.0	35.13	7.81	16.28	9.22	32.65	43.19	33.94	2.83	48.1	14.56	22.02	8.49	23.02	21.4	17.72	34.48	9.22	46.69	3.16	27.59	27.46	16.03	14.14	31.83	14.14	19.24	43.32	8.6	22.85	33.06	16.64	28.18	23.54	32.65	41.88	25.71	20.62	
43.86	26.48	19.92	32.25	22.09	10.0	14.14	19.0	27.66	11.7	39.7	32.14	33.62	18.97	12.53	19.03	17.09	31.24	37.95	41.04	39.36	24.33	26.87	35.17	21.1	43.08	27.2	7.0	20.25	38.12	23.0	17.46	20.25	6.71	22.36	42.38	7.81	14.32	35.47	21.21	48.41	33.42	35.85	24.7	40.71	14.0	33.06	26.17	33.6	24.04	29.41	31.89	25.5	23.54	12.81	10.44	37.2	16.49	13.15	31.14	38.6	16.12	24.41	13.45	41.05	22.0	19.85	15.13	23.26	38.01	31.78	38.6	35.13	0.0	41.0	25.63	41.19	26.0	8.06	23.71	37.34	22.36	32.89	21.1	41.11	22.63	24.08	44.72	7.28	35.11	15.56	36.0	28.02	16.97	40.71	40.72	22.47	34.79	21.63	12.53	41.23	31.62	44.6	28.23	14.14	36.06	26.08	20.0	46.53	21.47	
9.0	57.01	44.05	15.26	21.1	40.01	26.93	22.85	49.52	31.78	41.44	14.42	9.85	35.17	34.06	23.26	42.2	25.0	21.38	40.8	10.3	20.62	23.26	18.97	51.61	7.0	19.31	40.05	51.62	6.32	19.24	41.4	43.28	34.53	27.59	23.0	46.17	43.57	39.81	44.64	39.05	39.82	28.46	40.36	28.28	46.14	13.04	15.23	41.18	17.12	30.53	34.0	17.12	55.22	51.62	47.01	16.4	24.52	38.21	37.22	20.22	26.4	30.48	50.0	7.07	42.06	36.12	48.37	32.31	26.68	18.36	3.61	7.81	41.0	0.0	24.08	13.04	33.54	49.03	41.73	5.0	51.2	21.93	29.73	12.04	25.0	23.09	11.0	41.23	7.62	51.04	9.85	27.78	35.0	10.77	8.54	39.6	21.19	22.2	50.16	1.0	30.41	39.62	24.41	35.51	30.68	40.46	49.41	31.02	28.32	
31.38	33.62	20.59	9.43	7.28	30.61	14.87	10.3	25.46	13.93	21.1	10.0	23.09	32.45	26.91	9.43	19.31	33.24	12.37	21.38	29.15	5.0	28.44	10.0	28.64	29.68	25.08	28.84	43.6	18.44	9.06	18.38	19.72	21.63	4.12	16.76	33.11	21.59	18.03	40.36	25.24	17.26	11.4	16.28	15.62	24.52	11.4	12.17	18.44	16.03	8.0	12.0	20.02	32.2	32.02	27.02	31.58	15.26	31.11	14.32	13.15	10.63	6.4	38.47	20.25	39.2	12.53	26.68	33.11	12.81	7.28	23.85	16.28	25.63	24.08	0.0	17.72	35.85	32.98	17.69	19.1	44.69	7.28	6.32	18.03	26.25	25.71	33.12	22.09	22.85	40.31	15.0	32.98	12.37	30.46	29.07	15.62	9.22	21.84	30.07	24.84	9.22	22.85	2.83	14.04	12.53	16.4	26.4	21.4	5.1	
22.02	50.99	38.08	9.0	19.1	43.32	27.66	22.36	41.88	30.0	30.02	9.06	19.72	41.34	38.08	22.2	37.0	35.0	9.43	29.07	22.8	17.0	31.83	8.6	46.24	20.02	27.59	42.45	56.08	7.62	18.44	36.06	37.16	35.69	21.84	10.05	47.85	39.29	29.21	50.61	26.17	29.73	17.2	32.76	15.81	42.2	8.25	16.55	31.14	21.1	21.4	24.04	23.43	49.77	49.37	44.41	28.23	26.25	42.54	27.59	8.06	25.08	23.26	52.63	6.0	48.55	30.08	44.38	39.82	14.76	10.44	15.52	9.22	41.19	13.04	17.72	0.0	41.77	49.09	34.48	9.85	56.36	12.21	24.04	1.0	32.02	30.48	24.02	39.12	17.89	54.12	6.4	36.8	30.08	23.54	21.38	32.65	10.63	28.02	47.52	14.04	20.52	27.2	16.55	31.58	19.42	32.45	44.01	18.0	22.8	
30.59	52.2	43.19	35.61	28.64	17.2	22.36	25.63	51.16	28.02	56.32	34.83	23.71	7.21	13.6	26.57	40.2	10.0	44.41	56.92	25.71	31.3	10.3	40.8	46.57	31.05	14.42	19.72	22.14	35.0	27.29	40.11	43.1	21.38	35.44	48.41	24.84	38.64	52.63	13.34	60.83	51.2	46.96	45.1	50.25	39.29	34.71	26.4	51.97	21.4	43.32	47.13	18.38	49.34	38.47	36.4	20.1	20.88	13.6	48.27	44.2	26.68	39.29	25.0	38.01	10.2	39.12	40.8	3.0	47.51	37.44	29.97	32.65	26.0	33.54	35.85	41.77	0.0	30.81	45.01	33.02	20.4	40.82	35.9	41.11	10.0	11.31	30.27	32.02	25.94	24.7	35.38	6.08	36.06	26.48	27.89	43.05	41.88	14.42	38.48	33.11	44.94	58.69	38.48	34.0	48.33	46.17	45.12	55.47	35.17	
51.62	25.18	22.8	40.11	30.02	13.6	22.2	27.02	29.53	19.24	44.69	40.05	41.44	23.6	18.44	27.0	20.52	37.54	45.35	46.23	47.01	32.14	33.6	42.76	20.88	50.92	34.48	11.31	18.25	46.17	31.02	21.21	23.43	14.56	29.41	49.73	6.32	17.03	40.46	22.56	54.38	38.29	42.54	29.0	47.54	15.26	41.01	34.23	38.21	32.02	35.78	37.74	33.24	22.2	9.0	10.3	44.42	24.52	17.2	36.4	46.1	24.02	30.87	10.2	49.09	24.35	25.24	15.23	28.43	44.94	39.46	46.57	43.19	8.06	49.03	32.98	49.09	30.81	0.0	27.59	45.4	21.1	40.26	27.86	49.04	29.41	31.06	52.39	11.66	43.01	12.37	44.01	33.94	22.83	48.33	48.47	26.91	42.2	29.07	10.2	49.24	38.01	50.22	35.44	20.12	42.49	30.41	20.62	53.31	28.46	
48.6	16.76	5.39	27.02	21.95	32.89	23.19	22.47	7.81	17.0	17.49	27.66	39.45	39.32	32.39	21.54	7.07	45.89	26.57	19.24	45.79	21.4	40.79	25.94	13.0	47.01	38.6	30.08	43.91	36.12	24.19	6.4	4.47	24.52	14.21	29.83	31.06	10.63	13.42	44.27	28.46	11.18	20.22	2.0	25.08	13.04	29.07	28.3	10.82	30.46	13.6	13.0	34.18	16.12	21.95	17.8	47.01	25.5	35.17	10.2	27.86	19.65	11.4	36.62	37.8	44.38	6.32	14.32	42.01	23.35	24.41	41.23	33.94	23.71	41.73	17.69	34.48	45.01	27.59	0.0	36.77	46.07	22.36	12.21	34.99	37.34	37.66	50.22	16.64	39.66	38.83	32.65	44.28	9.06	47.17	46.04	2.24	24.17	33.73	19.72	42.45	15.3	23.77	18.03	11.05	19.03	3.16	11.05	30.02	13.6	
13.34	52.2	39.2	10.3	16.55	37.34	23.19	18.68	44.55	27.51	36.69	9.43	10.0	33.62	31.58	18.97	37.44	25.5	17.03	36.14	13.15	15.81	22.8	14.32	46.87	11.4	18.6	37.05	49.48	2.24	14.87	36.62	38.42	31.06	22.67	19.24	43.0	38.95	34.93	43.08	35.01	34.89	23.77	35.38	24.02	41.59	8.06	11.18	36.24	14.14	25.55	29.07	15.23	50.48	47.43	42.72	18.38	21.02	35.9	32.25	16.0	22.14	25.5	47.17	5.0	40.72	31.24	43.83	31.38	22.2	13.42	6.0	2.83	37.34	5.0	19.1	9.85	33.02	45.4	36.77	0.0	49.34	17.09	24.84	8.94	23.71	21.95	15.3	37.0	8.06	48.37	5.1	27.66	30.23	14.04	12.0	34.66	16.49	20.25	45.88	5.83	25.5	35.23	19.42	30.89	25.96	35.47	44.65	27.29	23.43	
50.04	46.27	42.15	48.37	38.83	14.14	30.0	35.23	49.65	31.89	61.61	47.89	41.59	16.12	18.36	35.81	39.4	30.27	56.04	62.8	45.04	41.62	29.02	52.7	41.77	50.16	32.25	16.4	3.16	50.92	38.59	39.81	42.54	23.35	42.43	60.46	15.52	36.4	57.43	7.07	69.31	55.47	55.9	47.01	60.31	35.44	48.3	39.81	55.76	35.47	50.25	53.26	34.21	43.29	30.07	30.81	40.05	30.53	13.89	53.01	56.3	34.06	45.34	11.0	54.08	10.2	41.88	35.9	20.02	57.49	49.09	47.85	48.1	22.36	51.2	44.69	56.36	20.4	21.1	46.07	49.34	0.0	51.4	41.77	55.95	26.31	28.28	50.0	29.55	43.74	9.06	50.16	26.17	38.83	46.01	47.1	44.78	53.01	29.12	31.26	50.99	52.35	65.95	47.51	36.06	56.57	48.37	41.23	66.07	41.73	
30.36	39.0	26.25	7.07	12.73	37.44	21.4	16.28	29.68	21.19	19.65	8.06	24.0	38.29	33.3	15.62	25.5	36.69	5.1	19.24	29.27	9.9	32.31	3.61	34.48	28.46	28.46	35.85	50.48	15.65	13.6	24.52	25.3	28.65	11.05	9.49	40.31	28.16	17.89	46.69	20.25	18.03	7.0	20.59	9.43	31.14	9.22	14.87	19.42	19.7	9.22	12.21	23.41	37.95	39.01	34.01	33.02	21.21	37.64	15.62	6.0	17.49	11.4	45.62	16.4	45.28	18.44	33.24	38.28	6.71	4.0	22.8	14.56	32.89	21.93	7.28	12.21	40.82	40.26	22.36	17.09	51.4	0.0	13.0	12.81	30.89	29.97	32.28	29.27	23.09	47.41	12.08	37.16	19.03	30.41	28.64	20.62	2.0	26.42	37.0	22.85	8.6	19.1	5.0	21.02	9.06	20.25	32.28	14.87	12.04	
36.4	27.46	14.42	15.65	9.85	27.66	13.6	11.05	20.0	9.9	20.62	16.12	27.29	31.38	25.06	10.05	13.0	35.06	18.03	21.47	33.62	9.22	30.02	16.12	22.36	34.83	27.29	25.46	40.31	24.41	12.08	12.08	13.6	18.44	2.24	22.2	28.84	15.3	16.76	38.28	27.59	15.3	14.76	11.18	19.7	18.25	17.49	16.12	16.12	18.68	8.49	11.66	22.56	25.94	26.02	21.02	35.11	15.13	28.84	12.37	19.0	9.22	3.61	34.41	26.42	37.59	6.4	20.4	32.98	17.09	13.6	29.07	22.02	21.1	29.73	6.32	24.04	35.9	27.86	12.21	24.84	41.77	13.0	0.0	24.35	27.07	27.0	38.01	16.49	27.46	36.4	21.1	34.06	6.08	34.99	33.84	10.0	15.0	23.0	24.0	30.41	10.63	24.21	8.0	8.06	15.0	11.7	20.12	25.5	1.41	
21.02	51.43	38.48	9.06	19.03	43.01	27.46	22.2	42.44	30.02	30.89	9.0	18.87	40.82	37.7	22.09	37.34	34.21	10.3	29.97	21.84	17.03	31.11	9.22	46.62	19.03	26.87	42.2	55.71	6.71	18.25	36.4	37.58	35.51	22.14	11.05	47.68	39.56	30.0	50.12	27.17	30.48	18.03	33.29	16.76	42.45	8.06	16.16	31.89	20.59	22.02	24.76	22.8	50.16	49.5	44.55	27.31	25.96	42.15	28.28	8.94	25.02	23.71	52.39	5.0	48.02	30.46	44.64	39.2	15.65	10.77	14.56	8.49	41.11	12.04	18.03	1.0	41.11	49.04	34.99	8.94	55.95	12.81	24.35	0.0	31.4	29.83	23.02	39.2	17.0	53.85	5.83	36.07	30.36	22.56	20.4	33.12	11.31	27.46	47.68	13.04	21.21	28.16	17.0	31.78	20.25	33.02	44.38	19.0	23.09	
24.08	46.96	36.4	25.61	18.97	17.09	14.14	16.28	44.15	20.62	47.07	24.84	15.3	10.2	11.18	17.26	33.53	8.94	34.41	47.54	19.1	21.54	4.24	30.81	41.15	24.0	6.0	18.36	27.02	25.55	17.46	33.24	36.14	16.4	26.31	38.42	24.6	32.7	43.57	19.65	50.99	42.3	37.16	37.12	40.31	34.0	24.76	16.4	43.19	11.4	33.96	37.85	8.6	44.29	35.38	32.2	15.23	12.0	14.32	39.32	34.21	18.0	30.27	26.93	28.65	17.09	31.14	35.85	7.81	37.59	27.46	21.59	23.02	22.63	25.0	26.25	32.02	10.0	29.41	37.34	23.71	26.31	30.89	27.07	31.4	0.0	2.0	24.33	26.93	17.46	27.46	25.61	7.0	28.28	20.22	21.02	35.23	31.91	4.47	34.83	24.74	35.44	49.04	28.79	26.68	38.63	38.05	39.4	45.49	26.17	
22.09	47.89	37.0	24.41	18.44	18.97	14.56	16.03	44.64	21.19	46.69	23.6	13.34	12.17	13.0	17.03	34.18	8.25	33.29	47.07	17.12	20.88	3.16	29.68	42.06	22.0	4.0	20.12	29.02	23.85	16.76	33.84	36.69	17.69	26.08	37.2	26.4	33.54	43.29	21.59	50.16	42.11	36.4	37.34	39.36	34.99	23.43	15.26	43.05	10.3	33.54	37.48	7.07	45.28	36.77	33.42	13.42	12.17	16.28	39.12	33.02	18.11	30.07	28.86	26.93	18.97	31.4	36.89	9.43	36.67	26.42	19.65	21.4	24.08	23.09	25.71	30.48	11.31	31.06	37.66	21.95	28.28	29.97	27.0	29.83	2.0	0.0	22.36	28.02	15.52	29.43	24.08	7.28	28.64	18.25	19.03	35.51	30.89	4.0	36.12	22.8	34.93	48.38	28.16	27.2	37.95	38.21	40.25	44.42	26.02	
2.0	64.35	51.74	25.3	28.43	41.23	31.62	29.0	58.01	37.64	51.92	24.35	11.4	34.06	35.17	29.7	49.52	20.4	32.25	51.42	5.39	28.84	21.02	29.61	58.69	4.0	18.44	42.06	51.09	17.12	26.25	48.84	51.09	38.01	36.06	34.0	48.38	50.25	49.98	43.01	50.04	49.77	39.05	49.09	39.2	52.5	23.09	22.02	51.08	21.4	40.31	44.01	19.24	62.24	56.6	52.43	10.2	28.84	38.64	47.01	31.14	32.56	39.45	51.2	18.03	40.05	44.2	54.67	30.02	37.48	28.46	9.49	17.72	44.72	11.0	33.12	24.02	30.27	52.39	50.22	15.3	50.0	32.28	38.01	23.02	24.33	22.36	0.0	46.62	10.63	51.79	20.4	24.19	42.52	4.12	4.24	48.01	31.78	23.41	55.47	10.0	40.5	50.49	34.01	42.43	41.23	49.4	56.57	42.01	36.62	
45.49	20.25	12.65	30.15	20.62	17.12	15.0	18.38	20.4	9.49	33.24	30.27	35.23	25.32	18.44	18.03	9.85	35.85	34.37	34.71	41.4	22.2	31.06	32.06	14.56	44.42	30.48	14.14	27.29	37.36	22.14	10.3	13.0	10.77	18.25	38.64	14.42	7.07	29.0	28.44	42.72	26.87	31.02	17.8	36.06	7.28	31.4	26.0	26.91	25.24	24.17	26.08	27.66	17.46	10.44	5.83	40.31	17.8	20.0	24.84	35.23	14.87	19.31	20.0	40.02	29.07	13.6	8.94	29.12	33.53	29.0	39.36	34.48	7.28	41.23	22.09	39.12	32.02	11.66	16.64	37.0	29.55	29.27	16.49	39.2	26.93	28.02	46.62	0.0	36.36	22.2	34.71	33.11	11.18	42.8	42.44	15.62	31.26	24.84	8.94	41.63	26.4	38.6	24.33	8.54	30.87	19.21	13.15	41.79	17.26	
9.22	53.74	41.11	16.03	17.8	33.06	21.47	18.44	47.43	27.2	42.58	15.03	2.24	27.66	27.02	19.1	38.9	17.69	24.19	42.3	6.32	18.36	15.65	21.02	48.1	8.06	11.7	33.38	44.28	10.3	15.62	38.21	40.46	28.46	25.55	26.93	39.62	39.7	40.26	37.11	42.3	39.85	30.07	38.59	31.14	42.01	14.0	11.4	41.11	11.18	30.36	34.21	10.05	51.66	46.53	42.19	10.44	18.79	31.02	37.0	23.35	22.02	29.07	43.1	12.81	34.48	33.6	44.2	24.7	29.02	19.1	4.12	9.22	35.11	7.62	22.85	17.89	25.94	43.01	39.66	8.06	43.74	23.09	27.46	17.0	17.46	15.52	10.63	36.36	0.0	44.01	12.37	20.25	31.89	7.62	6.4	37.44	23.0	15.0	45.28	7.28	30.81	42.0	24.04	31.83	32.14	38.95	45.97	34.93	26.08	
51.48	37.48	34.48	45.54	35.47	11.05	26.57	31.95	41.63	26.63	55.23	45.22	42.05	18.38	17.0	32.31	31.91	33.62	52.33	56.59	46.53	38.08	31.05	49.24	33.24	51.24	33.38	11.7	6.0	49.65	35.74	32.45	34.99	18.79	37.44	56.8	7.81	28.65	50.99	12.81	63.89	48.92	51.04	40.0	55.76	27.31	45.88	37.85	49.04	34.23	44.82	47.42	34.0	34.53	21.21	22.47	42.45	27.89	13.15	46.69	52.8	29.97	39.82	2.24	52.77	15.56	35.38	27.51	23.26	53.0	45.69	48.0	46.69	15.56	51.04	40.31	54.12	24.7	12.37	38.83	48.37	9.06	47.41	36.4	53.85	27.46	29.43	51.79	22.2	44.01	0.0	48.27	29.55	32.53	47.68	48.37	37.8	49.19	29.02	22.56	51.01	47.01	60.14	43.05	29.7	51.4	41.4	32.89	61.59	36.62	
18.44	48.55	35.51	5.66	14.14	37.36	22.09	17.0	40.36	25.32	31.62	5.0	13.93	34.99	31.95	17.03	34.0	28.84	12.0	31.05	18.03	12.65	25.5	9.22	43.42	16.49	21.26	36.67	49.98	3.61	13.0	33.12	34.67	30.15	18.87	14.56	42.3	35.85	29.97	44.29	30.07	30.02	18.68	31.14	19.0	38.63	3.61	10.44	31.38	14.76	20.81	24.19	17.03	47.01	45.12	40.26	22.8	20.4	36.4	27.46	11.05	20.1	21.26	46.87	5.39	42.19	27.46	40.85	33.42	17.12	8.6	11.05	3.16	36.0	9.85	15.0	6.4	35.38	44.01	32.65	5.1	50.16	12.08	21.1	5.83	25.61	24.08	20.4	34.71	12.37	48.27	0.0	30.48	26.83	19.0	17.03	30.61	11.4	21.63	43.42	10.77	20.59	30.15	14.87	27.86	20.88	31.11	41.18	22.56	19.72	
24.52	53.31	43.17	31.38	25.71	20.62	21.1	23.19	50.99	27.46	53.94	30.53	18.03	11.18	15.62	24.19	40.26	4.12	40.31	54.34	19.65	28.16	5.0	36.72	47.54	25.0	9.22	22.63	27.66	29.73	24.04	40.02	42.95	22.36	33.24	44.1	28.43	39.22	50.49	19.1	57.38	49.25	43.66	44.1	46.52	40.31	30.23	22.36	50.16	17.46	40.79	44.72	13.89	50.57	40.8	38.08	14.04	19.0	17.2	46.27	39.96	25.0	37.22	29.53	32.65	16.03	38.12	42.05	6.32	43.86	33.54	24.19	27.59	28.02	27.78	32.98	36.8	6.08	33.94	44.28	27.66	26.17	37.16	34.06	36.07	7.0	7.28	24.19	33.11	20.25	29.55	30.48	0.0	35.23	20.4	21.84	42.19	38.01	11.18	40.5	27.29	42.2	55.66	35.44	33.54	45.22	45.04	45.88	51.48	33.14	
41.04	22.02	9.22	21.54	14.14	25.06	14.14	13.89	16.16	8.06	22.8	21.93	31.4	30.59	23.77	13.04	7.21	36.88	24.0	24.08	37.8	14.42	31.78	22.2	16.64	39.6	29.73	22.47	37.01	30.02	16.28	6.4	8.6	16.16	8.25	28.07	24.76	9.22	18.6	36.25	31.62	16.64	19.92	9.06	25.0	12.17	23.26	20.52	17.0	21.95	13.0	15.0	25.5	20.25	20.1	15.13	38.47	16.49	26.93	14.21	25.02	10.77	8.25	30.41	32.2	36.06	3.16	14.32	33.06	22.56	19.65	33.97	27.46	16.97	35.0	12.37	30.08	36.06	22.83	9.06	30.23	38.83	19.03	6.08	30.36	28.28	28.64	42.52	11.18	31.89	32.53	26.83	35.23	0.0	39.2	38.29	7.0	21.02	24.74	18.03	35.61	15.23	27.66	14.04	2.83	19.7	10.2	14.42	30.68	7.28	
4.12	60.88	48.41	23.35	25.24	37.11	27.8	25.5	54.92	33.97	50.01	22.36	7.81	30.02	31.05	26.25	46.1	16.76	31.0	49.65	1.41	25.94	17.0	28.07	55.17	5.0	14.32	37.95	47.04	16.12	23.02	45.45	47.8	34.0	33.12	33.24	44.27	46.67	47.8	39.05	49.04	47.43	37.34	46.14	38.0	48.84	21.21	18.87	48.7	17.69	37.95	41.76	15.26	58.69	52.7	48.6	6.71	25.0	34.53	44.6	30.02	29.0	36.67	47.07	17.72	36.12	41.05	50.99	26.08	36.06	26.48	8.06	16.03	40.71	10.77	30.46	23.54	26.48	48.33	47.17	14.04	46.01	30.41	34.99	22.56	20.22	18.25	4.12	42.8	7.62	47.68	19.0	20.4	39.2	0.0	2.24	44.94	30.15	19.31	51.61	9.85	38.33	49.09	31.62	38.95	39.46	46.53	53.08	41.3	33.62	
3.16	60.11	47.51	21.59	24.21	37.66	27.46	24.76	53.82	33.42	48.27	20.62	7.21	31.02	31.58	25.46	45.28	18.38	29.02	47.85	2.24	24.7	18.11	26.17	54.45	3.16	15.03	38.33	48.0	14.04	22.02	44.6	46.86	34.01	31.91	31.14	44.64	46.01	46.17	40.2	47.01	45.88	35.51	44.94	36.01	48.27	19.42	17.8	47.17	17.2	36.4	40.16	15.23	58.0	52.48	48.26	8.6	24.7	35.23	43.08	28.0	28.32	35.36	47.68	15.52	37.34	40.0	50.45	27.29	34.13	24.74	6.0	14.14	40.72	8.54	29.07	21.38	27.89	48.47	46.04	12.0	47.1	28.64	33.84	20.4	21.02	19.03	4.24	42.44	6.4	48.37	17.03	21.84	38.29	2.24	0.0	43.83	28.28	19.65	51.31	7.62	36.69	47.17	30.08	38.18	37.66	45.28	52.33	39.2	32.45	
46.4	18.38	6.0	25.0	19.72	31.38	21.1	20.25	10.0	15.03	17.8	25.61	37.22	37.48	30.59	19.31	6.71	43.74	25.0	19.42	43.57	19.21	38.64	24.17	14.14	44.82	36.4	28.64	42.72	34.06	21.95	5.83	5.0	22.8	12.04	28.44	30.0	10.3	13.6	42.72	28.23	11.4	19.03	2.24	24.0	13.0	27.02	26.08	11.31	28.23	12.17	12.17	31.95	17.46	21.93	17.49	44.78	23.35	33.53	9.85	26.25	17.46	9.43	35.61	35.81	42.72	4.12	14.56	40.05	22.09	22.47	39.05	31.83	22.47	39.6	15.62	32.65	43.05	26.91	2.24	34.66	44.78	20.62	10.0	33.12	35.23	35.51	48.01	15.62	37.44	37.8	30.61	42.19	7.0	44.94	43.83	0.0	22.47	31.58	19.7	40.31	14.04	23.71	16.12	9.22	18.03	3.61	12.04	29.15	11.4	
29.83	40.85	28.16	7.07	14.21	39.12	23.02	17.8	31.38	23.09	20.25	8.06	24.08	39.62	34.83	17.2	27.46	37.34	3.16	19.65	29.07	11.4	33.11	2.24	36.4	27.89	29.15	37.59	52.15	14.87	14.87	26.48	27.2	30.41	13.04	7.62	42.15	30.15	18.87	48.17	19.65	19.21	7.28	22.36	8.54	33.14	9.0	15.65	20.62	20.59	10.82	13.45	24.17	39.85	41.01	36.01	33.14	22.67	39.2	16.97	4.0	19.24	13.34	47.42	15.26	46.67	20.4	35.23	39.41	6.08	4.47	22.36	14.14	34.79	21.19	9.22	10.63	41.88	42.2	24.17	16.49	53.01	2.0	15.0	11.31	31.91	30.89	31.78	31.26	23.0	49.19	11.4	38.01	21.02	30.15	28.28	22.47	0.0	27.46	39.0	22.14	9.9	19.0	7.0	23.02	9.49	21.95	34.21	13.6	14.04	
22.8	44.42	33.24	21.26	14.56	18.11	10.77	12.04	40.8	17.46	42.76	20.52	13.04	13.42	12.04	13.04	30.46	12.17	30.0	43.17	18.03	17.09	7.07	26.4	38.59	22.36	5.66	18.68	29.43	21.93	13.0	30.08	32.89	15.0	22.09	34.06	25.0	30.02	39.32	22.85	46.52	38.12	32.7	33.38	35.85	31.62	20.52	12.04	39.05	7.07	29.61	33.54	5.1	41.88	34.06	30.41	15.62	8.25	16.03	35.13	29.83	14.14	26.08	28.16	25.08	20.59	27.46	33.6	12.04	33.12	23.02	19.03	19.24	21.63	22.2	21.84	28.02	14.42	29.07	33.73	20.25	29.12	26.42	23.0	27.46	4.47	4.0	23.41	24.84	15.0	29.02	21.63	11.18	24.74	19.31	19.65	31.58	27.46	0.0	33.24	22.09	31.05	44.6	24.35	23.41	34.18	34.23	36.72	41.05	22.02	
54.38	15.03	14.42	38.64	29.41	21.84	23.85	27.31	20.0	18.38	37.22	38.83	44.1	31.38	25.06	26.93	13.0	43.6	42.01	38.95	50.22	30.81	39.05	40.05	10.77	53.34	38.9	18.97	28.44	46.17	31.02	13.93	15.26	18.44	26.02	46.1	16.0	9.49	33.12	32.14	47.93	30.89	37.66	21.47	42.76	6.71	40.02	34.93	30.53	34.13	30.59	31.62	36.4	12.04	2.24	3.16	48.84	26.63	25.3	29.55	43.0	23.77	26.17	20.4	48.76	33.54	19.42	5.66	35.78	40.45	37.22	48.3	43.32	12.53	50.16	30.07	47.52	38.48	10.2	19.72	45.88	31.26	37.0	24.0	47.68	34.83	36.12	55.47	8.94	45.28	22.56	43.42	40.5	18.03	51.61	51.31	19.7	39.0	33.24	0.0	50.57	32.76	43.38	32.0	16.03	37.11	22.83	10.82	48.27	25.02	
8.0	57.63	44.69	16.12	21.63	40.0	27.2	23.26	50.25	32.2	42.38	15.26	9.49	34.93	34.01	23.71	42.8	24.41	22.36	41.76	9.43	21.26	22.85	19.92	52.2	6.0	18.97	40.11	51.48	7.28	19.72	42.01	43.93	34.71	28.28	24.0	46.27	44.1	40.72	44.38	40.05	40.71	29.41	41.11	29.27	46.65	13.89	15.65	42.06	17.26	31.38	34.89	17.03	55.8	52.0	47.42	15.62	24.74	38.12	38.08	21.21	26.83	31.24	50.01	8.06	41.76	36.8	48.88	31.95	27.66	19.24	3.16	8.6	41.23	1.0	24.84	14.04	33.11	49.24	42.45	5.83	50.99	22.85	30.41	13.04	24.74	22.8	10.0	41.63	7.28	51.01	10.77	27.29	35.61	9.85	7.62	40.31	22.14	22.09	50.57	0.0	31.3	40.61	25.24	36.06	31.62	41.23	50.0	32.02	29.0	
38.63	32.02	20.02	15.23	16.49	38.21	23.32	19.31	21.93	20.52	12.0	16.16	31.4	41.18	35.23	18.38	20.1	42.43	11.66	12.17	37.11	14.14	37.66	12.04	28.16	36.77	34.23	36.07	50.93	24.19	18.25	19.1	19.03	29.0	10.0	14.56	39.41	23.35	9.49	48.6	16.97	9.43	5.0	13.34	10.05	26.31	17.46	21.0	10.82	25.18	2.24	3.61	29.15	31.4	34.93	30.08	40.2	24.17	39.2	7.07	13.04	18.87	7.21	45.0	25.0	47.71	13.34	28.16	42.15	8.06	12.08	31.02	22.85	31.62	30.41	9.22	20.52	44.94	38.01	15.3	25.5	52.35	8.6	10.63	21.21	35.44	34.93	40.5	26.4	30.81	47.01	20.59	42.2	15.23	38.33	36.69	14.04	9.9	31.05	32.76	31.3	0.0	13.89	7.0	17.89	4.47	12.65	26.08	15.52	10.63	
48.51	38.21	29.15	26.02	30.08	51.86	37.22	33.11	27.17	34.06	7.0	27.02	43.05	55.07	49.09	32.2	30.41	55.54	18.25	5.0	48.04	27.51	50.96	21.02	36.14	46.53	47.3	49.58	64.38	33.38	31.62	29.53	28.23	42.64	23.85	17.46	52.4	34.0	10.44	62.43	5.0	12.65	12.17	21.93	11.4	36.67	28.0	33.73	13.34	38.33	15.81	12.73	42.2	38.64	45.62	41.18	52.09	38.01	53.01	13.89	19.42	32.76	20.62	58.05	32.98	61.59	25.0	38.08	55.95	13.04	23.09	41.19	33.06	44.6	39.62	22.85	27.2	58.69	50.22	23.77	35.23	65.95	19.1	24.21	28.16	49.04	48.38	50.49	38.6	42.0	60.14	30.15	55.66	27.66	49.09	47.17	23.71	19.0	44.6	43.38	40.61	13.89	0.0	20.25	30.48	10.44	20.62	34.48	11.31	24.41	
32.2	34.44	21.54	9.22	9.85	33.42	17.69	13.04	25.61	16.55	19.0	10.0	24.52	35.23	29.73	12.21	20.62	35.51	10.05	19.1	30.36	7.28	30.81	8.25	29.73	30.41	27.29	31.62	46.4	18.44	11.4	19.65	20.62	24.41	6.08	14.32	35.78	23.19	16.28	43.19	22.47	15.81	8.6	16.4	12.81	26.17	11.4	14.0	17.09	18.25	6.32	10.2	22.2	33.24	34.01	29.02	33.24	18.03	33.94	13.0	11.0	13.45	6.71	41.18	19.85	42.01	13.6	28.28	35.78	10.0	6.4	24.6	16.64	28.23	24.41	2.83	16.55	38.48	35.44	18.03	19.42	47.51	5.0	8.0	17.0	28.79	28.16	34.01	24.33	24.04	43.05	14.87	35.44	14.04	31.62	30.08	16.12	7.0	24.35	32.0	25.24	7.0	20.25	0.0	16.03	9.85	16.28	27.51	18.6	7.07	
41.04	21.93	9.85	22.8	14.42	22.36	12.65	13.45	17.46	6.08	25.61	23.09	31.14	28.28	21.38	12.73	7.21	35.44	26.08	26.91	37.54	15.23	30.36	24.02	16.28	39.7	28.64	19.72	34.21	30.87	16.4	6.71	9.49	13.6	10.0	30.27	21.93	8.06	21.4	33.62	34.41	19.42	22.47	11.4	27.51	10.77	24.35	20.62	19.72	21.4	15.65	17.8	24.7	19.85	18.0	13.0	37.74	15.23	24.35	17.03	27.02	10.0	10.77	27.59	33.24	33.53	5.83	13.0	31.0	25.0	21.21	34.21	28.18	14.14	35.51	14.04	31.58	34.0	20.12	11.05	30.89	36.06	21.02	8.06	31.78	26.68	27.2	42.43	8.54	31.83	29.7	27.86	33.54	2.83	38.95	38.18	9.22	23.02	23.41	16.03	36.06	17.89	30.48	16.03	0.0	22.36	12.65	14.14	33.24	9.0	
39.29	35.51	24.02	16.12	19.7	42.43	27.2	22.83	25.0	24.84	10.77	17.12	33.02	44.94	39.2	21.95	24.33	45.12	10.0	10.2	38.33	17.09	40.52	11.7	32.02	37.36	36.88	40.36	55.23	24.35	21.19	23.35	23.02	33.24	14.14	11.66	43.83	27.66	9.9	52.63	12.81	10.82	2.24	17.03	6.08	30.59	18.25	23.35	12.21	27.89	6.71	6.08	31.78	35.13	39.29	34.48	42.0	27.78	43.28	9.49	11.4	22.8	11.66	49.41	24.6	51.61	17.72	32.39	45.62	5.0	13.04	31.78	23.54	36.06	30.68	12.53	19.42	48.33	42.49	19.03	25.96	56.57	9.06	15.0	20.25	38.63	37.95	41.23	30.87	32.14	51.4	20.88	45.22	19.7	39.46	37.66	18.03	9.49	34.18	37.11	31.62	4.47	10.44	9.85	22.36	0.0	16.12	30.0	11.18	14.87	
47.71	19.42	8.54	25.46	21.54	34.93	24.0	22.56	9.43	18.25	14.42	26.17	38.91	40.79	33.96	21.59	10.0	46.39	24.17	16.12	45.18	20.59	41.3	23.85	16.03	46.04	38.83	32.2	46.32	34.66	23.77	9.22	7.62	26.25	13.42	27.2	33.6	13.6	10.3	46.24	25.3	8.06	17.46	1.41	22.2	16.12	27.59	27.73	7.81	30.36	11.18	10.05	34.21	19.03	25.06	20.81	46.82	26.08	37.0	7.07	25.5	20.1	10.0	39.2	36.12	46.17	7.07	17.46	43.19	20.62	22.67	40.22	32.65	26.08	40.46	16.4	32.45	46.17	30.41	3.16	35.47	48.37	20.25	11.7	33.02	38.05	38.21	49.4	19.21	38.95	41.4	31.11	45.04	10.2	46.53	45.28	3.61	21.95	34.23	22.83	41.23	12.65	20.62	16.28	12.65	16.12	0.0	14.14	27.0	13.0	
55.17	7.81	6.08	35.78	28.43	30.0	26.08	27.59	9.22	19.42	27.86	36.24	45.28	38.47	31.58	26.87	7.21	48.33	36.88	29.73	51.66	28.84	43.38	35.74	2.24	53.81	42.19	27.0	38.6	44.42	30.48	8.06	7.07	23.77	22.36	40.45	25.71	6.71	24.04	41.11	39.29	21.84	31.06	13.04	36.01	6.0	37.59	34.71	21.19	35.47	24.19	24.02	38.6	5.83	12.81	10.44	51.61	28.84	33.06	21.21	38.08	24.08	20.88	30.68	46.53	42.0	13.93	5.39	42.2	34.13	33.62	48.27	41.88	20.0	49.41	26.4	44.01	45.12	20.62	11.05	44.65	41.23	32.28	20.12	44.38	39.4	40.25	56.57	13.15	45.97	32.89	41.18	45.88	14.42	53.08	52.33	12.04	34.21	36.72	10.82	50.0	26.08	34.48	27.51	14.14	30.0	14.14	0.0	41.05	21.47	
40.01	46.17	35.13	20.12	27.59	52.01	36.12	31.11	35.36	34.99	17.0	21.02	36.4	53.15	48.1	30.41	35.51	50.57	11.18	15.26	40.45	24.76	46.53	14.76	43.01	38.01	42.49	50.22	65.0	25.18	28.43	34.53	34.13	43.01	24.19	8.06	54.2	38.83	18.68	61.52	8.54	20.4	10.77	28.02	5.83	41.77	21.54	29.15	21.59	34.13	17.72	17.03	37.59	46.01	50.45	45.61	45.35	36.07	52.4	20.02	11.7	32.02	22.47	59.68	24.0	60.14	28.86	43.57	53.01	8.6	18.03	33.24	25.71	46.53	31.02	21.4	18.0	55.47	53.31	30.02	27.29	66.07	14.87	25.5	19.0	45.49	44.42	42.01	41.79	34.93	61.59	22.56	51.48	30.68	41.3	39.2	29.15	13.6	41.05	48.27	32.02	15.52	11.31	18.6	33.24	11.18	27.0	41.05	0.0	25.06	
35.0	28.84	15.81	14.32	8.54	27.59	13.0	10.0	21.4	10.0	21.19	14.76	25.94	30.87	24.7	9.0	14.32	34.01	17.12	21.93	32.25	7.81	29.0	15.03	23.71	33.42	26.17	25.5	40.36	23.02	10.77	13.42	15.0	18.38	1.0	21.38	29.15	16.49	17.46	38.01	27.59	16.12	14.42	12.53	19.24	19.42	16.12	14.76	17.03	17.46	8.6	12.08	21.38	27.29	27.0	22.0	33.84	14.32	28.6	13.15	18.03	8.54	4.12	34.67	25.06	37.22	7.81	21.59	32.28	16.55	12.37	27.66	20.62	21.47	28.32	5.1	22.8	35.17	28.46	13.6	23.43	41.73	12.04	1.41	23.09	26.17	26.02	36.62	17.26	26.08	36.62	19.72	33.14	7.28	33.62	32.45	11.4	14.04	22.02	25.02	29.0	10.63	24.41	7.07	9.0	14.87	13.0	21.47	25.06	0.0	
