70
0.0	6.08	14.56	7.62	10.44	10.2	27.46	13.42	12.65	18.03	14.87	23.54	8.49	13.6	14.32	7.21	23.02	5.66	8.06	10.44	21.21	8.06	25.0	8.54	19.1	13.04	11.66	11.66	11.31	8.25	7.28	18.03	24.7	23.09	1.41	10.05	2.24	16.4	22.8	30.02	7.21	21.21	10.0	26.02	19.31	20.81	9.43	8.49	23.54	5.83	9.43	9.22	7.07	15.13	5.1	26.93	26.42	16.16	13.89	6.08	23.02	14.32	22.02	22.09	16.16	12.81	19.65	14.14	7.21	8.54	
6.08	0.0	16.4	2.24	5.66	5.0	23.77	9.22	7.81	20.0	8.94	17.46	13.89	7.62	15.81	3.0	22.56	5.39	12.81	16.12	21.93	6.32	24.74	14.14	14.76	13.0	15.0	9.0	16.64	3.61	1.41	14.56	21.19	17.26	5.0	4.0	7.62	12.65	17.69	26.57	13.0	16.64	16.03	25.5	14.42	17.09	4.47	7.0	22.02	2.24	15.23	3.16	6.08	9.49	8.06	28.84	23.09	18.44	8.49	12.0	19.31	9.9	16.12	16.03	14.0	9.85	18.03	8.54	5.0	14.56	
14.56	16.4	0.0	15.56	22.02	21.26	21.02	25.61	24.08	3.61	20.12	28.46	20.1	19.72	1.0	14.14	10.3	19.7	21.0	12.53	7.07	10.63	11.7	11.7	17.0	5.1	4.47	10.77	22.36	20.0	16.28	14.04	18.38	31.38	13.93	19.1	16.28	14.04	22.0	22.47	18.11	19.03	15.23	13.0	30.41	16.28	15.0	22.36	12.73	14.21	19.42	17.69	21.02	24.84	9.49	12.53	19.24	2.24	17.46	13.15	17.72	26.25	30.02	28.64	10.05	26.08	10.3	24.08	20.59	17.46	
7.62	2.24	15.56	0.0	6.71	5.83	21.54	10.3	8.6	19.1	7.28	16.12	15.81	6.08	14.87	1.41	20.88	7.62	14.87	17.0	20.59	5.0	23.09	15.0	12.53	11.66	14.76	7.07	18.6	5.1	1.0	12.37	18.97	16.76	6.32	3.61	9.43	10.44	15.56	24.35	14.76	14.42	17.26	23.77	14.87	14.87	2.24	9.06	20.1	2.0	17.0	2.24	8.25	9.43	8.25	27.8	20.88	17.69	6.4	13.15	17.09	10.82	15.52	15.03	12.04	11.4	16.12	8.6	7.07	16.16	
10.44	5.66	22.02	6.71	0.0	1.0	26.48	3.61	2.24	25.61	8.94	15.26	16.28	7.62	21.4	8.06	27.51	6.08	14.56	20.88	27.29	11.66	29.73	18.97	17.26	18.36	20.62	13.6	18.68	2.24	5.83	18.0	24.19	13.04	9.85	4.0	11.05	16.0	18.79	29.43	16.03	18.68	20.22	30.36	8.94	20.1	8.25	5.0	26.48	7.81	18.11	5.1	5.39	5.1	13.6	34.41	26.17	24.08	10.2	16.49	22.2	4.24	12.17	13.0	18.44	5.0	22.56	4.12	4.12	18.0	
10.2	5.0	21.26	5.83	1.0	0.0	25.5	4.47	2.83	24.84	8.06	14.76	16.49	6.71	20.62	7.21	26.57	6.32	14.87	20.62	26.42	10.82	28.79	18.68	16.28	17.49	20.0	12.65	18.97	2.0	5.0	17.0	23.19	13.0	9.49	3.0	11.0	15.0	17.89	28.44	16.12	17.72	20.1	29.41	9.43	19.1	7.28	5.66	25.5	7.07	18.25	4.12	5.83	5.0	13.04	33.6	25.18	23.35	9.22	16.28	21.21	5.0	12.04	12.65	17.46	6.0	21.59	4.0	4.47	18.03	
27.46	23.77	21.02	21.54	26.48	25.5	0.0	29.15	27.17	21.84	18.03	19.7	35.81	19.1	20.12	21.02	14.0	29.15	35.51	32.02	18.11	19.42	15.13	30.48	9.22	17.2	24.7	15.81	38.6	25.96	22.47	9.43	2.83	26.25	26.08	22.56	29.68	11.18	9.49	3.0	34.21	8.0	33.97	14.32	30.15	6.71	19.31	30.36	10.0	22.36	36.24	21.84	29.73	25.0	24.08	25.08	2.0	22.47	16.28	30.41	4.47	29.07	25.0	22.14	12.04	31.4	10.77	25.02	28.46	34.71	
13.42	9.22	25.61	10.3	3.61	4.47	29.15	0.0	2.0	29.21	11.18	15.56	18.0	10.05	25.0	11.66	31.02	8.25	16.03	23.77	30.89	15.26	33.24	21.93	20.02	21.95	24.08	17.09	20.1	5.66	9.43	21.1	27.02	11.7	13.04	7.28	13.6	19.1	20.88	32.14	18.11	21.21	22.8	33.84	6.08	23.0	11.7	6.0	29.83	11.4	20.02	8.54	7.07	5.0	17.03	38.01	29.02	27.66	13.0	19.31	25.02	1.0	11.18	12.81	21.84	2.83	25.96	4.47	6.32	20.22	
12.65	7.81	24.08	8.6	2.24	2.83	27.17	2.0	0.0	27.66	9.22	14.21	18.11	8.06	23.43	10.0	29.15	8.0	16.28	23.09	29.15	13.6	31.38	21.19	18.03	20.25	22.8	15.23	20.4	4.47	7.81	19.1	25.02	11.18	12.08	5.39	13.15	17.12	18.97	30.15	18.0	19.24	22.36	31.95	6.71	21.0	9.85	6.32	27.89	9.9	20.02	6.71	7.07	3.61	15.81	36.4	27.02	26.17	11.0	18.68	23.02	2.24	10.44	11.66	19.92	4.47	24.04	2.83	6.0	20.02	
18.03	20.0	3.61	19.1	25.61	24.84	21.84	29.21	27.66	0.0	23.32	31.38	23.0	23.02	4.24	17.69	9.22	23.26	24.08	14.56	5.0	14.14	10.0	14.14	19.24	8.06	7.0	13.89	25.08	23.6	19.85	16.12	19.42	34.67	17.46	22.63	19.65	16.49	24.19	22.85	21.0	21.1	17.46	11.4	33.94	18.0	18.44	25.94	12.53	17.8	22.09	21.21	24.6	28.32	13.0	8.94	19.92	2.0	20.59	16.0	19.1	29.83	33.29	31.76	12.17	29.68	11.18	27.59	24.19	20.1	
14.87	8.94	20.12	7.28	8.94	8.06	18.03	11.18	9.22	23.32	0.0	9.0	22.83	1.41	19.24	8.06	22.2	13.45	21.63	24.08	23.35	10.2	24.41	22.09	9.06	15.26	20.62	9.43	25.55	9.22	7.62	10.77	16.03	11.4	13.6	5.66	16.55	8.94	9.85	21.02	21.93	10.05	24.52	24.7	12.65	12.17	6.0	13.6	20.12	9.22	24.17	5.83	13.45	7.07	15.0	31.24	18.03	22.36	2.83	20.4	14.04	11.05	10.0	8.54	12.81	13.6	16.64	7.0	12.04	23.41	
23.54	17.46	28.46	16.12	15.26	14.76	19.7	15.56	14.21	31.38	9.0	0.0	31.02	10.05	27.51	17.03	28.43	21.02	29.55	33.06	30.53	19.1	30.48	31.06	13.45	23.41	29.43	17.72	33.62	16.55	16.28	16.4	18.87	7.0	22.36	13.6	25.0	15.26	10.3	22.47	30.36	12.81	33.38	30.41	13.0	16.28	15.0	20.25	25.46	18.11	32.57	14.32	20.59	10.63	24.0	38.59	20.59	30.68	11.18	29.27	17.2	14.87	6.08	3.16	19.72	18.38	22.8	11.4	19.24	32.02	
8.49	13.89	20.1	15.81	16.28	16.49	35.81	18.0	18.11	23.0	22.83	31.02	0.0	21.47	20.22	15.62	29.83	10.2	2.24	9.85	27.17	16.4	31.58	9.22	27.59	20.25	16.0	20.0	2.83	14.56	15.26	26.4	33.02	29.27	9.9	17.46	6.4	24.84	31.24	38.28	2.0	29.7	7.21	32.76	24.02	29.21	17.8	12.0	31.02	14.21	2.24	17.0	11.05	21.38	12.08	31.26	34.67	21.0	22.2	7.0	31.4	19.0	28.44	29.12	24.19	16.12	27.31	20.4	12.17	3.61	
13.6	7.62	19.72	6.08	7.62	6.71	19.1	10.05	8.06	23.02	1.41	10.05	21.47	0.0	18.87	7.0	22.47	12.04	20.25	23.02	23.35	9.49	24.7	21.02	10.0	15.0	19.92	9.22	24.19	7.81	6.32	11.4	17.0	11.66	12.37	4.24	15.23	9.49	11.18	22.09	20.62	11.18	23.35	25.06	12.08	13.04	5.1	12.21	20.62	8.06	22.85	4.47	12.04	6.32	14.04	31.14	19.0	21.95	3.16	19.24	15.0	10.0	10.3	9.22	13.04	12.37	17.0	6.08	10.63	22.14	
14.32	15.81	1.0	14.87	21.4	20.62	20.12	25.0	23.43	4.24	19.24	27.51	20.22	18.87	0.0	13.45	9.85	19.31	21.02	13.04	7.0	9.9	11.4	12.08	16.0	4.12	5.0	9.85	22.56	19.42	15.62	13.04	17.46	30.53	13.6	18.38	16.12	13.04	21.0	21.63	18.25	18.03	15.65	12.65	29.7	15.3	14.21	21.93	12.04	13.6	19.65	16.97	20.62	24.08	9.22	13.04	18.36	3.16	16.55	13.34	16.76	25.61	29.15	27.73	9.06	25.55	9.43	23.35	20.12	17.72	
7.21	3.0	14.14	1.41	8.06	7.21	21.02	11.66	10.0	17.69	8.06	17.03	15.62	7.0	13.45	0.0	19.65	8.25	14.87	16.03	19.24	3.61	21.84	14.04	12.21	10.3	13.42	6.0	18.44	6.32	2.24	11.7	18.38	18.03	5.83	5.0	9.22	9.85	15.62	23.77	14.42	14.21	16.49	22.56	16.28	14.32	2.24	10.0	19.03	1.41	16.64	3.61	9.06	10.82	7.07	26.4	20.25	16.28	6.71	12.37	16.55	12.21	16.76	16.12	11.0	12.65	15.03	10.0	8.0	15.65	
23.02	22.56	10.3	20.88	27.51	26.57	14.0	31.02	29.15	9.22	22.2	28.43	29.83	22.47	9.85	19.65	0.0	27.17	30.41	22.83	4.47	16.28	2.24	21.93	15.0	10.0	14.76	13.93	32.28	25.96	21.84	12.04	12.17	33.3	22.0	23.77	25.08	13.45	19.24	14.32	27.89	16.12	25.5	3.0	34.48	12.53	19.31	29.43	4.0	20.4	29.41	22.47	28.28	28.65	18.11	11.18	12.0	10.63	19.42	23.09	12.65	31.38	31.89	29.7	9.43	32.28	5.66	28.18	27.46	27.51	
5.66	5.39	19.7	7.62	6.08	6.32	29.15	8.25	8.0	23.26	13.45	21.02	10.2	12.04	19.31	8.25	27.17	0.0	8.54	15.65	25.96	11.0	29.27	13.89	20.12	17.26	17.2	14.14	12.65	4.47	6.71	19.92	26.57	19.1	5.83	7.81	5.39	18.03	22.8	31.95	10.0	21.95	14.56	30.15	14.32	22.47	9.85	2.83	27.02	7.07	12.04	7.81	1.41	11.18	10.3	32.2	28.46	21.47	13.6	11.18	24.7	9.22	18.25	18.97	19.1	7.21	23.02	10.2	2.0	12.04	
8.06	12.81	21.0	14.87	14.56	14.87	35.51	16.03	16.28	24.08	21.63	29.55	2.24	20.25	21.02	14.87	30.41	8.54	0.0	11.66	28.02	16.12	32.25	10.77	27.02	20.62	17.12	19.72	4.12	13.0	14.21	26.08	32.76	27.46	9.43	16.12	5.83	24.41	30.41	38.08	3.61	29.07	9.22	33.38	22.0	28.84	16.97	10.05	31.32	13.45	4.47	15.81	9.22	19.65	12.37	32.56	34.48	22.09	21.26	8.25	31.06	17.03	26.68	27.51	24.17	14.04	27.51	18.68	10.44	5.66	
10.44	16.12	12.53	17.0	20.88	20.62	32.02	23.77	23.09	14.56	24.08	33.06	9.85	23.02	13.04	16.03	22.83	15.65	11.66	0.0	19.31	14.56	24.17	2.0	25.5	14.87	8.06	17.46	11.18	18.68	17.03	23.32	29.21	33.38	11.18	20.1	10.3	22.36	30.08	33.97	8.06	27.73	3.0	25.5	29.73	26.08	18.11	18.36	25.0	15.0	8.25	19.03	17.0	25.5	9.22	22.0	30.48	12.65	22.36	4.47	28.02	24.7	32.25	32.02	20.0	22.83	21.93	24.52	17.46	6.32	
21.21	21.93	7.07	20.59	27.29	26.42	18.11	30.89	29.15	5.0	23.35	30.53	27.17	23.35	7.0	19.24	4.47	25.96	28.02	19.31	0.0	15.65	5.0	18.68	17.46	8.94	11.4	14.21	29.43	25.5	21.47	14.32	16.0	34.71	20.4	23.85	23.09	15.26	22.14	18.68	25.18	18.97	22.14	6.4	35.0	15.52	19.42	28.46	8.25	19.7	26.48	22.47	27.2	29.21	16.12	8.06	16.12	6.71	20.52	20.22	16.12	31.38	33.3	31.4	10.82	31.78	8.25	28.6	26.57	24.52	
8.06	6.32	10.63	5.0	11.66	10.82	19.42	15.26	13.6	14.14	10.2	19.1	16.4	9.49	9.9	3.61	16.28	11.0	16.12	14.56	15.65	0.0	18.44	12.65	11.4	6.71	10.44	3.61	19.21	9.85	5.83	10.0	16.64	21.02	6.71	8.49	10.3	8.49	15.65	21.95	14.87	13.6	15.65	19.24	19.8	12.81	4.47	13.15	16.03	4.12	16.97	7.07	12.04	14.21	5.39	22.8	18.36	12.81	8.0	11.66	15.0	15.81	19.7	18.68	8.25	16.16	12.04	13.45	11.18	15.62	
25.0	24.74	11.7	23.09	29.73	28.79	15.13	33.24	31.38	10.0	24.41	30.48	31.58	24.7	11.4	21.84	2.24	29.27	32.25	24.17	5.0	18.44	0.0	23.41	17.03	12.04	16.16	16.16	33.96	28.16	24.04	14.14	13.6	35.47	24.02	26.0	27.02	15.62	21.1	15.03	29.61	18.03	26.93	1.41	36.72	14.42	21.54	31.58	5.39	22.56	31.05	24.7	30.41	30.89	20.02	10.0	13.15	11.66	21.63	24.74	14.32	33.62	34.06	31.83	11.66	34.48	7.81	30.41	29.61	29.12	
8.54	14.14	11.7	15.0	18.97	18.68	30.48	21.93	21.19	14.14	22.09	31.06	9.22	21.02	12.08	14.04	21.93	13.89	10.77	2.0	18.68	12.65	23.41	0.0	23.71	13.45	7.28	15.65	11.0	16.76	15.03	21.63	27.66	31.4	9.22	18.11	8.6	20.59	28.23	32.53	7.28	25.94	3.61	24.7	27.86	24.41	16.12	16.64	23.85	13.0	8.0	17.03	15.26	23.54	7.28	22.09	29.0	12.17	20.4	2.83	26.4	22.85	30.27	30.02	18.44	21.1	20.62	22.56	15.65	6.0	
19.1	14.76	17.0	12.53	17.26	16.28	9.22	20.02	18.03	19.24	9.06	13.45	27.59	10.0	16.0	12.21	15.0	20.12	27.02	25.5	17.46	11.4	17.03	23.71	0.0	12.04	19.42	8.06	30.41	16.76	13.42	3.16	7.0	18.87	17.69	13.34	21.26	3.16	5.0	12.17	26.17	2.24	26.93	16.97	21.59	3.16	10.3	21.19	12.04	13.6	28.32	12.65	20.62	16.12	16.64	25.5	9.0	19.03	7.07	23.02	5.0	20.0	17.49	15.0	7.07	22.2	9.43	16.03	19.31	27.02	
13.04	13.0	5.1	11.66	18.36	17.49	17.2	21.95	20.25	8.06	15.26	23.41	20.25	15.0	4.12	10.3	10.0	17.26	20.62	14.87	8.94	6.71	12.04	13.45	12.04	0.0	7.62	5.83	22.85	16.55	12.53	9.22	14.42	26.63	12.0	15.0	15.13	9.0	17.03	19.1	18.38	14.14	17.03	13.0	26.25	11.7	10.63	19.65	10.77	10.77	20.12	13.6	18.44	20.52	8.25	16.28	15.62	7.28	12.53	13.89	13.42	22.47	25.24	23.71	5.39	22.85	7.21	19.85	17.72	18.36	
11.66	15.0	4.47	14.76	20.62	20.0	24.7	24.08	22.8	7.0	20.62	29.43	16.0	19.92	5.0	13.42	14.76	17.2	17.12	8.06	11.4	10.44	16.16	7.28	19.42	7.62	0.0	12.0	18.11	18.44	15.26	16.76	21.95	31.38	11.4	18.36	13.0	16.28	24.33	26.4	14.0	21.59	10.77	17.46	29.41	19.31	14.87	20.0	17.03	13.04	15.13	17.0	18.6	24.19	7.07	15.52	23.02	5.0	18.25	9.0	21.02	24.84	30.08	29.12	13.0	24.08	14.21	23.32	18.44	13.15	
11.66	9.0	10.77	7.07	13.6	12.65	15.81	17.09	15.23	13.89	9.43	17.72	20.0	9.22	9.85	6.0	13.93	14.14	19.72	17.46	14.21	3.61	16.16	15.65	8.06	5.83	12.0	0.0	22.8	12.17	8.06	6.4	13.04	20.81	10.3	9.85	13.89	5.0	12.65	18.36	18.44	10.3	18.87	16.76	20.81	9.22	5.39	16.0	13.04	7.07	20.52	8.54	15.03	15.0	8.6	21.93	14.76	13.0	6.71	15.0	11.4	17.46	19.42	17.89	5.0	18.44	9.06	14.42	14.0	19.1	
11.31	16.64	22.36	18.6	18.68	18.97	38.6	20.1	20.4	25.08	25.55	33.62	2.83	24.19	22.56	18.44	32.28	12.65	4.12	11.18	29.43	19.21	33.96	11.0	30.41	22.85	18.11	22.8	0.0	17.09	18.03	29.21	35.81	31.58	12.73	20.12	9.22	27.66	34.06	41.05	4.47	32.53	8.25	35.17	26.02	32.02	20.62	14.14	33.62	17.03	3.0	19.72	13.34	23.77	14.76	33.06	37.44	23.09	25.0	9.22	34.21	21.1	30.81	31.62	26.93	18.0	29.97	22.8	14.56	5.0	
8.25	3.61	20.0	5.1	2.24	2.0	25.96	5.66	4.47	23.6	9.22	16.55	14.56	7.81	19.42	6.32	25.96	4.47	13.0	18.68	25.5	9.85	28.16	16.76	16.76	16.55	18.44	12.17	17.09	0.0	4.12	17.12	23.54	15.0	7.62	3.61	9.0	15.13	18.87	28.86	14.14	18.38	18.11	28.86	11.18	19.42	7.0	4.47	25.18	5.83	16.28	4.12	4.24	7.0	11.4	32.45	25.5	22.02	9.85	14.32	21.59	6.4	14.04	14.56	17.12	6.32	21.21	6.0	2.83	16.03	
7.28	1.41	16.28	1.0	5.83	5.0	22.47	9.43	7.81	19.85	7.62	16.28	15.26	6.32	15.62	2.24	21.84	6.71	14.21	17.03	21.47	5.83	24.04	15.03	13.42	12.53	15.26	8.06	18.03	4.12	0.0	13.34	19.92	16.49	6.08	3.16	8.94	11.4	16.28	25.3	14.32	15.26	17.12	24.74	14.21	15.81	3.16	8.06	21.1	2.24	16.55	2.0	7.28	8.94	8.54	28.6	21.84	18.38	7.07	13.04	18.03	10.0	15.3	15.0	13.04	10.44	17.12	8.06	6.08	15.81	
18.03	14.56	14.04	12.37	18.0	17.0	9.43	21.1	19.1	16.12	10.77	16.4	26.4	11.4	13.04	11.7	12.04	19.92	26.08	23.32	14.32	10.0	14.14	21.63	3.16	9.22	16.76	6.4	29.21	17.12	13.34	0.0	6.71	21.4	16.64	14.0	20.25	2.0	8.06	12.08	24.84	5.0	25.0	14.21	23.41	2.83	10.2	21.38	9.43	13.0	26.91	13.04	20.62	17.72	14.87	22.36	8.54	16.0	8.25	21.26	5.0	21.21	20.0	17.69	4.0	23.0	6.4	17.46	19.42	25.46	
24.7	21.19	18.38	18.97	24.19	23.19	2.83	27.02	25.02	19.42	16.03	18.87	33.02	17.0	17.46	18.38	12.17	26.57	32.76	29.21	16.0	16.64	13.6	27.66	7.0	14.42	21.95	13.04	35.81	23.54	19.92	6.71	0.0	25.08	23.32	20.22	26.93	8.54	8.6	5.39	31.4	6.32	31.14	13.0	28.44	4.12	16.76	27.89	8.25	19.7	33.42	19.42	27.2	23.09	21.26	23.35	2.0	19.92	14.04	27.59	2.0	27.0	23.77	21.02	9.22	29.15	8.25	23.02	25.96	31.89	
23.09	17.26	31.38	16.76	13.04	13.0	26.25	11.7	11.18	34.67	11.4	7.0	29.27	11.66	30.53	18.03	33.3	19.1	27.46	33.38	34.71	21.02	35.47	31.4	18.87	26.63	31.38	20.81	31.58	15.0	16.49	21.4	25.08	0.0	22.2	13.34	24.0	19.85	16.76	29.12	29.07	18.79	33.06	35.61	7.07	21.95	16.55	17.46	30.81	18.68	31.14	14.56	18.25	8.0	25.0	42.64	26.93	33.62	14.21	29.15	23.26	10.77	1.41	4.12	24.04	14.32	27.66	9.0	17.12	31.02	
1.41	5.0	13.93	6.32	9.85	9.49	26.08	13.04	12.08	17.46	13.6	22.36	9.9	12.37	13.6	5.83	22.0	5.83	9.43	11.18	20.4	6.71	24.02	9.22	17.69	12.0	11.4	10.3	12.73	7.62	6.08	16.64	23.32	22.2	0.0	9.0	3.61	15.0	21.4	28.65	8.6	19.8	11.05	25.0	18.79	19.42	8.06	8.6	22.36	4.47	10.82	8.06	7.21	14.32	4.47	26.4	25.06	15.65	12.53	7.0	21.63	13.89	21.1	21.02	14.87	12.73	18.44	13.34	7.07	9.85	
10.05	4.0	19.1	3.61	4.0	3.0	22.56	7.28	5.39	22.63	5.66	13.6	17.46	4.24	18.38	5.0	23.77	7.81	16.12	20.1	23.85	8.49	26.0	18.11	13.34	15.0	18.36	9.85	20.12	3.61	3.16	14.0	20.22	13.34	9.0	0.0	11.4	12.0	15.26	25.5	16.76	14.87	20.02	26.57	11.31	16.12	4.47	8.06	22.56	5.39	18.97	1.41	7.81	5.83	11.7	31.24	22.2	21.26	6.32	16.0	18.25	7.62	12.17	12.04	14.56	9.0	18.68	5.0	6.4	18.44	
2.24	7.62	16.28	9.43	11.05	11.0	29.68	13.6	13.15	19.65	16.55	25.0	6.4	15.23	16.12	9.22	25.08	5.39	5.83	10.3	23.09	10.3	27.02	8.6	21.26	15.13	13.0	13.89	9.22	9.0	8.94	20.25	26.93	24.0	3.61	11.4	0.0	18.6	24.84	32.25	5.39	23.35	9.22	28.07	19.65	23.02	11.4	8.06	25.71	7.81	7.62	10.77	6.71	16.0	7.0	28.46	28.65	17.72	15.81	5.83	25.24	14.56	23.02	23.35	18.38	12.53	21.84	15.0	7.28	7.07	
16.4	12.65	14.04	10.44	16.0	15.0	11.18	19.1	17.12	16.49	8.94	15.26	24.84	9.49	13.04	9.85	13.45	18.03	24.41	22.36	15.26	8.49	15.62	20.59	3.16	9.0	16.28	5.0	27.66	15.13	11.4	2.0	8.54	19.85	15.0	12.0	18.6	0.0	8.06	13.93	23.35	5.39	23.85	15.81	21.54	4.47	8.25	19.42	11.18	11.18	25.46	11.05	18.68	15.81	13.6	23.32	10.44	16.12	6.32	20.0	6.71	19.24	18.44	16.28	4.47	21.0	7.81	15.52	17.46	24.08	
22.8	17.69	22.0	15.56	18.79	17.89	9.49	20.88	18.97	24.19	9.85	10.3	31.24	11.18	21.0	15.62	19.24	22.8	30.41	30.08	22.14	15.65	21.1	28.23	5.0	17.03	24.33	12.65	34.06	18.87	16.28	8.06	8.6	16.76	21.4	15.26	24.84	8.06	0.0	12.37	30.0	3.16	31.3	20.81	21.0	6.71	13.45	23.32	15.81	17.03	32.2	15.0	23.02	16.28	21.02	30.08	10.3	24.02	9.22	27.29	7.07	20.62	15.52	12.65	12.04	23.41	13.93	16.49	21.63	31.06	
30.02	26.57	22.47	24.35	29.43	28.44	3.0	32.14	30.15	22.85	21.02	22.47	38.28	22.09	21.63	23.77	14.32	31.95	38.08	33.97	18.68	21.95	15.03	32.53	12.17	19.1	26.4	18.36	41.05	28.86	25.3	12.08	5.39	29.12	28.65	25.5	32.25	13.93	12.37	0.0	36.62	11.0	36.07	14.0	33.14	9.49	22.14	33.24	10.44	25.08	38.6	24.74	32.57	28.0	26.4	25.02	3.61	23.71	19.24	32.65	7.28	32.06	27.89	25.0	14.21	34.37	12.21	28.02	31.32	37.01	
7.21	13.0	18.11	14.76	16.03	16.12	34.21	18.11	18.0	21.0	21.93	30.36	2.0	20.62	18.25	14.42	27.89	10.0	3.61	8.06	25.18	14.87	29.61	7.28	26.17	18.38	14.0	18.44	4.47	14.14	14.32	24.84	31.4	29.07	8.6	16.76	5.39	23.35	30.0	36.62	0.0	28.32	5.66	30.81	24.19	27.66	16.64	12.17	29.15	13.04	2.24	16.16	11.05	21.1	10.3	29.27	33.02	19.0	21.1	5.0	29.83	19.1	28.16	28.64	22.47	16.49	25.5	20.1	12.0	2.24	
21.21	16.64	19.03	14.42	18.68	17.72	8.0	21.21	19.24	21.1	10.05	12.81	29.7	11.18	18.03	14.21	16.12	21.95	29.07	27.73	18.97	13.6	18.03	25.94	2.24	14.14	21.59	10.3	32.53	18.38	15.26	5.0	6.32	18.79	19.8	14.87	23.35	5.39	3.16	11.0	28.32	0.0	29.15	17.8	22.2	3.61	12.21	22.85	12.81	15.62	30.48	14.32	22.36	17.0	18.87	26.93	8.25	21.0	8.54	25.24	4.47	21.1	17.46	14.76	9.0	23.54	10.77	17.03	21.02	29.21	
10.0	16.03	15.23	17.26	20.22	20.1	33.97	22.8	22.36	17.46	24.52	33.38	7.21	23.35	15.65	16.49	25.5	14.56	9.22	3.0	22.14	15.65	26.93	3.61	26.93	17.03	10.77	18.87	8.25	18.11	17.12	25.0	31.14	33.06	11.05	20.02	9.22	23.85	31.3	36.07	5.66	29.15	0.0	28.23	28.86	27.8	18.68	17.09	27.46	15.3	5.39	19.1	15.81	25.08	10.3	25.0	32.53	15.52	23.09	4.12	29.83	23.77	32.02	32.06	21.93	21.54	24.21	24.08	16.49	3.61	
26.02	25.5	13.0	23.77	30.36	29.41	14.32	33.84	31.95	11.4	24.7	30.41	32.76	25.06	12.65	22.56	3.0	30.15	33.38	25.5	6.4	19.24	1.41	24.7	16.97	13.0	17.46	16.76	35.17	28.86	24.74	14.21	13.0	35.61	25.0	26.57	28.07	15.81	20.81	14.0	30.81	17.8	28.23	0.0	37.12	14.21	22.14	32.39	5.0	23.35	32.28	25.3	31.26	31.3	21.1	11.05	12.37	13.04	21.95	25.96	13.89	34.18	34.21	31.89	12.08	35.17	8.06	30.87	30.41	30.36	
19.31	14.42	30.41	14.87	8.94	9.43	30.15	6.08	6.71	33.94	12.65	13.0	24.02	12.08	29.7	16.28	34.48	14.32	22.0	29.73	35.0	19.8	36.72	27.86	21.59	26.25	29.41	20.81	26.02	11.18	14.21	23.41	28.44	7.07	18.79	11.31	19.65	21.54	21.0	33.14	24.19	22.2	28.86	37.12	0.0	24.74	15.62	12.04	32.7	16.4	26.08	12.73	13.15	5.83	22.47	42.52	30.41	32.56	15.23	25.3	26.48	5.1	7.21	9.85	25.06	8.06	29.07	6.4	12.37	26.31	
20.81	17.09	16.28	14.87	20.1	19.1	6.71	23.0	21.0	18.0	12.17	16.28	29.21	13.04	15.3	14.32	12.53	22.47	28.84	26.08	15.52	12.81	14.42	24.41	3.16	11.7	19.31	9.22	32.02	19.42	15.81	2.83	4.12	21.95	19.42	16.12	23.02	4.47	6.71	9.49	27.66	3.61	27.8	14.21	24.74	0.0	12.65	23.77	9.22	15.65	29.73	15.3	23.09	19.24	17.69	23.41	6.08	18.11	10.0	24.08	2.24	23.02	20.59	18.03	6.32	25.08	7.28	19.1	21.84	28.28	
9.43	4.47	15.0	2.24	8.25	7.28	19.31	11.7	9.85	18.44	6.0	15.0	17.8	5.1	14.21	2.24	19.31	9.85	16.97	18.11	19.42	4.47	21.54	16.12	10.3	10.63	14.87	5.39	20.62	7.0	3.16	10.2	16.76	16.55	8.06	4.47	11.4	8.25	13.45	22.14	16.64	12.21	18.68	22.14	15.62	12.65	0.0	11.18	18.25	3.61	18.87	3.16	10.44	9.9	9.0	26.91	18.68	17.2	4.47	14.56	14.87	12.08	15.23	14.32	10.2	13.15	14.32	9.22	9.22	17.89	
8.49	7.0	22.36	9.06	5.0	5.66	30.36	6.0	6.32	25.94	13.6	20.25	12.0	12.21	21.93	10.0	29.43	2.83	10.05	18.36	28.46	13.15	31.58	16.64	21.19	19.65	20.0	16.0	14.14	4.47	8.06	21.38	27.89	17.46	8.6	8.06	8.06	19.42	23.32	33.24	12.17	22.85	17.09	32.39	12.04	23.77	11.18	0.0	29.02	9.06	14.04	8.54	1.41	9.85	13.04	34.89	29.83	24.19	14.32	13.89	25.96	7.0	16.76	17.89	21.0	4.47	25.02	8.94	2.0	14.32	
23.54	22.02	12.73	20.1	26.48	25.5	10.0	29.83	27.89	12.53	20.12	25.46	31.02	20.62	12.04	19.03	4.0	27.02	31.32	25.0	8.25	16.03	5.39	23.85	12.04	10.77	17.03	13.04	33.62	25.18	21.1	9.43	8.25	30.81	22.36	22.56	25.71	11.18	15.81	10.44	29.15	12.81	27.46	5.0	32.7	9.22	18.25	29.02	0.0	20.0	30.87	21.38	28.0	26.93	18.97	15.13	8.0	13.6	17.46	24.6	8.94	30.08	29.41	27.02	8.06	31.4	4.0	26.57	27.02	29.07	
5.83	2.24	14.21	2.0	7.81	7.07	22.36	11.4	9.9	17.8	9.22	18.11	14.21	8.06	13.6	1.41	20.4	7.07	13.45	15.0	19.7	4.12	22.56	13.0	13.6	10.77	13.04	7.07	17.03	5.83	2.24	13.0	19.7	18.68	4.47	5.39	7.81	11.18	17.03	25.08	13.04	15.62	15.3	23.35	16.4	15.65	3.61	9.06	20.0	0.0	15.26	4.12	8.0	11.18	6.32	26.63	21.54	16.28	8.06	11.18	17.89	12.04	17.46	17.03	12.04	12.08	16.0	10.3	7.07	14.32	
9.43	15.23	19.42	17.0	18.11	18.25	36.24	20.02	20.02	22.09	24.17	32.57	2.24	22.85	19.65	16.64	29.41	12.04	4.47	8.25	26.48	16.97	31.05	8.0	28.32	20.12	15.13	20.52	3.0	16.28	16.55	26.91	33.42	31.14	10.82	18.97	7.62	25.46	32.2	38.6	2.24	30.48	5.39	32.28	26.08	29.73	18.87	14.04	30.87	15.26	0.0	18.38	13.0	23.19	12.21	30.07	35.0	20.1	23.32	6.32	31.89	21.02	30.27	30.81	24.41	18.25	27.29	22.2	14.04	2.0	
9.22	3.16	17.69	2.24	5.1	4.12	21.84	8.54	6.71	21.21	5.83	14.32	17.0	4.47	16.97	3.61	22.47	7.81	15.81	19.03	22.47	7.07	24.7	17.03	12.65	13.6	17.0	8.54	19.72	4.12	2.0	13.04	19.42	14.56	8.06	1.41	10.77	11.05	15.0	24.74	16.16	14.32	19.1	25.3	12.73	15.3	3.16	8.54	21.38	4.12	18.38	0.0	8.06	7.21	10.44	29.83	21.38	19.85	5.83	15.03	17.46	8.94	13.34	13.0	13.34	10.05	17.46	6.4	6.71	17.72	
7.07	6.08	21.02	8.25	5.39	5.83	29.73	7.07	7.07	24.6	13.45	20.59	11.05	12.04	20.62	9.06	28.28	1.41	9.22	17.0	27.2	12.04	30.41	15.26	20.62	18.44	18.6	15.03	13.34	4.24	7.28	20.62	27.2	18.25	7.21	7.81	6.71	18.68	23.02	32.57	11.05	22.36	15.81	31.26	13.15	23.09	10.44	1.41	28.0	8.0	13.0	8.06	0.0	10.44	11.66	33.54	29.12	22.83	13.89	12.53	25.3	8.06	17.46	18.38	20.02	5.83	24.0	9.49	1.41	13.15	
15.13	9.49	24.84	9.43	5.1	5.0	25.0	5.0	3.61	28.32	7.07	10.63	21.38	6.32	24.08	10.82	28.65	11.18	19.65	25.5	29.21	14.21	30.89	23.54	16.12	20.52	24.19	15.0	23.77	7.0	8.94	17.72	23.09	8.0	14.32	5.83	16.0	15.81	16.28	28.0	21.1	17.0	25.08	31.3	5.83	19.24	9.9	9.85	26.93	11.18	23.19	7.21	10.44	0.0	17.46	36.8	25.08	27.02	9.49	21.21	21.1	4.47	7.07	8.06	19.24	7.81	23.26	1.0	9.22	23.02	
5.1	8.06	9.49	8.25	13.6	13.04	24.08	17.03	15.81	13.0	15.0	24.0	12.08	14.04	9.22	7.07	18.11	10.3	12.37	9.22	16.12	5.39	20.02	7.28	16.64	8.25	7.07	8.6	14.76	11.4	8.54	14.87	21.26	25.0	4.47	11.7	7.0	13.6	21.02	26.4	10.3	18.87	10.3	21.1	22.47	17.69	9.0	13.04	18.97	6.32	12.21	10.44	11.66	17.46	0.0	21.93	22.8	11.18	13.15	6.4	19.8	17.8	23.77	23.19	12.21	17.03	15.23	16.55	11.4	10.63	
26.93	28.84	12.53	27.8	34.41	33.6	25.08	38.01	36.4	8.94	31.24	38.59	31.26	31.14	13.04	26.4	11.18	32.2	32.56	22.0	8.06	22.8	10.0	22.09	25.5	16.28	15.52	21.93	33.06	32.45	28.6	22.36	23.35	42.64	26.4	31.24	28.46	23.32	30.08	25.02	29.27	26.93	25.0	11.05	42.52	23.41	26.91	34.89	15.13	26.63	30.07	29.83	33.54	36.8	21.93	0.0	23.09	10.77	28.43	24.33	23.77	38.6	41.23	39.41	18.87	38.59	16.16	36.12	33.12	28.07	
26.42	23.09	19.24	20.88	26.17	25.18	2.0	29.02	27.02	19.92	18.03	20.59	34.67	19.0	18.36	20.25	12.0	28.46	34.48	30.48	16.12	18.36	13.15	29.0	9.0	15.62	23.02	14.76	37.44	25.5	21.84	8.54	2.0	26.93	25.06	22.2	28.65	10.44	10.3	3.61	33.02	8.25	32.53	12.37	30.41	6.08	18.68	29.83	8.0	21.54	35.0	21.38	29.12	25.08	22.8	23.09	0.0	20.62	16.03	29.07	4.0	29.0	25.63	22.85	10.63	31.14	8.94	25.02	27.89	33.42	
16.16	18.44	2.24	17.69	24.08	23.35	22.47	27.66	26.17	2.0	22.36	30.68	21.0	21.95	3.16	16.28	10.63	21.47	22.09	12.65	6.71	12.81	11.66	12.17	19.03	7.28	5.0	13.0	23.09	22.02	18.38	16.0	19.92	33.62	15.65	21.26	17.72	16.12	24.02	23.71	19.0	21.0	15.52	13.04	32.56	18.11	17.2	24.19	13.6	16.28	20.1	19.85	22.83	27.02	11.18	10.77	20.62	0.0	19.7	14.0	19.42	28.32	32.25	30.87	12.0	28.02	11.7	26.25	22.47	18.11	
13.89	8.49	17.46	6.4	10.2	9.22	16.28	13.0	11.0	20.59	2.83	11.18	22.2	3.16	16.55	6.71	19.42	13.6	21.26	22.36	20.52	8.0	21.63	20.4	7.07	12.53	18.25	6.71	25.0	9.85	7.07	8.25	14.04	14.21	12.53	6.32	15.81	6.32	9.22	19.24	21.1	8.54	23.09	21.95	15.23	10.0	4.47	14.32	17.46	8.06	23.32	5.83	13.89	9.49	13.15	28.43	16.03	19.7	0.0	18.97	12.04	13.04	12.81	11.18	10.0	15.13	13.89	9.22	12.53	22.36	
6.08	12.0	13.15	13.15	16.49	16.28	30.41	19.31	18.68	16.0	20.4	29.27	7.0	19.24	13.34	12.37	23.09	11.18	8.25	4.47	20.22	11.66	24.74	2.83	23.02	13.89	9.0	15.0	9.22	14.32	13.04	21.26	27.59	29.15	7.0	16.0	5.83	20.0	27.29	32.65	5.0	25.24	4.12	25.96	25.3	24.08	14.56	13.89	24.6	11.18	6.32	15.03	12.53	21.21	6.4	24.33	29.07	14.0	18.97	0.0	26.17	20.25	28.07	28.02	18.44	18.36	21.1	20.22	13.0	4.47	
23.02	19.31	17.72	17.09	22.2	21.21	4.47	25.02	23.02	19.1	14.04	17.2	31.4	15.0	16.76	16.55	12.65	24.7	31.06	28.02	16.12	15.0	14.32	26.4	5.0	13.42	21.02	11.4	34.21	21.59	18.03	5.0	2.0	23.26	21.63	18.25	25.24	6.71	7.07	7.28	29.83	4.47	29.83	13.89	26.48	2.24	14.87	25.96	8.94	17.89	31.89	17.46	25.3	21.1	19.8	23.77	4.0	19.42	12.04	26.17	0.0	25.0	21.93	19.24	8.06	27.17	8.0	21.02	24.04	30.41	
14.32	9.9	26.25	10.82	4.24	5.0	29.07	1.0	2.24	29.83	11.05	14.87	19.0	10.0	25.61	12.21	31.38	9.22	17.03	24.7	31.38	15.81	33.62	22.85	20.0	22.47	24.84	17.46	21.1	6.4	10.0	21.21	27.0	10.77	13.89	7.62	14.56	19.24	20.62	32.06	19.1	21.1	23.77	34.18	5.1	23.02	12.08	7.0	30.08	12.04	21.02	8.94	8.06	4.47	17.8	38.6	29.0	28.32	13.04	20.25	25.0	0.0	10.3	12.04	22.14	3.61	26.25	4.12	7.28	21.21	
22.02	16.12	30.02	15.52	12.17	12.04	25.0	11.18	10.44	33.29	10.0	6.08	28.44	10.3	29.15	16.76	31.89	18.25	26.68	32.25	33.3	19.7	34.06	30.27	17.49	25.24	30.08	19.42	30.81	14.04	15.3	20.0	23.77	1.41	21.1	12.17	23.02	18.44	15.52	27.89	28.16	17.46	32.02	34.21	7.21	20.59	15.23	16.76	29.41	17.46	30.27	13.34	17.46	7.07	23.77	41.23	25.63	32.25	12.81	28.07	21.93	10.3	0.0	3.0	22.63	13.89	26.25	8.06	16.28	30.07	
22.09	16.03	28.64	15.03	13.0	12.65	22.14	12.81	11.66	31.76	8.54	3.16	29.12	9.22	27.73	16.12	29.7	18.97	27.51	32.02	31.4	18.68	31.83	30.02	15.0	23.71	29.12	17.89	31.62	14.56	15.0	17.69	21.02	4.12	21.02	12.04	23.35	16.28	12.65	25.0	28.64	14.76	32.06	31.89	9.85	18.03	14.32	17.89	27.02	17.03	30.81	13.0	18.38	8.06	23.19	39.41	22.85	30.87	11.18	28.02	19.24	12.04	3.0	0.0	20.62	15.62	24.04	8.94	17.09	30.41	
16.16	14.0	10.05	12.04	18.44	17.46	12.04	21.84	19.92	12.17	12.81	19.72	24.19	13.04	9.06	11.0	9.43	19.1	24.17	20.0	10.82	8.25	11.66	18.44	7.07	5.39	13.0	5.0	26.93	17.12	13.04	4.0	9.22	24.04	14.87	14.56	18.38	4.47	12.04	14.21	22.47	9.0	21.93	12.08	25.06	6.32	10.2	21.0	8.06	12.04	24.41	13.34	20.02	19.24	12.21	18.87	10.63	12.0	10.0	18.44	8.06	22.14	22.63	20.62	0.0	23.35	4.12	18.79	19.0	22.8	
12.81	9.85	26.08	11.4	5.0	6.0	31.4	2.83	4.47	29.68	13.6	18.38	16.12	12.37	25.55	12.65	32.28	7.21	14.04	22.83	31.78	16.16	34.48	21.1	22.2	22.85	24.08	18.44	18.0	6.32	10.44	23.0	29.15	14.32	12.73	9.0	12.53	21.0	23.41	34.37	16.49	23.54	21.54	35.17	8.06	25.08	13.15	4.47	31.4	12.08	18.25	10.05	5.83	7.81	17.03	38.59	31.14	28.02	15.13	18.36	27.17	3.61	13.89	15.62	23.35	0.0	27.46	7.21	5.66	18.68	
19.65	18.03	10.3	16.12	22.56	21.59	10.77	25.96	24.04	11.18	16.64	22.8	27.31	17.0	9.43	15.03	5.66	23.02	27.51	21.93	8.25	12.04	7.81	20.62	9.43	7.21	14.21	9.06	29.97	21.21	17.12	6.4	8.25	27.66	18.44	18.68	21.84	7.81	13.93	12.21	25.5	10.77	24.21	8.06	29.07	7.28	14.32	25.02	4.0	16.0	27.29	17.46	24.0	23.26	15.23	16.16	8.94	11.7	13.89	21.1	8.0	26.25	26.25	24.04	4.12	27.46	0.0	22.85	23.02	25.55	
14.14	8.54	24.08	8.6	4.12	4.0	25.02	4.47	2.83	27.59	7.0	11.4	20.4	6.08	23.35	10.0	28.18	10.2	18.68	24.52	28.6	13.45	30.41	22.56	16.03	19.85	23.32	14.42	22.8	6.0	8.06	17.46	23.02	9.0	13.34	5.0	15.0	15.52	16.49	28.02	20.1	17.03	24.08	30.87	6.4	19.1	9.22	8.94	26.57	10.3	22.2	6.4	9.49	1.0	16.55	36.12	25.02	26.25	9.22	20.22	21.02	4.12	8.06	8.94	18.79	7.21	22.85	0.0	8.25	22.02	
7.21	5.0	20.59	7.07	4.12	4.47	28.46	6.32	6.0	24.19	12.04	19.24	12.17	10.63	20.12	8.0	27.46	2.0	10.44	17.46	26.57	11.18	29.61	15.65	19.31	17.72	18.44	14.0	14.56	2.83	6.08	19.42	25.96	17.12	7.07	6.4	7.28	17.46	21.63	31.32	12.0	21.02	16.49	30.41	12.37	21.84	9.22	2.0	27.02	7.07	14.04	6.71	1.41	9.22	11.4	33.12	27.89	22.47	12.53	13.0	24.04	7.28	16.28	17.09	19.0	5.66	23.02	8.25	0.0	14.04	
8.54	14.56	17.46	16.16	18.0	18.03	34.71	20.22	20.02	20.1	23.41	32.02	3.61	22.14	17.72	15.65	27.51	12.04	5.66	6.32	24.52	15.62	29.12	6.0	27.02	18.36	13.15	19.1	5.0	16.03	15.81	25.46	31.89	31.02	9.85	18.44	7.07	24.08	31.06	37.01	2.24	29.21	3.61	30.36	26.31	28.28	17.89	14.32	29.07	14.32	2.0	17.72	13.15	23.02	10.63	28.07	33.42	18.11	22.36	4.47	30.41	21.21	30.07	30.41	22.8	18.68	25.55	22.02	14.04	0.0	
