70
0.0	21.02	24.04	8.06	37.44	14.42	18.97	5.1	14.42	17.2	29.12	25.18	30.87	29.83	22.67	10.3	18.11	35.85	15.52	33.53	12.04	33.96	21.54	1.41	10.44	8.54	28.23	25.5	26.93	21.21	7.21	26.48	7.07	35.34	18.03	31.76	24.35	15.81	17.8	32.02	19.24	14.0	25.0	31.14	13.45	31.0	26.08	10.82	11.7	25.02	25.5	20.62	28.64	32.28	32.14	9.43	33.84	28.28	14.32	26.02	27.2	11.0	34.79	28.28	21.21	5.0	17.69	11.7	26.02	23.0	
21.02	0.0	6.32	13.0	22.36	18.38	22.67	22.36	12.73	13.04	11.4	4.47	13.89	18.11	14.56	17.89	3.16	19.72	7.81	15.56	15.0	15.0	23.02	22.09	20.12	20.12	11.18	12.17	9.43	2.0	15.3	6.4	21.54	17.8	3.61	15.65	9.22	21.26	13.89	13.45	8.94	7.07	14.04	20.1	15.0	10.05	5.1	17.0	19.72	4.0	10.2	6.08	13.93	12.81	11.18	14.32	19.31	19.03	7.28	5.39	10.3	24.19	15.62	8.6	15.23	18.25	15.0	20.81	5.0	2.24	
24.04	6.32	0.0	16.16	16.12	24.21	20.25	24.08	18.6	19.24	15.81	4.47	7.81	12.0	10.0	18.11	7.07	13.6	13.6	19.24	20.52	18.03	19.85	25.3	20.22	25.0	5.0	18.0	14.32	4.47	17.26	3.61	26.08	12.04	9.43	9.43	15.0	19.7	20.12	17.0	6.32	11.4	8.54	14.0	14.32	10.63	5.83	17.12	19.42	6.32	4.0	12.37	19.24	8.25	9.85	19.21	13.0	13.34	9.85	8.54	15.3	29.21	10.77	12.08	11.31	20.22	12.53	26.17	6.71	7.0	
8.06	13.0	16.16	0.0	30.48	13.0	17.12	9.85	9.85	12.53	21.93	17.12	23.32	23.43	16.64	8.54	10.05	28.6	8.6	26.4	9.06	26.57	19.0	9.22	10.3	10.3	20.59	19.21	19.7	13.15	3.61	18.44	10.63	27.78	10.2	24.41	17.49	14.32	13.42	24.7	12.04	6.08	18.44	25.0	9.06	23.02	18.03	8.25	10.77	17.0	18.03	13.42	22.2	24.35	24.08	6.0	26.91	22.47	6.32	18.11	20.12	14.42	26.93	20.62	15.65	5.83	12.65	12.65	18.0	15.03	
37.44	22.36	16.12	30.48	0.0	40.22	25.18	35.78	34.67	35.36	29.15	18.97	8.54	8.25	15.23	28.64	23.02	3.0	29.68	31.02	36.4	29.07	23.02	38.83	30.08	40.31	11.18	32.98	28.44	20.59	30.23	16.76	41.04	6.08	25.55	6.71	30.08	26.68	36.24	29.0	18.44	27.02	12.53	8.0	24.6	21.0	19.65	27.73	28.79	20.88	12.81	28.23	33.38	12.0	18.03	34.71	3.61	11.05	24.76	22.56	29.43	44.55	10.2	25.18	17.09	32.76	20.62	41.87	20.62	22.47	
14.42	18.38	24.21	13.0	40.22	0.0	30.07	19.24	5.66	6.32	20.4	22.67	32.02	34.44	28.46	21.21	17.2	37.8	10.63	24.08	4.12	25.32	32.0	14.21	22.56	6.4	29.21	15.03	18.68	19.85	16.12	24.76	8.6	36.12	14.87	33.6	15.52	27.17	6.08	23.35	22.85	13.42	29.55	36.25	22.02	25.94	22.8	21.1	23.35	21.4	27.46	13.89	18.0	31.14	28.3	7.0	36.89	34.18	16.16	21.1	18.44	8.06	33.97	21.54	27.89	16.76	25.32	4.12	22.2	19.21	
18.97	22.67	20.25	17.12	25.18	30.07	0.0	14.76	26.68	29.12	34.06	24.21	22.56	17.03	11.4	9.06	20.0	25.0	23.77	38.21	26.17	37.48	2.83	20.25	8.54	26.17	21.19	33.62	32.02	21.21	14.0	23.85	25.5	26.17	22.47	22.2	31.06	3.16	30.08	36.07	14.21	19.7	14.32	17.26	8.54	30.81	25.61	9.0	7.28	25.5	18.38	26.93	36.06	26.57	30.02	23.09	22.02	14.14	17.0	27.59	32.8	29.61	27.89	31.11	9.49	14.32	7.81	29.07	26.25	24.76	
5.1	22.36	24.08	9.85	35.78	19.24	14.76	0.0	18.38	21.21	31.78	26.08	30.08	27.78	20.59	7.21	19.24	34.54	18.36	36.25	16.4	36.4	17.49	6.0	6.4	13.6	27.66	28.84	29.55	22.09	7.07	27.0	12.17	34.48	19.92	30.68	27.29	11.66	21.93	34.54	18.44	15.81	23.26	28.84	11.18	32.39	27.17	8.06	7.81	26.31	24.74	23.26	31.91	32.25	33.06	13.45	32.2	25.81	15.13	27.66	29.97	16.03	34.53	30.36	18.87	4.12	15.26	16.76	27.29	24.52	
14.42	12.73	18.6	9.85	34.67	5.66	26.68	18.38	0.0	2.83	16.0	17.03	26.4	29.15	23.54	18.38	11.66	32.2	5.0	20.1	3.0	21.0	28.28	14.76	20.12	9.0	23.6	11.4	14.04	14.21	13.42	19.1	11.05	30.48	9.22	28.02	11.0	24.04	3.61	19.0	17.72	8.25	24.35	31.02	18.25	20.62	17.2	18.03	20.62	15.81	21.95	8.54	14.56	25.5	22.83	5.0	31.38	29.12	11.18	15.65	14.0	12.37	28.32	16.49	23.19	15.0	21.0	8.54	16.64	13.6	
17.2	13.04	19.24	12.53	35.36	6.32	29.12	21.21	2.83	0.0	14.14	17.03	26.93	30.36	25.18	21.02	12.65	32.76	6.08	18.0	5.39	19.1	30.59	17.49	22.83	11.18	24.19	9.06	12.37	14.76	16.12	19.21	13.34	30.81	9.85	28.65	9.22	26.57	1.0	17.12	19.24	10.0	25.71	32.28	20.62	19.72	16.97	20.62	23.26	15.56	22.85	7.81	12.17	25.5	22.2	7.81	32.2	30.59	13.0	15.0	12.17	14.04	28.32	15.23	25.02	17.8	23.09	10.05	16.28	13.45	
29.12	11.4	15.81	21.93	29.15	20.4	34.06	31.78	16.0	14.14	0.0	11.4	21.0	27.46	25.5	28.6	14.14	26.17	13.6	4.47	19.0	5.0	34.41	29.83	30.81	25.0	19.1	5.83	2.24	13.04	25.06	13.15	27.02	23.35	12.21	23.0	5.0	32.53	14.32	3.0	20.25	16.12	24.35	29.43	26.17	8.54	10.2	27.8	30.61	9.49	19.65	8.54	4.47	17.26	11.7	20.22	27.0	29.12	17.8	7.28	2.0	28.16	19.65	4.0	26.42	27.73	26.4	24.19	9.22	9.43	
25.18	4.47	4.47	17.12	18.97	22.67	24.21	26.08	17.03	17.03	11.4	0.0	10.44	16.12	14.42	20.88	7.07	16.16	12.21	14.76	19.42	13.6	24.04	26.31	23.09	24.6	8.06	14.14	10.05	4.0	19.03	2.24	26.0	13.89	8.06	12.37	11.18	23.32	17.8	12.53	10.0	11.4	13.0	18.11	17.46	6.71	1.41	19.92	22.47	2.0	8.25	9.43	15.03	8.49	7.0	18.79	16.28	17.72	11.0	4.12	11.05	28.65	11.31	7.62	15.62	22.02	16.4	25.24	2.24	3.61	
30.87	13.89	7.81	23.32	8.54	32.02	22.56	30.08	26.4	26.93	21.0	10.44	0.0	7.81	11.18	23.35	14.87	5.83	21.4	23.35	28.32	21.59	21.19	32.2	25.18	32.65	2.83	24.52	20.1	12.21	23.77	8.25	33.6	4.47	17.2	2.0	21.59	23.09	27.78	21.21	11.7	19.1	8.25	9.43	19.24	13.34	11.18	22.36	24.08	12.37	5.39	19.7	25.08	5.0	10.77	26.91	6.0	10.63	17.2	14.14	21.1	36.88	5.39	17.0	13.15	26.57	16.0	33.94	12.17	13.93	
29.83	18.11	12.0	23.43	8.25	34.44	17.03	27.78	29.15	30.36	27.46	16.12	7.81	0.0	7.21	20.59	17.72	8.06	24.35	30.36	30.41	28.79	15.03	31.24	21.93	33.6	8.54	30.0	26.17	16.12	22.67	14.32	34.06	9.85	20.62	6.4	27.0	18.44	31.32	28.16	11.66	21.02	5.0	2.0	16.64	20.62	17.26	19.72	20.62	18.11	8.0	24.19	31.14	12.81	18.36	28.3	5.0	3.16	18.36	20.22	27.17	37.8	12.81	23.54	8.94	25.0	12.53	35.51	18.25	19.0	
22.67	14.56	10.0	16.64	15.23	28.46	11.4	20.59	23.54	25.18	25.5	14.42	11.18	7.21	0.0	13.42	13.04	14.32	19.1	29.15	24.35	28.02	10.3	24.08	14.87	26.93	9.85	26.68	23.77	12.65	15.56	13.45	27.2	15.0	16.03	11.0	23.77	12.0	26.17	26.93	6.0	15.3	3.0	8.49	9.43	20.52	15.81	12.53	13.6	16.12	7.21	20.22	28.46	15.23	19.21	21.93	11.7	5.83	12.37	18.36	24.7	31.06	16.49	21.95	2.0	17.8	5.39	29.07	16.64	16.16	
10.3	17.89	18.11	8.54	28.64	21.21	9.06	7.21	18.38	21.02	28.6	20.88	23.35	20.59	13.42	0.0	14.76	27.51	16.4	33.02	17.46	32.76	11.4	11.66	2.24	17.12	21.1	26.91	26.4	17.09	5.1	21.38	16.49	27.66	16.4	23.77	24.76	6.0	21.93	31.06	12.0	12.73	16.16	21.63	4.12	27.51	22.14	1.0	2.24	21.54	18.11	20.52	29.7	26.0	27.66	14.32	25.08	18.6	10.82	23.26	27.02	20.62	28.07	26.42	11.66	5.39	8.06	20.02	22.47	20.12	
18.11	3.16	7.07	10.05	23.02	17.2	20.0	19.24	11.66	12.65	14.14	7.07	14.87	17.72	13.04	14.76	0.0	20.62	6.71	18.44	13.45	18.03	20.59	19.24	17.0	18.03	12.04	13.93	12.04	3.16	12.17	8.54	19.24	19.1	3.0	16.4	11.18	18.38	13.6	16.4	7.07	4.47	13.15	19.65	12.04	13.15	8.0	13.89	16.64	7.07	10.3	7.28	16.12	14.76	14.04	12.21	19.72	18.11	4.12	8.54	12.81	22.2	17.49	11.66	13.34	15.13	12.53	19.1	8.06	5.39	
35.85	19.72	13.6	28.6	3.0	37.8	25.0	34.54	32.2	32.76	26.17	16.16	5.83	8.06	14.32	27.51	20.62	0.0	27.2	28.02	34.06	26.08	23.09	37.22	29.12	38.21	8.6	30.08	25.5	18.03	28.65	13.93	39.05	3.16	23.02	4.24	27.2	26.17	33.62	26.0	16.64	24.76	11.4	8.54	23.41	18.0	16.76	26.57	27.89	18.03	10.63	25.5	30.41	9.0	15.03	32.53	3.16	11.18	22.67	19.65	26.48	42.45	7.28	22.2	16.28	31.3	19.65	39.62	17.72	19.7	
15.52	7.81	13.6	8.6	29.68	10.63	23.77	18.36	5.0	6.08	13.6	12.21	21.4	24.35	19.1	16.4	6.71	27.2	0.0	18.03	7.21	18.44	25.0	16.28	18.44	12.65	18.6	10.63	11.4	9.22	12.04	14.21	14.32	25.5	4.24	23.02	8.94	21.47	7.07	16.49	13.15	4.12	19.65	26.25	15.23	16.49	12.53	15.81	18.6	11.18	17.0	5.1	13.6	20.62	18.38	7.07	26.42	24.52	7.07	11.4	11.7	16.55	23.43	13.0	19.0	14.42	17.26	13.04	12.08	8.94	
33.53	15.56	19.24	26.4	31.02	24.08	38.21	36.25	20.1	18.0	4.47	14.76	23.35	30.36	29.15	33.02	18.44	28.02	18.03	0.0	23.09	2.24	38.42	34.21	35.23	29.07	21.84	9.06	6.71	17.03	29.53	16.16	31.14	25.0	16.64	25.32	9.22	36.8	18.03	2.24	24.21	20.59	27.73	32.28	30.48	10.05	13.42	32.2	35.0	13.04	22.85	13.0	6.32	19.03	13.0	24.52	29.27	32.31	22.2	10.82	6.32	32.02	21.02	7.21	30.23	32.2	30.48	28.02	12.53	13.45	
12.04	15.0	20.52	9.06	36.4	4.12	26.17	16.4	3.0	5.39	19.0	19.42	28.32	30.41	24.35	17.46	13.45	34.06	7.21	23.09	0.0	24.0	28.02	12.21	18.97	6.0	25.5	14.32	17.03	16.28	12.37	21.4	8.06	32.53	11.4	29.83	14.0	23.35	5.83	22.0	18.79	9.43	25.5	32.2	18.0	23.41	19.72	17.26	19.65	18.36	23.6	11.4	17.46	27.8	25.5	3.16	33.02	30.08	12.08	18.38	17.0	9.49	30.61	19.42	23.77	13.42	21.21	5.83	19.24	16.12	
33.96	15.0	18.03	26.57	29.07	25.32	37.48	36.4	21.0	19.1	5.0	13.6	21.59	28.79	28.02	32.76	18.03	26.08	18.44	2.24	24.0	0.0	37.54	34.71	34.99	30.0	20.25	10.44	7.07	16.28	29.55	14.76	32.02	23.02	16.55	23.54	10.0	36.24	19.24	2.0	23.35	20.62	26.42	30.68	30.0	8.25	12.21	31.91	34.67	12.04	21.47	13.34	8.06	17.12	11.05	25.18	27.46	30.87	21.95	9.9	7.0	33.14	19.0	6.4	29.21	32.31	29.7	29.15	11.4	12.81	
21.54	23.02	19.85	19.0	23.02	32.0	2.83	17.49	28.28	30.59	34.41	24.04	21.19	15.03	10.3	11.4	20.59	23.09	25.0	38.42	28.02	37.54	0.0	22.85	11.18	28.44	20.12	34.44	32.45	21.4	16.12	23.43	27.89	24.52	23.26	20.62	31.76	5.83	31.58	36.24	14.21	20.88	13.0	15.03	10.05	30.48	25.46	11.18	9.85	25.5	17.49	27.73	36.72	25.5	29.41	25.0	20.02	12.0	18.03	27.66	33.29	32.02	26.57	31.24	8.6	16.76	8.06	31.26	26.17	25.0	
1.41	22.09	25.3	9.22	38.83	14.21	20.25	6.0	14.76	17.49	29.83	26.31	32.2	31.24	24.08	11.66	19.24	37.22	16.28	34.21	12.21	34.71	22.85	0.0	11.7	8.06	29.55	26.0	27.66	22.36	8.6	27.66	6.32	36.67	19.0	33.12	25.0	17.09	18.03	32.76	20.59	15.03	26.4	32.56	14.87	32.02	27.17	12.21	13.0	26.08	26.83	21.38	29.15	33.53	33.24	9.85	35.23	29.7	15.52	27.0	27.89	10.05	36.06	29.15	22.63	6.4	19.1	11.18	27.07	24.02	
10.44	20.12	20.22	10.3	30.08	22.56	8.54	6.4	20.12	22.83	30.81	23.09	25.18	21.93	14.87	2.24	17.0	29.12	18.44	35.23	18.97	34.99	11.18	11.7	0.0	18.0	23.02	29.0	28.6	19.31	6.71	23.54	17.12	29.43	18.6	25.5	26.91	5.39	23.71	33.29	14.04	14.87	17.72	22.83	6.0	29.73	24.35	3.16	1.41	23.77	20.02	22.67	31.83	28.02	29.83	15.81	26.57	19.72	13.04	25.5	29.21	21.21	30.02	28.65	13.0	6.0	9.49	21.02	24.7	22.36	
8.54	20.12	25.0	10.3	40.31	6.4	26.17	13.6	9.0	11.18	25.0	24.6	32.65	33.6	26.93	17.12	18.03	38.21	12.65	29.07	6.0	30.0	28.44	8.06	18.0	0.0	29.83	20.22	23.02	21.1	12.37	26.42	2.24	37.01	16.55	33.97	20.0	23.09	11.4	28.0	22.02	13.6	28.6	35.23	18.97	29.12	25.08	17.26	19.03	23.77	27.59	17.26	23.35	32.76	31.02	5.83	36.8	32.76	15.56	24.04	23.0	4.24	35.51	25.32	25.94	12.0	22.85	3.16	24.7	21.54	
28.23	11.18	5.0	20.59	11.18	29.21	21.19	27.66	23.6	24.19	19.1	8.06	2.83	8.54	9.85	21.1	12.04	8.6	18.6	21.84	25.5	20.25	20.12	29.55	23.02	29.83	0.0	22.2	18.0	9.43	21.19	6.0	30.81	7.21	14.42	4.47	19.24	21.38	25.06	19.65	9.22	16.28	7.21	10.44	17.03	12.08	9.0	20.1	22.0	10.05	3.0	17.09	23.0	5.39	10.0	24.08	8.25	10.82	14.42	12.0	19.0	34.06	7.0	15.13	11.7	24.04	14.14	31.11	10.0	11.4	
25.5	12.17	18.0	19.21	32.98	15.03	33.62	28.84	11.4	9.06	5.83	14.14	24.52	30.0	26.68	26.91	13.93	30.08	10.63	9.06	14.32	10.44	34.44	26.0	29.0	20.22	22.2	0.0	5.0	14.14	22.67	16.28	22.36	27.51	11.18	26.48	3.0	31.62	9.0	8.54	20.88	14.21	26.17	32.0	25.24	13.6	13.34	26.25	29.07	12.17	22.0	6.71	3.16	21.54	16.64	16.16	30.41	31.14	16.64	10.44	4.24	23.0	24.17	8.6	27.2	25.0	26.4	19.0	12.37	11.0	
26.93	9.43	14.32	19.7	28.44	18.68	32.02	29.55	14.04	12.37	2.24	10.05	20.1	26.17	23.77	26.4	12.04	25.5	11.4	6.71	17.03	7.07	32.45	27.66	28.6	23.02	18.0	5.0	0.0	11.18	22.83	12.0	25.0	22.8	10.0	22.09	3.16	30.41	12.65	5.1	18.36	13.89	22.8	28.16	24.04	8.6	9.0	25.61	28.43	8.06	18.25	6.32	5.0	16.76	11.66	18.11	26.08	27.66	15.62	6.0	1.0	26.31	19.31	3.61	24.6	25.5	24.41	22.36	8.0	7.62	
21.21	2.0	4.47	13.15	20.59	19.85	21.21	22.09	14.21	14.76	13.04	4.0	12.21	16.12	12.65	17.09	3.16	18.03	9.22	17.03	16.28	16.28	21.4	22.36	19.31	21.1	9.43	14.14	11.18	0.0	15.03	5.39	22.36	16.28	5.0	13.89	11.18	20.0	15.65	14.87	7.21	7.62	12.04	18.11	13.89	10.44	5.1	16.16	18.79	4.47	8.25	8.06	15.81	11.66	11.0	15.26	17.46	17.03	7.0	6.4	12.08	25.24	14.42	9.9	13.42	18.03	13.45	22.02	5.39	3.61	
7.21	15.3	17.26	3.61	30.23	16.12	14.0	7.07	13.42	16.12	25.06	19.03	23.77	22.67	15.56	5.1	12.17	28.65	12.04	29.53	12.37	29.55	16.12	8.6	6.71	12.37	21.19	22.67	22.83	15.03	0.0	20.02	12.08	28.23	13.0	24.6	20.81	11.05	17.0	27.73	12.08	8.94	17.8	24.04	6.71	25.32	20.1	5.0	7.28	19.24	18.38	16.64	25.61	25.5	26.02	9.22	26.63	21.26	8.06	20.62	23.32	16.16	27.89	23.41	14.21	3.0	10.82	15.13	20.22	17.46	
26.48	6.4	3.61	18.44	16.76	24.76	23.85	27.0	19.1	19.21	13.15	2.24	8.25	14.32	13.45	21.38	8.54	13.93	14.21	16.16	21.4	14.76	23.43	27.66	23.54	26.42	6.0	16.28	12.0	5.39	20.02	0.0	27.73	11.66	10.0	10.2	13.34	23.26	20.0	13.93	9.85	13.0	11.66	16.28	17.72	7.07	3.0	20.4	22.8	4.12	6.71	11.66	17.0	6.4	6.32	20.59	14.14	16.16	12.17	6.0	13.0	30.53	9.22	9.22	14.87	23.02	16.12	27.2	4.0	5.83	
7.07	21.54	26.08	10.63	41.04	8.6	25.5	12.17	11.05	13.34	27.02	26.0	33.6	34.06	27.2	16.49	19.24	39.05	14.32	31.14	8.06	32.02	27.89	6.32	17.12	2.24	30.81	22.36	25.0	22.36	12.08	27.73	0.0	38.01	18.03	34.83	22.02	22.36	13.6	30.02	22.63	14.76	29.07	35.61	18.79	30.81	26.57	16.76	18.25	25.3	28.43	19.1	25.5	34.0	32.57	7.28	37.48	33.02	16.4	25.71	25.02	4.12	36.72	27.17	26.08	11.18	22.83	5.0	26.25	23.09	
35.34	17.8	12.04	27.78	6.08	36.12	26.17	34.48	30.48	30.81	23.35	13.89	4.47	9.85	15.0	27.66	19.1	3.16	25.5	25.0	32.53	23.02	24.52	36.67	29.43	37.01	7.21	27.51	22.8	16.28	28.23	11.66	38.01	0.0	21.26	4.0	24.7	27.0	31.62	23.02	16.16	23.43	12.0	10.82	23.54	15.03	14.32	26.68	28.28	15.65	9.85	23.32	27.66	6.08	12.0	31.24	5.66	13.0	21.63	17.09	23.77	41.23	4.12	19.42	17.0	31.02	20.1	38.21	15.23	17.49	
18.03	3.61	9.43	10.2	25.55	14.87	22.47	19.92	9.22	9.85	12.21	8.06	17.2	20.62	16.03	16.4	3.0	23.02	4.24	16.64	11.4	16.55	23.26	19.0	18.6	16.55	14.42	11.18	10.0	5.0	13.0	10.0	18.03	21.26	0.0	18.87	8.6	20.62	10.77	14.76	10.05	4.12	16.12	22.56	14.21	13.04	8.54	15.62	18.44	7.28	13.0	4.47	13.6	16.4	14.56	10.77	22.36	21.1	5.66	8.0	10.63	20.59	19.21	10.44	16.28	15.81	15.23	17.2	8.25	5.1	
31.76	15.65	9.43	24.41	6.71	33.6	22.2	30.68	28.02	28.65	23.0	12.37	2.0	6.4	11.0	23.77	16.4	4.24	23.02	25.32	29.83	23.54	20.62	33.12	25.5	33.97	4.47	26.48	22.09	13.89	24.6	10.2	34.83	4.0	18.87	0.0	23.54	23.0	29.53	23.19	12.53	20.52	8.0	7.81	19.65	15.3	13.15	22.8	24.33	14.32	6.4	21.54	27.07	6.71	12.65	28.28	4.0	9.43	18.44	16.12	23.09	38.21	6.4	19.0	13.0	27.31	16.12	35.38	14.14	15.81	
24.35	9.22	15.0	17.49	30.08	15.52	31.06	27.29	11.0	9.22	5.0	11.18	21.59	27.0	23.77	24.76	11.18	27.2	8.94	9.22	14.0	10.0	31.76	25.0	26.91	20.0	19.24	3.0	3.16	11.18	20.81	13.34	22.02	24.7	8.6	23.54	0.0	29.21	9.49	8.0	18.03	12.04	23.19	29.0	22.8	11.31	10.44	24.04	26.87	9.22	19.0	4.24	5.0	18.79	14.21	15.3	27.46	28.16	14.21	7.62	3.0	23.19	21.47	6.4	24.35	23.32	23.71	19.24	9.49	8.0	
15.81	21.26	19.7	14.32	26.68	27.17	3.16	11.66	24.04	26.57	32.53	23.32	23.09	18.44	12.0	6.0	18.38	26.17	21.47	36.8	23.35	36.24	5.83	17.09	5.39	23.09	21.38	31.62	30.41	20.0	11.05	23.26	22.36	27.0	20.62	23.0	29.21	0.0	27.51	34.71	13.42	17.49	15.0	18.97	6.4	30.02	24.7	6.08	4.12	24.41	18.44	25.0	34.21	26.68	29.55	20.22	23.35	15.81	15.0	26.4	31.14	26.48	28.28	29.83	10.0	11.18	7.28	26.02	25.24	23.43	
17.8	13.89	20.12	13.42	36.24	6.08	30.08	21.93	3.61	1.0	14.32	17.8	27.78	31.32	26.17	21.93	13.6	33.62	7.07	18.03	5.83	19.24	31.58	18.03	23.71	11.4	25.06	9.0	12.65	15.65	17.0	20.0	13.6	31.62	10.77	29.53	9.49	27.51	0.0	17.26	20.22	11.0	26.68	33.24	21.59	20.25	17.69	21.54	24.17	16.28	23.77	8.49	12.04	26.25	22.8	8.49	33.11	31.58	14.0	15.62	12.37	14.0	29.07	15.65	26.02	18.6	24.08	10.0	16.97	14.21	
32.02	13.45	17.0	24.7	29.0	23.35	36.07	34.54	19.0	17.12	3.0	12.53	21.21	28.16	26.93	31.06	16.4	26.0	16.49	2.24	22.0	2.0	36.24	32.76	33.29	28.0	19.65	8.54	5.1	14.87	27.73	13.93	30.02	23.02	14.76	23.19	8.0	34.71	17.26	0.0	22.02	18.79	25.5	30.08	28.43	8.0	11.18	30.23	33.02	10.82	20.62	11.4	6.4	17.0	11.05	23.19	27.17	30.08	20.25	8.6	5.0	31.14	19.1	5.0	28.02	30.46	28.32	27.17	10.3	11.31	
19.24	8.94	6.32	12.04	18.44	22.85	14.21	18.44	17.72	19.24	20.25	10.0	11.7	11.66	6.0	12.0	7.07	16.64	13.15	24.21	18.79	23.35	14.21	20.59	14.04	22.02	9.22	20.88	18.36	7.21	12.08	9.85	22.63	16.16	10.05	12.53	18.03	13.42	20.22	22.02	0.0	9.49	6.71	13.42	8.06	16.64	11.4	11.0	13.15	11.31	6.32	14.32	22.85	14.0	16.16	16.64	14.87	11.4	6.71	13.45	19.24	26.25	16.12	17.03	6.32	14.87	6.4	23.85	12.04	10.82	
14.0	7.07	11.4	6.08	27.02	13.42	19.7	15.81	8.25	10.0	16.12	11.4	19.1	21.02	15.3	12.73	4.47	24.76	4.12	20.59	9.43	20.62	20.88	15.03	14.87	13.6	16.28	14.21	13.89	7.62	8.94	13.0	14.76	23.43	4.12	20.52	12.04	17.49	11.0	18.79	9.49	0.0	16.16	22.85	11.18	17.0	12.17	12.04	14.87	11.05	14.21	7.81	16.97	19.24	18.25	7.81	23.6	20.88	3.0	12.04	14.42	17.8	21.95	14.56	15.03	11.7	13.15	14.87	12.04	9.0	
25.0	14.04	8.54	18.44	12.53	29.55	14.32	23.26	24.35	25.71	24.35	13.0	8.25	5.0	3.0	16.16	13.15	11.4	19.65	27.73	25.5	26.42	13.0	26.4	17.72	28.6	7.21	26.17	22.8	12.04	17.8	11.66	29.07	12.0	16.12	8.0	23.19	15.0	26.68	25.5	6.71	16.16	0.0	6.71	12.08	18.6	14.32	15.23	16.49	14.87	5.0	20.0	27.66	12.53	16.97	23.32	8.94	5.0	13.42	17.09	23.77	32.8	13.6	20.62	5.0	20.25	8.25	30.53	15.23	15.3	
31.14	20.1	14.0	25.0	8.0	36.25	17.26	28.84	31.02	32.28	29.43	18.11	9.43	2.0	8.49	21.63	19.65	8.54	26.25	32.28	32.2	30.68	15.03	32.56	22.83	35.23	10.44	32.0	28.16	18.11	24.04	16.28	35.61	10.82	22.56	7.81	29.0	18.97	33.24	30.08	13.42	22.85	6.71	0.0	17.8	22.47	19.24	20.81	21.47	20.1	10.0	26.17	33.14	14.42	20.12	30.02	5.39	3.16	20.12	22.2	29.15	39.41	14.14	25.5	10.0	26.25	13.6	37.22	20.22	21.0	
13.45	15.0	14.32	9.06	24.6	22.02	8.54	11.18	18.25	20.62	26.17	17.46	19.24	16.64	9.43	4.12	12.04	23.41	15.23	30.48	18.0	30.0	10.05	14.87	6.0	18.97	17.03	25.24	24.04	13.89	6.71	17.72	18.79	23.54	14.21	19.65	22.8	6.4	21.59	28.43	8.06	11.18	12.08	17.8	0.0	24.17	18.79	3.16	5.1	18.36	14.04	18.6	27.8	22.02	24.04	15.03	21.02	14.87	8.6	20.25	24.76	22.85	24.02	23.6	7.81	8.49	4.24	21.59	19.24	17.2	
31.0	10.05	10.63	23.02	21.0	25.94	30.81	32.39	20.62	19.72	8.54	6.71	13.34	20.62	20.52	27.51	13.15	18.0	16.49	10.05	23.41	8.25	30.48	32.02	29.73	29.12	12.08	13.6	8.6	10.44	25.32	7.07	30.81	15.03	13.04	15.3	11.31	30.02	20.25	8.0	16.64	17.0	18.6	22.47	24.17	0.0	5.39	26.57	29.15	6.08	13.6	12.08	13.0	9.0	3.16	23.54	19.24	22.83	17.26	5.1	9.43	32.89	11.18	5.0	21.93	28.28	23.02	29.15	5.1	8.0	
26.08	5.1	5.83	18.03	19.65	22.8	25.61	27.17	17.2	16.97	10.2	1.41	11.18	17.26	15.81	22.14	8.0	16.76	12.53	13.42	19.72	12.21	25.46	27.17	24.35	25.08	9.0	13.34	9.0	5.1	20.1	3.0	26.57	14.32	8.54	13.15	10.44	24.7	17.69	11.18	11.4	12.17	14.32	19.24	18.79	5.39	0.0	21.19	23.77	1.41	9.49	9.22	14.0	8.6	6.08	19.31	17.12	18.97	12.04	3.0	10.0	29.07	11.4	6.32	17.03	23.09	17.8	25.55	1.0	3.61	
10.82	17.0	17.12	8.25	27.73	21.1	9.0	8.06	18.03	20.62	27.8	19.92	22.36	19.72	12.53	1.0	13.89	26.57	15.81	32.2	17.26	31.91	11.18	12.21	3.16	17.26	20.1	26.25	25.61	16.16	5.0	20.4	16.76	26.68	15.62	22.8	24.04	6.08	21.54	30.23	11.0	12.04	15.23	20.81	3.16	26.57	21.19	0.0	2.83	20.62	17.12	19.8	29.0	25.0	26.68	14.14	24.17	17.8	10.0	22.36	26.25	20.88	27.07	25.55	10.82	5.83	7.21	20.1	21.54	19.24	
11.7	19.72	19.42	10.77	28.79	23.35	7.28	7.81	20.62	23.26	30.61	22.47	24.08	20.62	13.6	2.24	16.64	27.89	18.6	35.0	19.65	34.67	9.85	13.0	1.41	19.03	22.0	29.07	28.43	18.79	7.28	22.8	18.25	28.28	18.44	24.33	26.87	4.12	24.17	33.02	13.15	14.87	16.49	21.47	5.1	29.15	23.77	2.83	0.0	23.26	19.0	22.63	31.83	27.07	29.12	16.49	25.3	18.36	12.81	25.06	29.07	22.36	29.0	28.3	11.7	7.07	8.25	22.0	24.17	21.95	
25.02	4.0	6.32	17.0	20.88	21.4	25.5	26.31	15.81	15.56	9.49	2.0	12.37	18.11	16.12	21.54	7.07	18.03	11.18	13.04	18.36	12.04	25.5	26.08	23.77	23.77	10.05	12.17	8.06	4.47	19.24	4.12	25.3	15.65	7.28	14.32	9.22	24.41	16.28	10.82	11.31	11.05	14.87	20.1	18.36	6.08	1.41	20.62	23.26	0.0	10.2	7.81	13.04	10.0	7.28	18.03	18.25	19.65	11.18	2.24	9.06	27.73	12.81	5.83	17.2	22.2	17.69	24.19	1.0	2.24	
25.5	10.2	4.0	18.03	12.81	27.46	18.38	24.74	21.95	22.85	19.65	8.25	5.39	8.0	7.21	18.11	10.3	10.63	17.0	22.85	23.6	21.47	17.49	26.83	20.02	27.59	3.0	22.0	18.25	8.25	18.38	6.71	28.43	9.85	13.0	6.4	19.0	18.44	23.77	20.62	6.32	14.21	5.0	10.0	14.04	13.6	9.49	17.12	19.0	10.2	0.0	16.28	23.19	8.25	12.04	21.93	9.43	9.49	12.04	12.37	19.24	31.83	10.0	15.81	8.94	21.19	11.18	29.07	10.44	11.0	
20.62	6.08	12.37	13.42	28.23	13.89	26.93	23.26	8.54	7.81	8.54	9.43	19.7	24.19	20.22	20.52	7.28	25.5	5.1	13.0	11.4	13.34	27.73	21.38	22.67	17.26	17.09	6.71	6.32	8.06	16.64	11.66	19.1	23.32	4.47	21.54	4.24	25.0	8.49	11.4	14.32	7.81	20.0	26.17	18.6	12.08	9.22	19.8	22.63	7.81	16.28	0.0	9.22	17.8	14.42	12.0	25.3	25.0	10.0	7.21	6.71	20.88	20.62	8.06	20.62	19.24	19.7	17.09	8.49	5.83	
28.64	13.93	19.24	22.2	33.38	18.0	36.06	31.91	14.56	12.17	4.47	15.03	25.08	31.14	28.46	29.7	16.12	30.41	13.6	6.32	17.46	8.06	36.72	29.15	31.83	23.35	23.0	3.16	5.0	15.81	25.61	17.0	25.5	27.66	13.6	27.07	5.0	34.21	12.04	6.4	22.85	16.97	27.66	33.14	27.8	13.0	14.0	29.0	31.83	13.04	23.19	9.22	0.0	21.59	16.16	19.31	31.06	32.56	19.21	11.0	4.0	26.02	24.04	8.25	29.15	28.02	28.65	22.02	13.0	12.37	
32.28	12.81	8.25	24.35	12.0	31.14	26.57	32.25	25.5	25.5	17.26	8.49	5.0	12.81	15.23	26.0	14.76	9.0	20.62	19.03	27.8	17.12	25.5	33.53	28.02	32.76	5.39	21.54	16.76	11.66	25.5	6.4	34.0	6.08	16.4	6.71	18.79	26.68	26.25	17.0	14.0	19.24	12.53	14.42	22.02	9.0	8.6	25.0	27.07	10.0	8.25	17.8	21.59	0.0	6.08	26.93	10.44	15.56	18.03	11.18	17.72	36.89	2.83	13.34	17.09	28.44	19.42	33.6	9.43	12.04	
32.14	11.18	9.85	24.08	18.03	28.3	30.02	33.06	22.83	22.2	11.7	7.0	10.77	18.36	19.21	27.66	14.04	15.03	18.38	13.0	25.5	11.05	29.41	33.24	29.83	31.02	10.0	16.64	11.66	11.0	26.02	6.32	32.57	12.0	14.56	12.65	14.21	29.55	22.8	11.05	16.16	18.25	16.97	20.12	24.04	3.16	6.08	26.68	29.12	7.28	12.04	14.42	16.16	6.08	0.0	25.3	16.49	20.81	18.0	7.21	12.53	34.93	8.06	8.06	20.81	29.02	22.36	31.3	6.32	9.49	
9.43	14.32	19.21	6.0	34.71	7.0	23.09	13.45	5.0	7.81	20.22	18.79	26.91	28.3	21.93	14.32	12.21	32.53	7.07	24.52	3.16	25.18	25.0	9.85	15.81	5.83	24.08	16.16	18.11	15.26	9.22	20.59	7.28	31.24	10.77	28.28	15.3	20.22	8.49	23.19	16.64	7.81	23.32	30.02	15.03	23.54	19.31	14.14	16.49	18.03	21.93	12.0	19.31	26.93	25.3	0.0	31.24	27.73	10.0	18.44	18.25	10.0	29.68	20.02	21.19	10.3	18.44	7.21	18.97	15.81	
33.84	19.31	13.0	26.91	3.61	36.89	22.02	32.2	31.38	32.2	27.0	16.28	6.0	5.0	11.7	25.08	19.72	3.16	26.42	29.27	33.02	27.46	20.02	35.23	26.57	36.8	8.25	30.41	26.08	17.46	26.63	14.14	37.48	5.66	22.36	4.0	27.46	23.35	33.11	27.17	14.87	23.6	8.94	5.39	21.02	19.24	17.12	24.17	25.3	18.25	9.43	25.3	31.06	10.44	16.49	31.24	0.0	8.06	21.26	20.1	27.07	41.04	9.43	23.0	13.6	29.15	17.09	38.42	18.11	19.65	
28.28	19.03	13.34	22.47	11.05	34.18	14.14	25.81	29.12	30.59	29.12	17.72	10.63	3.16	5.83	18.6	18.11	11.18	24.52	32.31	30.08	30.87	12.0	29.7	19.72	32.76	10.82	31.14	27.66	17.03	21.26	16.16	33.02	13.0	21.1	9.43	28.16	15.81	31.58	30.08	11.4	20.88	5.0	3.16	14.87	22.83	18.97	17.8	18.36	19.65	9.49	25.0	32.56	15.56	20.81	27.73	8.06	0.0	18.03	21.84	28.64	36.89	15.81	25.3	7.07	23.35	10.63	34.89	19.92	20.22	
14.32	7.28	9.85	6.32	24.76	16.16	17.0	15.13	11.18	13.0	17.8	11.0	17.2	18.36	12.37	10.82	4.12	22.67	7.07	22.2	12.08	21.95	18.03	15.52	13.04	15.56	14.42	16.64	15.62	7.0	8.06	12.17	16.4	21.63	5.66	18.44	14.21	15.0	14.0	20.25	6.71	3.0	13.42	20.12	8.6	17.26	12.04	10.0	12.81	11.18	12.04	10.0	19.21	18.03	18.0	10.0	21.26	18.03	0.0	12.65	16.28	19.8	20.62	15.65	12.04	11.05	10.2	17.2	12.17	9.49	
26.02	5.39	8.54	18.11	22.56	21.1	27.59	27.66	15.65	15.0	7.28	4.12	14.14	20.22	18.36	23.26	8.54	19.65	11.4	10.82	18.38	9.9	27.66	27.0	25.5	24.04	12.0	10.44	6.0	6.4	20.62	6.0	25.71	17.09	8.0	16.12	7.62	26.4	15.62	8.6	13.45	12.04	17.09	22.2	20.25	5.1	3.0	22.36	25.06	2.24	12.37	7.21	11.0	11.18	7.21	18.44	20.1	21.84	12.65	0.0	7.0	27.86	13.89	3.61	19.42	23.54	19.8	24.17	2.0	3.16	
27.2	10.3	15.3	20.12	29.43	18.44	32.8	29.97	14.0	12.17	2.0	11.05	21.1	27.17	24.7	27.02	12.81	26.48	11.7	6.32	17.0	7.0	33.29	27.89	29.21	23.0	19.0	4.24	1.0	12.08	23.32	13.0	25.02	23.77	10.63	23.09	3.0	31.14	12.37	5.0	19.24	14.42	23.77	29.15	24.76	9.43	10.0	26.25	29.07	9.06	19.24	6.71	4.0	17.72	12.53	18.25	27.07	28.64	16.28	7.0	0.0	26.17	20.25	4.47	25.5	25.94	25.24	22.2	9.0	8.54	
11.0	24.19	29.21	14.42	44.55	8.06	29.61	16.03	12.37	14.04	28.16	28.65	36.88	37.8	31.06	20.62	22.2	42.45	16.55	32.02	9.49	33.14	32.02	10.05	21.21	4.24	34.06	23.0	26.31	25.24	16.16	30.53	4.12	41.23	20.59	38.21	23.19	26.48	14.0	31.14	26.25	17.8	32.8	39.41	22.85	32.89	29.07	20.88	22.36	27.73	31.83	20.88	26.02	36.89	34.93	10.0	41.04	36.89	19.8	27.86	26.17	0.0	39.66	28.86	30.02	15.3	26.83	4.0	28.64	25.5	
34.79	15.62	10.77	26.93	10.2	33.97	27.89	34.53	28.32	28.32	19.65	11.31	5.39	12.81	16.49	28.07	17.49	7.28	23.43	21.02	30.61	19.0	26.57	36.06	30.02	35.51	7.0	24.17	19.31	14.42	27.89	9.22	36.72	4.12	19.21	6.4	21.47	28.28	29.07	19.1	16.12	21.95	13.6	14.14	24.02	11.18	11.4	27.07	29.0	12.81	10.0	20.62	24.04	2.83	8.06	29.68	9.43	15.81	20.62	13.89	20.25	39.66	0.0	15.81	18.44	30.81	21.1	36.4	12.21	14.87	
28.28	8.6	12.08	20.62	25.18	21.54	31.11	30.36	16.49	15.23	4.0	7.62	17.0	23.54	21.95	26.42	11.66	22.2	13.0	7.21	19.42	6.4	31.24	29.15	28.65	25.32	15.13	8.6	3.61	9.9	23.41	9.22	27.17	19.42	10.44	19.0	6.4	29.83	15.65	5.0	17.03	14.56	20.62	25.5	23.6	5.0	6.32	25.55	28.3	5.83	15.81	8.06	8.25	13.34	8.06	20.02	23.0	25.3	15.65	3.61	4.47	28.86	15.81	0.0	23.02	26.25	23.35	25.0	5.39	6.4	
21.21	15.23	11.31	15.65	17.09	27.89	9.49	18.87	23.19	25.02	26.42	15.62	13.15	8.94	2.0	11.66	13.34	16.28	19.0	30.23	23.77	29.21	8.6	22.63	13.0	25.94	11.7	27.2	24.6	13.42	14.21	14.87	26.08	17.0	16.28	13.0	24.35	10.0	26.02	28.02	6.32	15.03	5.0	10.0	7.81	21.93	17.03	10.82	11.7	17.2	8.94	20.62	29.15	17.09	20.81	21.19	13.6	7.07	12.04	19.42	25.5	30.02	18.44	23.02	0.0	16.28	3.61	28.23	17.8	17.0	
5.0	18.25	20.22	5.83	32.76	16.76	14.32	4.12	15.0	17.8	27.73	22.02	26.57	25.0	17.8	5.39	15.13	31.3	14.42	32.2	13.42	32.31	16.76	6.4	6.0	12.0	24.04	25.0	25.5	18.03	3.0	23.02	11.18	31.02	15.81	27.31	23.32	11.18	18.6	30.46	14.87	11.7	20.25	26.25	8.49	28.28	23.09	5.83	7.07	22.2	21.19	19.24	28.02	28.44	29.02	10.3	29.15	23.35	11.05	23.54	25.94	15.3	30.81	26.25	16.28	0.0	12.73	15.03	23.19	20.4	
17.69	15.0	12.53	12.65	20.62	25.32	7.81	15.26	21.0	23.09	26.4	16.4	16.0	12.53	5.39	8.06	12.53	19.65	17.26	30.48	21.21	29.7	8.06	19.1	9.49	22.85	14.14	26.4	24.41	13.45	10.82	16.12	22.83	20.1	15.23	16.12	23.71	7.28	24.08	28.32	6.4	13.15	8.25	13.6	4.24	23.02	17.8	7.21	8.25	17.69	11.18	19.7	28.65	19.42	22.36	18.44	17.09	10.63	10.2	19.8	25.24	26.83	21.1	23.35	3.61	12.73	0.0	25.3	18.44	17.03	
11.7	20.81	26.17	12.65	41.87	4.12	29.07	16.76	8.54	10.05	24.19	25.24	33.94	35.51	29.07	20.02	19.1	39.62	13.04	28.02	5.83	29.15	31.26	11.18	21.02	3.16	31.11	19.0	22.36	22.02	15.13	27.2	5.0	38.21	17.2	35.38	19.24	26.02	10.0	27.17	23.85	14.87	30.53	37.22	21.59	29.15	25.55	20.1	22.0	24.19	29.07	17.09	22.02	33.6	31.3	7.21	38.42	34.89	17.2	24.17	22.2	4.0	36.4	25.0	28.23	15.03	25.3	0.0	25.06	21.95	
26.02	5.0	6.71	18.0	20.62	22.2	26.25	27.29	16.64	16.28	9.22	2.24	12.17	18.25	16.64	22.47	8.06	17.72	12.08	12.53	19.24	11.4	26.17	27.07	24.7	24.7	10.0	12.37	8.0	5.39	20.22	4.0	26.25	15.23	8.25	14.14	9.49	25.24	16.97	10.3	12.04	12.04	15.23	20.22	19.24	5.1	1.0	21.54	24.17	1.0	10.44	8.49	13.0	9.43	6.32	18.97	18.11	19.92	12.17	2.0	9.0	28.64	12.21	5.39	17.8	23.19	18.44	25.06	0.0	3.16	
23.0	2.24	7.0	15.03	22.47	19.21	24.76	24.52	13.6	13.45	9.43	3.61	13.93	19.0	16.16	20.12	5.39	19.7	8.94	13.45	16.12	12.81	25.0	24.02	22.36	21.54	11.4	11.0	7.62	3.61	17.46	5.83	23.09	17.49	5.1	15.81	8.0	23.43	14.21	11.31	10.82	9.0	15.3	21.0	17.2	8.0	3.61	19.24	21.95	2.24	11.0	5.83	12.37	12.04	9.49	15.81	19.65	20.22	9.49	3.16	8.54	25.5	14.87	6.4	17.0	20.4	17.03	21.95	3.16	0.0	
