70
0.0	23.41	26.83	17.03	8.06	25.5	26.42	14.56	5.83	29.83	18.44	25.08	16.76	33.97	19.7	14.32	13.15	8.94	14.87	21.63	5.0	10.82	20.02	31.24	29.83	31.83	24.19	1.0	21.93	29.07	24.74	2.24	24.7	26.4	9.0	13.0	6.08	21.02	19.65	26.25	21.1	8.54	31.4	5.0	3.16	28.32	18.38	32.53	33.24	26.4	24.17	14.04	4.0	13.42	22.56	7.0	9.43	16.76	34.66	20.0	25.0	23.02	10.77	22.56	13.42	23.35	23.6	14.87	14.76	27.73	
23.41	0.0	33.53	32.65	23.0	25.18	32.28	34.06	27.46	27.02	12.65	33.24	36.12	33.02	16.49	9.22	31.89	26.0	34.83	27.86	26.48	31.06	9.22	32.06	31.14	31.0	40.61	23.09	17.12	27.0	14.14	25.0	43.84	19.1	27.8	12.04	23.09	35.81	4.24	35.85	28.23	29.68	33.14	27.73	26.57	29.15	22.85	31.02	31.06	33.84	18.0	30.41	25.06	17.2	34.48	30.08	14.32	29.41	33.06	8.25	39.66	37.44	31.62	40.36	10.2	12.04	22.2	22.47	35.81	34.48	
26.83	33.53	0.0	13.04	34.54	9.9	1.41	18.87	31.91	12.08	20.88	2.24	18.79	11.05	17.09	30.02	17.8	35.78	19.72	6.0	31.38	36.62	24.35	8.0	7.07	10.05	15.0	27.73	17.0	11.18	21.63	28.65	21.02	17.69	19.21	24.02	32.7	11.4	29.83	4.12	6.08	21.93	7.07	25.0	27.46	7.62	11.05	11.05	12.04	1.0	17.2	14.87	23.32	18.0	7.28	30.61	29.27	10.63	12.04	25.3	12.04	11.05	21.26	17.12	30.0	22.83	12.21	13.15	21.95	1.0	
17.03	32.65	13.04	0.0	25.08	18.0	13.42	5.83	20.88	22.09	21.4	10.82	6.08	23.41	19.24	25.94	5.0	25.5	6.71	11.05	20.62	25.08	24.84	20.25	18.97	21.84	8.06	18.03	20.62	21.1	25.5	18.25	11.66	23.77	8.06	20.81	23.09	4.0	28.43	10.63	10.05	9.85	19.7	13.6	16.49	18.44	12.65	22.8	23.77	12.21	22.14	3.0	13.04	15.56	6.4	18.79	23.09	4.12	24.35	25.5	8.06	6.0	8.6	7.81	25.5	25.55	18.25	10.82	8.94	13.6	
8.06	23.0	34.54	25.08	0.0	32.02	34.01	22.2	6.4	36.12	22.47	32.89	24.33	40.8	24.84	14.14	21.02	3.0	22.36	29.07	5.83	8.25	22.85	38.28	36.89	38.6	32.06	7.07	27.02	35.47	28.65	7.07	32.02	31.4	17.03	16.12	2.0	29.07	20.22	34.21	28.64	16.12	38.59	12.17	9.22	35.23	25.24	39.2	39.82	34.18	29.21	22.09	12.04	19.1	30.59	10.0	9.49	24.74	41.4	22.47	33.02	31.06	18.25	30.27	13.15	26.83	29.73	21.95	21.84	35.47	
25.5	25.18	9.9	18.0	32.02	0.0	8.49	23.19	31.24	4.47	13.04	10.82	24.02	8.94	9.06	23.77	21.38	33.97	24.19	7.07	30.48	36.24	16.03	7.07	6.0	6.71	23.09	26.17	8.06	3.61	12.08	27.66	28.64	7.81	20.62	18.03	30.48	18.44	22.0	13.6	8.06	23.77	8.0	25.55	27.2	4.0	7.21	7.21	7.81	10.63	7.62	18.25	23.02	13.04	14.87	31.06	24.6	14.04	9.43	17.03	20.62	18.97	24.04	24.52	24.04	13.6	3.0	10.82	26.31	10.63	
26.42	32.28	1.41	13.42	34.01	8.49	0.0	19.24	31.62	10.77	19.65	3.0	19.31	10.2	15.81	29.0	18.03	35.36	20.12	5.1	31.06	36.4	23.09	7.07	6.0	9.0	16.03	27.29	15.65	9.85	20.25	28.3	22.0	16.28	19.1	23.0	32.2	12.17	28.64	5.39	5.39	21.93	6.32	24.84	27.2	6.32	10.0	10.0	11.0	2.24	15.81	15.0	23.02	17.03	8.06	30.48	28.44	10.63	11.18	24.04	13.15	12.0	21.4	18.03	29.02	21.47	10.82	12.37	22.36	2.24	
14.56	34.06	18.87	5.83	22.2	23.19	19.24	0.0	17.03	27.46	24.17	16.64	2.24	29.15	22.8	26.25	2.24	22.0	1.0	16.49	17.0	20.62	27.29	26.0	24.7	27.51	10.05	15.52	24.52	26.48	29.12	15.13	10.3	28.16	6.4	22.02	20.22	8.6	29.83	16.28	15.52	6.08	25.5	10.05	13.04	24.04	17.03	28.46	29.41	18.03	26.31	5.0	10.77	17.89	12.04	14.32	22.47	9.22	30.08	27.78	11.7	10.3	4.0	8.06	25.61	28.79	23.0	14.32	3.16	19.42	
5.83	27.46	31.91	20.88	6.4	31.24	31.62	17.03	0.0	35.61	24.04	30.02	19.0	39.6	25.5	18.25	16.28	5.1	17.0	27.02	1.0	5.0	25.32	36.8	35.38	37.48	27.07	5.39	27.73	34.83	30.36	3.61	26.31	32.2	13.0	18.25	5.0	24.74	24.08	30.87	26.4	11.18	36.88	7.28	4.47	33.94	24.08	38.21	38.95	31.38	29.97	18.03	8.6	19.24	26.93	3.61	13.15	21.47	40.31	25.18	28.44	26.68	13.04	25.0	17.26	28.86	29.41	20.52	16.12	32.76	
29.83	27.02	12.08	22.09	36.12	4.47	10.77	27.46	35.61	0.0	15.81	13.6	28.16	6.0	12.08	26.93	25.71	38.18	28.44	11.05	34.83	40.61	18.25	5.83	5.66	4.12	26.48	30.48	10.44	1.0	13.04	32.02	32.25	8.06	25.08	21.47	34.66	22.09	24.33	16.16	12.04	28.23	7.21	30.02	31.62	4.47	11.66	4.0	4.12	13.0	9.06	22.56	27.46	17.03	18.25	35.51	28.3	18.25	6.08	19.24	23.77	22.36	28.46	28.16	27.31	15.0	6.4	15.26	30.59	12.53	
18.44	12.65	20.88	21.4	22.47	13.04	19.65	24.17	24.04	15.81	0.0	20.62	25.94	21.59	4.0	11.18	21.93	25.06	25.08	15.23	23.09	28.79	3.61	20.1	19.03	19.42	29.0	18.68	5.39	15.52	6.32	20.62	33.02	9.22	18.68	6.4	21.47	24.04	9.06	23.26	15.65	21.38	21.02	21.0	21.21	17.03	10.3	19.65	19.92	21.19	7.21	19.72	18.0	6.32	22.2	25.32	13.45	17.69	21.84	4.47	27.66	25.5	22.8	29.21	11.66	5.0	10.05	10.63	26.57	21.84	
25.08	33.24	2.24	10.82	32.89	10.82	3.0	16.64	30.02	13.6	20.62	0.0	16.55	13.15	17.0	29.15	15.62	34.01	17.49	5.39	29.53	34.67	24.17	10.05	9.0	12.0	13.04	26.0	17.2	12.65	22.02	26.83	19.0	18.44	17.2	23.19	31.02	9.22	29.41	2.83	5.1	19.85	9.22	23.02	25.55	9.22	10.44	13.0	14.0	1.41	17.69	12.73	21.47	17.12	5.1	28.6	28.07	8.6	14.14	25.08	10.2	9.0	19.1	15.03	29.07	23.02	12.73	12.0	19.72	2.83	
16.76	36.12	18.79	6.08	24.33	24.02	19.31	2.24	19.0	28.16	25.94	16.55	0.0	29.41	24.35	28.43	4.24	24.02	2.0	17.12	19.03	22.36	29.15	26.25	25.0	27.89	8.25	17.72	25.96	27.17	30.68	17.26	8.06	29.43	8.6	24.08	22.36	7.81	31.89	15.81	16.12	8.25	25.63	12.17	15.13	24.52	18.25	28.86	29.83	17.89	27.66	6.32	13.0	19.72	11.66	16.12	24.7	10.0	30.36	29.68	10.3	9.22	6.08	6.0	27.8	30.46	24.08	15.81	3.61	19.24	
33.97	33.02	11.05	23.41	40.8	8.94	10.2	29.15	39.6	6.0	21.59	13.15	29.41	0.0	17.72	32.57	27.73	42.64	30.08	13.04	38.9	44.55	24.19	3.16	4.47	2.24	26.02	34.71	16.28	6.08	19.03	36.07	32.06	14.04	28.02	26.93	39.2	22.36	30.27	15.0	13.89	31.06	4.0	33.42	35.38	5.66	15.62	2.0	2.24	12.04	15.03	24.6	31.14	21.95	18.25	39.05	33.54	20.12	1.0	25.18	23.0	22.09	30.89	28.16	32.89	21.0	11.7	19.1	32.31	11.0	
19.7	16.49	17.09	19.24	24.84	9.06	15.81	22.8	25.5	12.08	4.0	17.0	24.35	17.72	0.0	14.87	20.62	27.2	23.77	11.66	24.6	30.41	7.28	16.12	15.03	15.52	26.4	20.12	2.24	11.7	6.32	21.93	30.89	6.71	18.03	9.43	23.6	21.4	13.04	19.72	12.21	21.0	17.03	21.38	22.14	13.04	7.07	15.81	16.16	17.46	4.47	18.03	18.44	6.32	19.1	26.25	16.4	15.26	18.03	8.25	24.76	22.67	22.09	26.93	15.23	6.4	6.08	8.54	25.5	18.03	
14.32	9.22	30.02	25.94	14.14	23.77	29.0	26.25	18.25	26.93	11.18	29.15	28.43	32.57	14.87	0.0	24.21	17.12	26.91	24.02	17.26	22.0	9.9	30.81	29.61	30.36	34.0	13.93	16.55	26.57	16.28	15.81	36.4	20.25	19.85	6.0	14.0	29.55	6.08	31.4	24.08	21.26	31.58	18.87	17.46	27.66	19.0	30.68	31.02	30.07	18.36	23.32	16.4	12.04	29.12	20.88	5.1	23.41	32.89	9.22	33.62	31.38	23.35	33.29	1.0	14.14	20.88	17.26	27.59	31.02	
13.15	31.89	17.8	5.0	21.02	21.38	18.03	2.24	16.28	25.71	21.93	15.62	4.24	27.73	20.62	24.21	0.0	21.1	3.16	14.87	16.12	20.25	25.06	24.6	23.26	26.0	11.05	14.14	22.36	24.74	26.93	14.0	12.21	26.08	4.47	19.85	19.03	8.54	27.66	15.62	13.93	5.1	24.19	9.06	12.04	22.47	15.0	26.93	27.86	17.03	24.19	3.16	9.22	15.65	11.4	13.93	20.59	7.62	28.64	25.55	12.17	10.44	3.61	9.49	23.6	26.57	21.02	12.17	5.0	18.44	
8.94	26.0	35.78	25.5	3.0	33.97	35.36	22.0	5.1	38.18	25.06	34.01	24.02	42.64	27.2	17.12	21.1	0.0	22.02	30.53	5.0	5.39	25.63	40.0	38.6	40.46	32.02	8.06	29.41	37.48	31.3	7.28	31.4	33.84	17.46	18.79	3.61	29.43	23.19	35.11	30.02	16.03	40.22	12.04	9.06	37.01	27.02	41.11	41.77	35.34	31.62	22.56	12.65	21.26	31.32	8.54	12.37	25.63	43.28	25.3	33.24	31.4	18.0	30.02	16.12	29.55	31.83	23.6	21.21	36.67	
14.87	34.83	19.72	6.71	22.36	24.19	20.12	1.0	17.0	28.44	25.08	17.49	2.0	30.08	23.77	26.91	3.16	22.02	0.0	17.46	17.03	20.4	28.18	26.93	25.63	28.46	10.2	15.81	25.5	27.46	30.08	15.3	9.85	29.15	7.07	22.8	20.4	9.22	30.61	17.03	16.49	6.32	26.4	10.2	13.15	25.0	18.03	29.41	30.36	18.87	27.29	6.0	11.18	18.79	12.81	14.14	23.02	10.2	31.02	28.65	12.08	10.82	4.12	8.0	26.25	29.73	24.0	15.3	2.24	20.25	
21.63	27.86	6.0	11.05	29.07	7.07	5.1	16.49	27.02	11.05	15.23	5.39	17.12	13.04	11.66	24.02	14.87	30.53	17.46	0.0	26.4	31.89	18.79	10.0	8.6	11.18	16.16	22.47	12.04	10.05	16.97	23.6	21.59	13.89	15.0	18.03	27.29	11.4	24.04	8.06	1.0	18.03	9.9	20.52	22.67	7.62	5.1	12.08	13.0	6.08	12.81	11.7	18.44	12.0	8.06	26.17	23.35	7.28	13.89	19.7	13.89	12.08	17.89	17.46	24.0	17.8	8.06	7.28	19.65	7.0	
5.0	26.48	31.38	20.62	5.83	30.48	31.06	17.0	1.0	34.83	23.09	29.53	19.03	38.9	24.6	17.26	16.12	5.0	17.03	26.4	0.0	5.83	24.33	36.12	34.71	36.77	27.02	4.47	26.83	34.06	29.41	2.83	26.48	31.3	12.65	17.26	4.24	24.52	23.09	30.46	25.81	11.05	36.24	7.07	4.12	33.24	23.35	37.48	38.21	30.89	29.07	17.72	8.06	18.36	26.57	4.24	12.17	21.02	39.6	24.19	28.28	26.48	13.0	25.02	16.28	27.89	28.6	19.8	16.28	32.25	
10.82	31.06	36.62	25.08	8.25	36.24	36.4	20.62	5.0	40.61	28.79	34.67	22.36	44.55	30.41	22.0	20.25	5.39	20.4	31.89	5.83	0.0	29.83	41.73	40.31	42.45	30.59	10.3	32.65	39.82	35.11	8.6	29.0	37.12	17.49	22.8	8.0	28.79	28.02	35.36	31.24	15.23	41.77	11.66	9.22	38.9	29.07	43.19	43.93	36.06	34.89	22.36	13.45	24.19	31.3	6.32	17.03	26.08	45.28	29.61	32.28	30.68	16.76	28.28	21.0	33.53	34.41	25.5	19.1	37.44	
20.02	9.22	24.35	24.84	22.85	16.03	23.09	27.29	25.32	18.25	3.61	24.17	29.15	24.19	7.28	9.9	25.06	25.63	28.18	18.79	24.33	29.83	0.0	23.0	22.02	22.09	32.53	20.1	8.0	18.11	6.4	22.09	36.4	10.77	21.54	7.07	22.14	27.59	6.08	26.83	19.24	24.04	24.02	23.19	23.0	20.02	13.89	22.2	22.36	24.7	9.22	23.02	20.22	9.43	25.81	27.02	13.42	21.21	24.33	1.0	31.24	29.07	25.63	32.65	10.63	4.24	13.04	14.14	29.55	25.3	
31.24	32.06	8.0	20.25	38.28	7.07	7.07	26.0	36.8	5.83	20.1	10.05	26.25	3.16	16.12	30.81	24.6	40.0	26.93	10.0	36.12	41.73	23.0	0.0	1.41	2.24	23.0	32.02	15.0	5.39	18.44	33.3	29.02	13.6	25.0	25.0	36.62	19.24	29.02	12.04	10.82	28.02	1.41	30.48	32.53	3.16	13.04	3.16	4.12	9.0	14.14	21.47	28.28	19.7	15.13	36.12	31.38	17.0	4.12	24.0	20.02	19.03	27.78	25.08	31.05	20.22	10.05	16.4	29.15	8.06	
29.83	31.14	7.07	18.97	36.89	6.0	6.0	24.7	35.38	5.66	19.03	9.0	25.0	4.47	15.03	29.61	23.26	38.6	25.63	8.6	34.71	40.31	22.02	1.41	0.0	3.0	22.02	30.61	14.04	5.0	17.72	31.89	28.0	13.0	23.6	23.77	35.23	18.11	28.0	11.18	9.43	26.63	2.0	29.07	31.11	2.0	11.66	4.0	5.0	8.06	13.34	20.12	26.87	18.38	14.04	34.71	30.08	15.65	5.39	23.02	19.1	18.0	26.42	24.02	29.83	19.42	9.0	15.0	27.86	7.28	
31.83	31.0	10.05	21.84	38.6	6.71	9.0	27.51	37.48	4.12	19.42	12.0	27.89	2.24	15.52	30.36	26.0	40.46	28.46	11.18	36.77	42.45	22.09	2.24	3.0	0.0	25.02	32.56	14.14	4.0	17.12	33.94	31.0	12.17	26.08	24.7	37.01	21.1	28.16	14.14	12.08	29.15	3.61	31.4	33.3	3.61	13.45	1.0	2.0	11.05	13.0	22.85	29.07	19.72	17.03	37.01	31.3	18.38	2.83	23.09	22.09	21.0	29.07	27.02	30.68	19.03	9.49	16.97	30.68	10.2	
24.19	40.61	15.0	8.06	32.06	23.09	16.03	10.05	27.07	26.48	29.0	13.04	8.25	26.02	26.4	34.0	11.05	32.02	10.2	16.16	27.02	30.59	32.53	23.0	22.02	25.02	0.0	25.18	27.46	25.5	32.45	25.02	6.08	29.97	15.3	28.84	30.07	5.0	36.4	11.05	15.23	16.0	22.02	20.0	23.0	22.2	19.42	26.02	27.02	14.0	28.65	10.77	20.22	23.43	8.25	24.33	31.02	11.31	27.02	33.24	3.16	4.12	14.04	2.83	33.54	32.8	24.17	18.38	11.7	15.03	
1.0	23.09	27.73	18.03	7.07	26.17	27.29	15.52	5.39	30.48	18.68	26.0	17.72	34.71	20.12	13.93	14.14	8.06	15.81	22.47	4.47	10.3	20.1	32.02	30.61	32.56	25.18	0.0	22.36	29.73	25.0	2.0	25.63	26.83	10.0	13.04	5.1	22.02	19.42	27.2	21.95	9.49	32.2	5.83	3.61	29.07	19.1	33.24	33.94	27.31	24.6	15.03	5.0	13.89	23.54	7.07	8.94	17.72	35.38	20.02	26.0	24.02	11.7	23.54	13.0	23.54	24.21	15.62	15.65	28.64	
21.93	17.12	17.0	20.62	27.02	8.06	15.65	24.52	27.73	10.44	5.39	17.2	25.96	16.28	2.24	16.55	22.36	29.41	25.5	12.04	26.83	32.65	8.0	15.0	14.04	14.14	27.46	22.36	0.0	10.2	5.0	24.17	32.2	4.47	20.0	11.4	25.81	22.47	14.04	20.0	12.73	23.02	16.03	23.54	24.35	12.04	8.06	14.32	14.56	17.49	2.24	19.65	20.62	8.54	19.85	28.46	18.44	16.55	16.49	9.0	25.61	23.6	24.02	28.18	17.0	5.83	5.1	10.2	27.29	17.89	
29.07	27.0	11.18	21.1	35.47	3.61	9.85	26.48	34.83	1.0	15.52	12.65	27.17	6.08	11.7	26.57	24.74	37.48	27.46	10.05	34.06	39.82	18.11	5.39	5.0	4.0	25.5	29.73	10.2	0.0	13.15	31.24	31.26	8.25	24.17	21.02	33.97	21.1	24.19	15.23	11.05	27.31	6.71	29.15	30.81	3.61	10.82	4.12	4.47	12.08	9.0	21.59	26.63	16.4	17.26	34.67	27.78	17.26	6.32	19.1	22.8	21.38	27.51	27.17	26.93	15.03	5.83	14.42	29.61	11.66	
24.74	14.14	21.63	25.5	28.65	12.08	20.25	29.12	30.36	13.04	6.32	22.02	30.68	19.03	6.32	16.28	26.93	31.3	30.08	16.97	29.41	35.11	6.4	18.44	17.72	17.12	32.45	25.0	5.0	13.15	0.0	26.93	37.12	5.0	24.19	12.53	27.73	27.46	12.08	24.84	17.69	27.07	19.65	27.07	27.46	15.81	13.04	17.03	17.0	22.2	4.47	24.35	24.08	12.0	24.84	31.58	19.42	21.47	19.0	7.21	30.61	28.6	28.28	33.12	16.97	2.24	9.43	14.87	31.78	22.47	
2.24	25.0	28.65	18.25	7.07	27.66	28.3	15.13	3.61	32.02	20.62	26.83	17.26	36.07	21.93	15.81	14.0	7.28	15.3	23.6	2.83	8.6	22.09	33.3	31.89	33.94	25.02	2.0	24.17	31.24	26.93	0.0	25.0	28.64	10.2	15.03	5.1	22.2	21.38	27.86	23.02	9.06	33.42	5.1	2.24	30.41	20.52	34.66	35.38	28.18	26.4	15.3	5.39	15.65	24.04	5.1	10.77	18.38	36.77	22.02	26.08	24.19	11.18	23.19	14.87	25.5	25.81	16.97	14.87	29.53	
24.7	43.84	21.02	11.66	32.02	28.64	22.0	10.3	26.31	32.25	33.02	19.0	8.06	32.06	30.89	36.4	12.21	31.4	9.85	21.59	26.48	29.0	36.4	29.02	28.0	31.0	6.08	25.63	32.2	31.26	37.12	25.0	0.0	35.11	16.64	31.83	30.08	10.2	39.6	17.12	20.62	16.16	28.07	19.92	22.8	28.07	24.17	32.0	33.0	20.02	33.62	13.45	21.02	27.02	14.04	23.09	32.76	15.65	33.06	37.01	9.22	10.0	13.93	4.12	35.81	37.22	29.41	22.47	10.2	21.1	
26.4	19.1	17.69	23.77	31.4	7.81	16.28	28.16	32.2	8.06	9.22	18.44	29.43	14.04	6.71	20.25	26.08	33.84	29.15	13.89	31.3	37.12	10.77	13.6	13.0	12.17	29.97	26.83	4.47	8.25	5.0	28.64	35.11	0.0	24.08	15.56	30.23	25.08	16.76	21.26	14.76	27.17	14.87	27.89	28.79	11.18	11.18	12.04	12.0	18.38	2.24	23.19	25.0	13.0	21.95	32.89	22.63	19.65	14.0	11.7	27.78	25.94	28.02	31.02	20.81	7.07	5.83	14.0	31.06	18.44	
9.0	27.8	19.21	8.06	17.03	20.62	19.1	6.4	13.0	25.08	18.68	17.2	8.6	28.02	18.03	19.85	4.47	17.46	7.07	15.0	12.65	17.49	21.54	25.0	23.6	26.08	15.3	10.0	20.0	24.17	24.19	10.2	16.64	24.08	0.0	15.81	15.03	12.04	23.6	17.89	14.21	3.16	24.84	5.83	8.54	22.47	13.6	26.93	27.78	18.6	22.02	5.1	5.0	12.37	13.93	11.4	16.12	8.6	28.84	21.93	16.0	14.04	4.12	13.93	19.21	23.54	19.65	10.2	8.06	20.0	
13.0	12.04	24.02	20.81	16.12	18.03	23.0	22.02	18.25	21.47	6.4	23.19	24.08	26.93	9.43	6.0	19.85	18.79	22.8	18.03	17.26	22.8	7.07	25.0	23.77	24.7	28.84	13.04	11.4	21.02	12.53	15.03	31.83	15.56	15.81	0.0	15.23	24.19	7.81	25.5	18.11	17.89	25.71	16.49	16.03	21.84	13.0	25.08	25.5	24.08	13.45	18.44	13.6	6.08	23.41	20.0	7.07	17.89	27.31	7.0	28.18	25.94	19.72	28.43	6.08	10.77	15.23	11.4	23.85	25.02	
6.08	23.09	32.7	23.09	2.0	30.48	32.2	20.22	5.0	34.66	21.47	31.02	22.36	39.2	23.6	14.0	19.03	3.61	20.4	27.29	4.24	8.0	22.14	36.62	35.23	37.01	30.07	5.1	25.81	33.97	27.73	5.1	30.08	30.23	15.03	15.23	0.0	27.07	20.02	32.28	26.83	14.14	36.89	10.2	7.28	33.6	23.6	37.64	38.29	32.31	28.02	20.1	10.05	17.69	28.64	8.49	9.06	22.8	39.82	21.84	31.02	29.07	16.28	28.28	13.0	26.0	28.28	20.25	19.92	33.62	
21.02	35.81	11.4	4.0	29.07	18.44	12.17	8.6	24.74	22.09	24.04	9.22	7.81	22.36	21.4	29.55	8.54	29.43	9.22	11.4	24.52	28.79	27.59	19.24	18.11	21.1	5.0	22.02	22.47	21.1	27.46	22.2	10.2	25.08	12.04	24.19	27.07	0.0	31.62	8.06	10.44	13.6	18.44	17.46	20.4	18.0	14.42	22.09	23.09	10.44	23.71	7.0	17.03	18.6	4.12	22.47	26.93	6.4	23.35	28.32	4.12	2.0	12.08	6.08	29.15	27.8	19.31	13.45	11.31	11.7	
19.65	4.24	29.83	28.43	20.22	22.0	28.64	29.83	24.08	24.33	9.06	29.41	31.89	30.27	13.04	6.08	27.66	23.19	30.61	24.04	23.09	28.02	6.08	29.02	28.0	28.16	36.4	19.42	14.04	24.19	12.08	21.38	39.6	16.76	23.6	7.81	20.02	31.62	0.0	31.95	24.35	25.55	30.0	23.77	22.8	26.0	18.97	28.28	28.44	30.08	15.3	26.17	21.02	13.04	30.41	26.48	11.0	25.24	30.41	5.1	35.51	33.29	27.46	36.12	7.07	9.85	19.0	18.36	31.62	30.81	
26.25	35.85	4.12	10.63	34.21	13.6	5.39	16.28	30.87	16.16	23.26	2.83	15.81	15.0	19.72	31.4	15.62	35.11	17.03	8.06	30.46	35.36	26.83	12.04	11.18	14.14	11.05	27.2	20.0	15.23	24.84	27.86	17.12	21.26	17.89	25.5	32.28	8.06	31.95	0.0	7.62	20.25	11.0	23.71	26.4	11.7	13.0	15.13	16.12	3.16	20.52	13.04	22.47	19.42	4.24	29.15	30.0	9.49	16.0	27.73	8.0	7.28	19.21	13.34	31.26	25.81	15.56	14.14	19.21	4.0	
21.1	28.23	6.08	10.05	28.64	8.06	5.39	15.52	26.4	12.04	15.65	5.1	16.12	13.89	12.21	24.08	13.93	30.02	16.49	1.0	25.81	31.24	19.24	10.82	9.43	12.08	15.23	21.95	12.73	11.05	17.69	23.02	20.62	14.76	14.21	18.11	26.83	10.44	24.35	7.62	0.0	17.2	10.63	19.8	22.02	8.54	5.39	13.0	13.93	6.0	13.6	10.77	17.8	12.04	7.21	25.46	23.19	6.32	14.76	20.12	13.04	11.18	17.0	16.49	24.02	18.44	8.94	7.07	18.68	7.07	
8.54	29.68	21.93	9.85	16.12	23.77	21.93	6.08	11.18	28.23	21.38	19.85	8.25	31.06	21.0	21.26	5.1	16.03	6.32	18.03	11.05	15.23	24.04	28.02	26.63	29.15	16.0	9.49	23.02	27.31	27.07	9.06	16.16	27.17	3.16	17.89	14.14	13.6	25.55	20.25	17.2	0.0	27.8	4.0	7.0	25.55	16.76	30.02	30.89	21.26	25.08	7.21	5.0	15.13	16.12	8.94	17.03	11.31	31.91	24.35	17.26	15.52	2.24	14.14	20.52	26.31	22.8	13.34	6.4	22.67	
31.4	33.14	7.07	19.7	38.59	8.0	6.32	25.5	36.88	7.21	21.02	9.22	25.63	4.0	17.03	31.58	24.19	40.22	26.4	9.9	36.24	41.77	24.02	1.41	2.0	3.61	22.02	32.2	16.03	6.71	19.65	33.42	28.07	14.87	24.84	25.71	36.89	18.44	30.0	11.0	10.63	27.8	0.0	30.41	32.56	4.0	13.42	4.47	5.39	8.06	15.3	21.1	28.32	20.25	14.32	36.07	31.95	16.64	5.0	25.02	19.0	18.11	27.46	24.19	31.78	21.38	11.0	16.64	28.64	7.0	
5.0	27.73	25.0	13.6	12.17	25.55	24.84	10.05	7.28	30.02	21.0	23.02	12.17	33.42	21.38	18.87	9.06	12.04	10.2	20.52	7.07	11.66	23.19	30.48	29.07	31.4	20.0	5.83	23.54	29.15	27.07	5.1	19.92	27.89	5.83	16.49	10.2	17.46	23.77	23.71	19.8	4.0	30.41	0.0	3.0	27.8	18.36	32.2	33.02	24.41	25.71	10.77	3.0	15.13	19.7	5.66	14.21	14.42	34.21	23.35	21.21	19.42	6.08	18.11	18.03	26.0	24.17	14.76	9.85	25.81	
3.16	26.57	27.46	16.49	9.22	27.2	27.2	13.04	4.47	31.62	21.21	25.55	15.13	35.38	22.14	17.46	12.04	9.06	13.15	22.67	4.12	9.22	23.0	32.53	31.11	33.3	23.0	3.61	24.35	30.81	27.46	2.24	22.8	28.79	8.54	16.03	7.28	20.4	22.8	26.4	22.02	7.0	32.56	3.0	0.0	29.73	20.0	34.06	34.83	26.93	26.57	13.6	4.24	15.81	22.47	4.12	12.53	17.0	36.12	23.02	24.19	22.36	9.06	21.1	16.55	26.17	25.55	16.4	12.65	28.3	
28.32	29.15	7.62	18.44	35.23	4.0	6.32	24.04	33.94	4.47	17.03	9.22	24.52	5.66	13.04	27.66	22.47	37.01	25.0	7.62	33.24	38.9	20.02	3.16	2.0	3.61	22.2	29.07	12.04	3.61	15.81	30.41	28.07	11.18	22.47	21.84	33.6	18.0	26.0	11.7	8.54	25.55	4.0	27.8	29.73	0.0	10.0	4.47	5.39	8.54	11.4	19.31	25.5	16.55	14.04	33.42	28.23	14.87	6.4	21.02	19.42	18.11	25.5	24.02	27.89	17.46	7.0	13.45	27.2	8.06	
18.38	22.85	11.05	12.65	25.24	7.21	10.0	17.03	24.08	11.66	10.3	10.44	18.25	15.62	7.07	19.0	15.0	27.02	18.03	5.1	23.35	29.07	13.89	13.04	11.66	13.45	19.42	19.1	8.06	10.82	13.04	20.52	24.17	11.18	13.6	13.0	23.6	14.42	18.97	13.0	5.39	16.76	13.42	18.36	20.0	10.0	0.0	14.14	14.87	11.18	9.49	12.04	15.81	7.07	12.04	23.85	18.68	8.54	16.28	14.76	17.69	15.62	17.26	20.12	19.03	13.45	6.08	3.61	20.0	12.04	
32.53	31.02	11.05	22.8	39.2	7.21	10.0	28.46	38.21	4.0	19.65	13.0	28.86	2.0	15.81	30.68	26.93	41.11	29.41	12.08	37.48	43.19	22.2	3.16	4.0	1.0	26.02	33.24	14.32	4.12	17.03	34.66	32.0	12.04	26.93	25.08	37.64	22.09	28.28	15.13	13.0	30.02	4.47	32.2	34.06	4.47	14.14	0.0	1.0	12.04	13.04	23.77	29.83	20.25	18.03	37.8	31.76	19.31	2.24	23.19	23.09	22.0	29.97	28.02	31.02	19.0	9.85	17.69	31.62	11.18	
33.24	31.06	12.04	23.77	39.82	7.81	11.0	29.41	38.95	4.12	19.92	14.0	29.83	2.24	16.16	31.02	27.86	41.77	30.36	13.0	38.21	43.93	22.36	4.12	5.0	2.0	27.02	33.94	14.56	4.47	17.0	35.38	33.0	12.0	27.78	25.5	38.29	23.09	28.44	16.12	13.93	30.89	5.39	33.02	34.83	5.39	14.87	1.0	0.0	13.04	13.15	24.7	30.61	20.81	19.03	38.6	32.25	20.25	2.0	23.35	24.08	23.0	30.87	29.02	31.38	19.03	10.3	18.44	32.57	12.17	
26.4	33.84	1.0	12.21	34.18	10.63	2.24	18.03	31.38	13.0	21.19	1.41	17.89	12.04	17.46	30.07	17.03	35.34	18.87	6.08	30.89	36.06	24.7	9.0	8.06	11.05	14.0	27.31	17.49	12.08	22.2	28.18	20.02	18.38	18.6	24.08	32.31	10.44	30.08	3.16	6.0	21.26	8.06	24.41	26.93	8.54	11.18	12.04	13.04	0.0	17.8	14.14	22.83	18.03	6.32	30.0	29.15	10.0	13.04	25.63	11.05	10.05	20.52	16.12	30.02	23.32	12.81	13.04	21.1	1.41	
24.17	18.0	17.2	22.14	29.21	7.62	15.81	26.31	29.97	9.06	7.21	17.69	27.66	15.03	4.47	18.36	24.19	31.62	27.29	12.81	29.07	34.89	9.22	14.14	13.34	13.0	28.65	24.6	2.24	9.0	4.47	26.4	33.62	2.24	22.02	13.45	28.02	23.71	15.3	20.52	13.6	25.08	15.3	25.71	26.57	11.4	9.49	13.04	13.15	17.8	0.0	21.38	22.8	10.77	20.81	30.68	20.52	18.03	15.13	10.2	26.63	24.7	26.0	29.55	18.87	6.08	5.0	12.04	29.15	18.03	
14.04	30.41	14.87	3.0	22.09	18.25	15.0	5.0	18.03	22.56	19.72	12.73	6.32	24.6	18.03	23.32	3.16	22.56	6.0	11.7	17.72	22.36	23.02	21.47	20.12	22.85	10.77	15.03	19.65	21.59	24.35	15.3	13.45	23.19	5.1	18.44	20.1	7.0	26.17	13.04	10.77	7.21	21.1	10.77	13.6	19.31	12.04	23.77	24.7	14.14	21.38	0.0	10.05	13.6	8.94	16.12	20.25	4.47	25.5	23.6	11.05	9.0	6.4	10.0	22.83	24.17	18.0	9.49	8.06	15.56	
4.0	25.06	23.32	13.04	12.04	23.02	23.02	10.77	8.6	27.46	18.0	21.47	13.0	31.14	18.44	16.4	9.22	12.65	11.18	18.44	8.06	13.45	20.22	28.28	26.87	29.07	20.22	5.0	20.62	26.63	24.08	5.39	21.02	25.0	5.0	13.6	10.05	17.03	21.02	22.47	17.8	5.0	28.32	3.0	4.24	25.5	15.81	29.83	30.61	22.83	22.8	10.05	0.0	12.17	18.68	8.06	12.04	13.0	31.89	20.4	21.0	19.03	7.21	18.68	15.62	23.0	21.47	12.21	11.4	24.19	
13.42	17.2	18.0	15.56	19.1	13.04	17.03	17.89	19.24	17.03	6.32	17.12	19.72	21.95	6.32	12.04	15.65	21.26	18.79	12.0	18.36	24.19	9.43	19.7	18.38	19.72	23.43	13.89	8.54	16.4	12.0	15.65	27.02	13.0	12.37	6.08	17.69	18.6	13.04	19.42	12.04	15.13	20.25	15.13	15.81	16.55	7.07	20.25	20.81	18.03	10.77	13.6	12.17	0.0	17.46	19.92	11.7	12.21	22.47	10.0	22.47	20.25	16.49	23.35	12.0	11.18	10.63	5.39	20.25	19.0	
22.56	34.48	7.28	6.4	30.59	14.87	8.06	12.04	26.93	18.25	22.2	5.1	11.66	18.25	19.1	29.12	11.4	31.32	12.81	8.06	26.57	31.3	25.81	15.13	14.04	17.03	8.25	23.54	19.85	17.26	24.84	24.04	14.04	21.95	13.93	23.41	28.64	4.12	30.41	4.24	7.21	16.12	14.32	19.7	22.47	14.04	12.04	18.03	19.03	6.32	20.81	8.94	18.68	17.46	0.0	25.06	27.17	6.0	19.24	26.63	5.83	4.12	15.0	10.0	28.86	25.46	16.12	12.08	15.0	7.62	
7.0	30.08	30.61	18.79	10.0	31.06	30.48	14.32	3.61	35.51	25.32	28.6	16.12	39.05	26.25	20.88	13.93	8.54	14.14	26.17	4.24	6.32	27.02	36.12	34.71	37.01	24.33	7.07	28.46	34.67	31.58	5.1	23.09	32.89	11.4	20.0	8.49	22.47	26.48	29.15	25.46	8.94	36.07	5.66	4.12	33.42	23.85	37.8	38.6	30.0	30.68	16.12	8.06	19.92	25.06	0.0	15.81	20.0	39.82	27.0	25.96	24.35	10.44	22.09	19.92	30.27	29.53	20.25	13.0	31.4	
9.43	14.32	29.27	23.09	9.49	24.6	28.44	22.47	13.15	28.3	13.45	28.07	24.7	33.54	16.4	5.1	20.59	12.37	23.02	23.35	12.17	17.03	13.42	31.38	30.08	31.3	31.02	8.94	18.44	27.78	19.42	10.77	32.76	22.63	16.12	7.07	9.06	26.93	11.0	30.0	23.19	17.03	31.95	14.21	12.53	28.23	18.68	31.76	32.25	29.15	20.52	20.25	12.04	11.7	27.17	15.81	0.0	21.21	34.0	13.0	31.05	28.86	19.21	29.97	4.12	17.49	21.95	16.12	23.43	30.27	
16.76	29.41	10.63	4.12	24.74	14.04	10.63	9.22	21.47	18.25	17.69	8.6	10.0	20.12	15.26	23.41	7.62	25.63	10.2	7.28	21.02	26.08	21.21	17.0	15.65	18.38	11.31	17.72	16.55	17.26	21.47	18.38	15.65	19.65	8.6	17.89	22.8	6.4	25.24	9.49	6.32	11.31	16.64	14.42	17.0	14.87	8.54	19.31	20.25	10.0	18.03	4.47	13.0	12.21	6.0	20.0	21.21	0.0	21.02	21.93	10.3	8.06	10.82	11.66	23.09	21.63	14.14	7.07	12.37	11.4	
34.66	33.06	12.04	24.35	41.4	9.43	11.18	30.08	40.31	6.08	21.84	14.14	30.36	1.0	18.03	32.89	28.64	43.28	31.02	13.89	39.6	45.28	24.33	4.12	5.39	2.83	27.02	35.38	16.49	6.32	19.0	36.77	33.06	14.0	28.84	27.31	39.82	23.35	30.41	16.0	14.76	31.91	5.0	34.21	36.12	6.4	16.28	2.24	2.0	13.04	15.13	25.5	31.89	22.47	19.24	39.82	34.0	21.02	0.0	25.32	24.0	23.09	31.76	29.15	33.24	21.02	12.08	19.8	33.24	12.0	
20.0	8.25	25.3	25.5	22.47	17.03	24.04	27.78	25.18	19.24	4.47	25.08	29.68	25.18	8.25	9.22	25.55	25.3	28.65	19.7	24.19	29.61	1.0	24.0	23.02	23.09	33.24	20.02	9.0	19.1	7.21	22.02	37.01	11.7	21.93	7.0	21.84	28.32	5.1	27.73	20.12	24.35	25.02	23.35	23.02	21.02	14.76	23.19	23.35	25.63	10.2	23.6	20.4	10.0	26.63	27.0	13.0	21.93	25.32	0.0	32.02	29.83	26.0	33.3	10.0	5.0	14.04	14.87	29.97	26.25	
25.0	39.66	12.04	8.06	33.02	20.62	13.15	11.7	28.44	23.77	27.66	10.2	10.3	23.0	24.76	33.62	12.17	33.24	12.08	13.89	28.28	32.28	31.24	20.02	19.1	22.09	3.16	26.0	25.61	22.8	30.61	26.08	9.22	27.78	16.0	28.18	31.02	4.12	35.51	8.0	13.04	17.26	19.0	21.21	24.19	19.42	17.69	23.09	24.08	11.05	26.63	11.05	21.0	22.47	5.83	25.96	31.05	10.3	24.0	32.02	0.0	2.24	15.52	5.83	33.24	31.14	21.95	17.2	13.89	12.0	
23.02	37.44	11.05	6.0	31.06	18.97	12.0	10.3	26.68	22.36	25.5	9.0	9.22	22.09	22.67	31.38	10.44	31.4	10.82	12.08	26.48	30.68	29.07	19.03	18.0	21.0	4.12	24.02	23.6	21.38	28.6	24.19	10.0	25.94	14.04	25.94	29.07	2.0	33.29	7.28	11.18	15.52	18.11	19.42	22.36	18.11	15.62	22.0	23.0	10.05	24.7	9.0	19.03	20.25	4.12	24.35	28.86	8.06	23.09	29.83	2.24	0.0	13.93	6.08	31.02	29.07	20.12	15.0	12.81	11.18	
10.77	31.62	21.26	8.6	18.25	24.04	21.4	4.0	13.04	28.46	22.8	19.1	6.08	30.89	22.09	23.35	3.61	18.0	4.12	17.89	13.0	16.76	25.63	27.78	26.42	29.07	14.04	11.7	24.02	27.51	28.28	11.18	13.93	28.02	4.12	19.72	16.28	12.08	27.46	19.21	17.0	2.24	27.46	6.08	9.06	25.5	17.26	29.97	30.87	20.52	26.0	6.4	7.21	16.49	15.0	10.44	19.21	10.82	31.76	26.0	15.52	13.93	0.0	12.04	22.63	27.66	23.35	14.04	4.24	21.93	
22.56	40.36	17.12	7.81	30.27	24.52	18.03	8.06	25.0	28.16	29.21	15.03	6.0	28.16	26.93	33.29	9.49	30.02	8.0	17.46	25.02	28.28	32.65	25.08	24.02	27.02	2.83	23.54	28.18	27.17	33.12	23.19	4.12	31.02	13.93	28.43	28.28	6.08	36.12	13.34	16.49	14.14	24.19	18.11	21.1	24.02	20.12	28.02	29.02	16.12	29.55	10.0	18.68	23.35	10.0	22.09	29.97	11.66	29.15	33.3	5.83	6.08	12.04	0.0	32.76	33.29	25.3	18.6	9.22	17.26	
13.42	10.2	30.0	25.5	13.15	24.04	29.02	25.61	17.26	27.31	11.66	29.07	27.8	32.89	15.23	1.0	23.6	16.12	26.25	24.0	16.28	21.0	10.63	31.05	29.83	30.68	33.54	13.0	17.0	26.93	16.97	14.87	35.81	20.81	19.21	6.08	13.0	29.15	7.07	31.26	24.02	20.52	31.78	18.03	16.55	27.89	19.03	31.02	31.38	30.02	18.87	22.83	15.62	12.0	28.86	19.92	4.12	23.09	33.24	10.0	33.24	31.02	22.63	32.76	0.0	14.87	21.19	17.12	26.87	31.0	
23.35	12.04	22.83	25.55	26.83	13.6	21.47	28.79	28.86	15.0	5.0	23.02	30.46	21.0	6.4	14.14	26.57	29.55	29.73	17.8	27.89	33.53	4.24	20.22	19.42	19.03	32.8	23.54	5.83	15.03	2.24	25.5	37.22	7.07	23.54	10.77	26.0	27.8	9.85	25.81	18.44	26.31	21.38	26.0	26.17	17.46	13.45	19.0	19.03	23.32	6.08	24.17	23.0	11.18	25.46	30.27	17.49	21.63	21.02	5.0	31.14	29.07	27.66	33.29	14.87	0.0	10.77	14.76	31.32	23.71	
23.6	22.2	12.21	18.25	29.73	3.0	10.82	23.0	29.41	6.4	10.05	12.73	24.08	11.7	6.08	20.88	21.02	31.83	24.0	8.06	28.6	34.41	13.04	10.05	9.0	9.49	24.17	24.21	5.1	5.83	9.43	25.81	29.41	5.83	19.65	15.23	28.28	19.31	19.0	15.56	8.94	22.8	11.0	24.17	25.55	7.0	6.08	9.85	10.3	12.81	5.0	18.0	21.47	10.63	16.12	29.53	21.95	14.14	12.08	14.04	21.95	20.12	23.35	25.3	21.19	10.77	0.0	9.49	26.02	13.04	
14.87	22.47	13.15	10.82	21.95	10.82	12.37	14.32	20.52	15.26	10.63	12.0	15.81	19.1	8.54	17.26	12.17	23.6	15.3	7.28	19.8	25.5	14.14	16.4	15.0	16.97	18.38	15.62	10.2	14.42	14.87	16.97	22.47	14.0	10.2	11.4	20.25	13.45	18.36	14.14	7.07	13.34	16.64	14.76	16.4	13.45	3.61	17.69	18.44	13.04	12.04	9.49	12.21	5.39	12.08	20.25	16.12	7.07	19.8	14.87	17.2	15.0	14.04	18.6	17.12	14.76	9.49	0.0	17.12	14.14	
14.76	35.81	21.95	8.94	21.84	26.31	22.36	3.16	16.12	30.59	26.57	19.72	3.61	32.31	25.5	27.59	5.0	21.21	2.24	19.65	16.28	19.1	29.55	29.15	27.86	30.68	11.7	15.65	27.29	29.61	31.78	14.87	10.2	31.06	8.06	23.85	19.92	11.31	31.62	19.21	18.68	6.4	28.64	9.85	12.65	27.2	20.0	31.62	32.57	21.1	29.15	8.06	11.4	20.25	15.0	13.0	23.43	12.37	33.24	29.97	13.89	12.81	4.24	9.22	26.87	31.32	26.02	17.12	0.0	22.47	
27.73	34.48	1.0	13.6	35.47	10.63	2.24	19.42	32.76	12.53	21.84	2.83	19.24	11.0	18.03	31.02	18.44	36.67	20.25	7.0	32.25	37.44	25.3	8.06	7.28	10.2	15.03	28.64	17.89	11.66	22.47	29.53	21.1	18.44	20.0	25.02	33.62	11.7	30.81	4.0	7.07	22.67	7.0	25.81	28.3	8.06	12.04	11.18	12.17	1.41	18.03	15.56	24.19	19.0	7.62	31.4	30.27	11.4	12.0	26.25	12.0	11.18	21.93	17.26	31.0	23.71	13.04	14.14	22.47	0.0	
