70
0.0	34.01	27.51	24.33	28.16	28.84	31.95	4.0	9.06	22.14	14.04	22.8	14.76	23.43	32.06	21.0	17.8	30.53	35.36	21.63	31.3	24.41	43.14	42.45	33.54	20.0	20.62	32.2	20.0	23.77	23.09	19.42	14.0	33.53	20.4	19.24	24.0	19.1	22.02	30.0	20.81	16.0	15.0	22.8	20.0	31.76	1.0	35.51	13.0	45.28	15.81	15.62	25.08	19.1	14.87	6.08	1.0	19.42	38.08	26.93	23.85	31.38	20.02	31.38	30.15	23.02	29.53	16.4	29.41	32.57	
34.01	0.0	7.07	12.21	36.77	7.28	25.61	32.57	32.39	25.0	22.67	12.04	24.02	13.04	37.59	31.78	20.0	5.39	22.02	19.42	3.0	18.03	16.0	17.12	22.63	31.58	18.11	22.67	19.1	10.3	34.21	20.1	31.0	27.66	27.66	14.87	32.57	17.03	14.0	34.89	14.14	31.06	31.02	17.46	17.8	21.26	34.44	20.0	31.02	19.0	18.68	19.42	22.85	18.0	20.4	32.98	33.62	27.46	22.47	26.83	18.97	24.21	17.03	2.83	37.58	18.68	20.81	18.44	5.83	4.0	
27.51	7.07	0.0	5.39	34.67	7.28	25.81	26.48	27.0	22.47	15.62	5.0	19.42	10.0	36.24	28.64	15.81	7.0	23.77	16.64	5.39	16.28	21.59	22.2	23.71	28.23	14.76	23.32	15.65	4.0	31.3	16.55	26.48	28.02	24.6	9.0	30.02	12.65	10.3	33.42	9.49	26.93	26.68	15.0	10.82	21.95	27.86	22.14	26.31	24.52	13.0	14.04	21.26	13.93	15.03	27.17	27.2	24.17	25.0	25.5	17.03	24.41	10.0	4.24	35.81	16.4	20.81	13.04	2.0	5.1	
24.33	12.21	5.39	0.0	36.12	12.0	29.07	24.0	25.5	24.04	11.18	2.83	19.24	12.53	38.21	29.41	16.4	12.17	27.89	18.44	10.77	18.87	26.93	27.46	27.51	28.84	16.28	26.93	16.97	5.39	32.2	17.69	26.0	31.3	25.61	8.6	31.24	13.45	12.21	35.38	10.63	26.83	26.4	17.2	5.66	25.63	24.52	26.48	25.63	29.83	12.08	13.42	23.6	14.87	14.32	25.08	24.19	25.0	29.43	27.8	19.42	27.73	5.0	9.43	37.48	18.6	24.17	12.53	6.4	9.22	
28.16	36.77	34.67	36.12	0.0	29.55	14.14	24.19	19.1	12.21	33.62	33.3	18.03	24.7	4.12	7.62	19.8	31.38	20.22	18.03	34.01	18.79	34.06	32.14	18.11	8.54	20.0	17.03	19.21	31.4	5.1	18.44	14.32	13.6	10.63	27.59	5.0	22.67	24.41	3.61	25.61	12.37	13.34	19.72	36.24	18.0	29.15	22.09	15.3	34.37	24.84	23.43	13.93	21.26	22.8	22.09	27.17	11.4	22.56	10.2	17.89	15.03	35.47	35.78	2.0	18.36	17.12	24.08	36.36	38.47	
28.84	7.28	7.28	12.0	29.55	0.0	19.1	26.83	25.96	17.72	19.72	10.2	17.26	6.08	30.53	24.52	13.15	2.0	16.55	12.17	4.47	10.77	15.65	15.81	16.64	24.33	11.0	16.4	12.0	7.28	26.93	13.0	24.08	21.26	20.4	9.9	25.3	10.44	7.28	27.78	8.06	24.0	24.02	10.2	16.49	15.0	29.41	14.87	24.19	18.38	13.04	13.42	15.65	11.18	14.32	26.93	28.3	20.22	17.72	19.72	11.7	17.69	15.52	6.4	30.41	11.4	14.14	12.53	8.06	9.22	
31.95	25.61	25.81	29.07	14.14	19.1	0.0	28.23	24.19	9.85	31.14	26.4	17.46	16.55	13.15	14.21	16.0	20.52	6.08	12.04	23.35	10.44	20.0	18.03	4.0	14.87	14.14	3.16	14.04	23.71	14.76	14.0	19.42	2.24	12.21	21.84	12.53	17.26	17.09	11.0	18.97	17.8	18.6	12.37	31.32	4.47	32.89	8.0	20.25	20.22	21.1	20.02	7.07	16.12	20.0	26.83	31.02	13.04	8.54	5.66	10.2	1.41	30.36	25.46	14.0	11.18	5.0	20.1	27.02	28.28	
4.0	32.57	26.48	24.0	24.19	26.83	28.23	0.0	5.1	18.38	14.87	22.09	11.4	21.1	28.07	17.0	14.87	28.64	31.91	18.44	29.73	21.26	40.46	39.62	30.02	16.0	17.69	28.65	16.97	22.56	19.1	16.28	10.0	29.73	16.49	17.72	20.0	16.64	19.72	26.0	18.79	12.0	11.0	19.8	20.4	28.3	5.0	32.2	9.0	42.45	13.93	13.42	21.47	16.4	12.53	2.24	3.0	15.52	34.67	23.09	20.62	27.73	20.22	30.08	26.17	19.85	26.08	14.32	28.44	31.58	
9.06	32.39	27.0	25.5	19.1	25.96	24.19	5.1	0.0	14.42	18.03	23.19	8.94	19.92	23.02	12.04	13.0	27.89	28.43	15.81	29.43	18.6	38.28	37.2	26.4	11.05	15.65	25.0	14.76	23.0	14.04	13.89	5.1	25.5	12.08	18.0	15.03	15.52	18.68	21.02	18.25	7.07	6.08	17.49	22.85	24.84	10.05	29.0	4.12	40.0	14.0	13.04	17.8	14.87	12.04	3.0	8.06	11.18	31.24	18.79	17.8	23.85	22.47	30.15	21.1	17.2	22.67	14.04	29.0	32.02	
22.14	25.0	22.47	24.04	12.21	17.72	9.85	18.38	14.42	0.0	23.09	21.21	8.0	12.53	14.21	7.0	8.06	19.65	14.14	5.83	22.14	7.07	25.63	24.17	12.04	7.07	7.81	10.63	7.07	19.21	9.22	6.4	9.9	11.4	3.16	15.62	7.62	10.63	12.21	11.4	13.45	8.6	9.22	7.62	24.7	10.63	23.09	15.0	10.63	26.83	13.42	12.08	3.61	9.22	11.7	17.0	21.19	3.61	16.97	5.0	6.08	9.43	23.85	23.77	13.45	6.32	8.6	12.53	24.19	26.4	
14.04	22.67	15.62	11.18	33.62	19.72	31.14	14.87	18.03	23.09	0.0	10.63	15.65	16.49	36.67	26.08	15.3	20.81	32.14	19.1	20.52	21.0	35.36	35.34	31.02	25.24	17.03	30.0	17.12	12.81	28.84	17.26	20.52	33.24	23.26	10.44	28.65	14.0	15.3	34.01	13.34	22.02	21.26	19.0	6.08	29.02	14.0	31.4	19.8	38.01	10.05	11.18	24.33	15.03	11.4	16.55	14.14	22.36	34.37	27.89	21.02	30.07	6.32	19.85	35.36	20.02	27.0	11.05	17.2	20.25	
22.8	12.04	5.0	2.83	33.3	10.2	26.4	22.09	23.19	21.21	10.63	0.0	16.55	9.85	35.38	26.63	13.6	10.77	25.5	15.62	10.0	16.12	25.63	25.96	25.0	26.08	13.45	24.35	14.14	3.0	29.41	14.87	23.41	28.64	22.8	5.83	28.43	10.63	9.43	32.56	7.81	24.17	23.77	14.42	6.32	23.09	23.09	24.19	23.09	28.46	9.49	10.77	20.81	12.04	11.7	23.0	22.56	22.2	27.17	25.0	16.64	25.08	5.39	9.22	34.66	15.81	21.54	9.85	6.71	9.85	
14.76	24.02	19.42	19.24	18.03	17.26	17.46	11.4	8.94	8.0	15.65	16.55	0.0	11.18	21.02	10.63	4.12	19.24	20.59	7.07	21.02	9.9	29.41	28.43	18.79	9.9	6.71	17.46	5.83	15.52	13.45	5.0	7.07	19.24	7.62	10.77	13.04	7.0	10.05	18.38	10.05	7.62	7.28	8.6	18.38	17.0	15.65	20.81	7.0	31.24	7.21	5.83	10.44	6.08	5.0	10.63	13.89	6.71	23.32	13.0	9.22	16.76	17.69	22.02	19.72	8.49	14.76	6.71	21.38	24.19	
23.43	13.04	10.0	12.53	24.7	6.08	16.55	21.1	19.92	12.53	16.49	9.85	11.18	0.0	26.25	18.97	7.07	8.06	16.03	6.71	10.05	6.4	19.85	19.42	15.3	18.68	5.1	14.56	6.08	7.21	21.54	7.07	18.03	18.79	14.87	6.08	20.12	4.47	1.41	23.43	3.16	18.03	18.0	5.0	15.13	13.34	24.08	15.03	18.11	22.2	7.81	7.81	11.31	5.1	8.6	21.02	22.8	14.56	18.03	15.56	7.07	15.23	14.14	11.4	25.81	6.4	11.7	7.07	11.66	13.93	
32.06	37.59	36.24	38.21	4.12	30.53	13.15	28.07	23.02	14.21	36.67	35.38	21.02	26.25	0.0	11.18	22.2	32.25	19.03	19.8	34.99	20.0	33.06	31.02	17.12	12.17	21.93	16.28	21.26	33.24	9.0	20.62	18.11	12.0	13.42	29.83	8.25	24.84	26.17	2.83	27.59	16.12	17.12	21.26	38.83	17.46	33.06	21.1	19.1	33.02	27.46	26.08	15.0	23.43	25.55	26.02	31.06	14.32	21.02	10.82	19.21	14.32	38.01	36.89	2.24	19.85	17.09	26.63	37.8	39.66	
21.0	31.78	28.64	29.41	7.62	24.52	14.21	17.0	12.04	7.0	26.08	26.63	10.63	18.97	11.18	0.0	13.04	26.48	19.72	12.37	28.86	14.04	32.28	30.68	17.49	1.0	13.93	16.12	13.0	25.06	2.83	12.08	7.0	14.87	4.12	20.81	3.0	16.12	18.38	9.0	19.24	5.0	6.0	14.32	29.0	16.55	22.0	21.02	8.0	33.24	17.69	16.28	10.2	14.76	15.56	15.03	20.0	4.47	22.47	8.6	13.04	14.42	28.28	30.36	9.49	13.15	14.87	17.03	30.46	32.89	
17.8	20.0	15.81	16.4	19.8	13.15	16.0	14.87	13.0	8.06	15.3	13.6	4.12	7.07	22.2	13.04	0.0	15.13	18.03	4.12	17.0	6.71	25.61	24.76	16.49	12.53	2.83	15.3	2.24	12.08	15.81	2.0	11.0	18.03	9.22	7.81	14.87	3.16	6.0	19.42	6.32	11.18	11.05	5.0	16.64	14.56	18.6	17.89	11.05	27.59	5.39	4.12	9.06	2.0	4.0	14.42	17.03	8.6	20.62	12.65	6.32	15.03	15.81	18.11	21.26	5.39	12.37	4.47	17.72	20.4	
30.53	5.39	7.0	12.17	31.38	2.0	20.52	28.64	27.89	19.65	20.81	10.77	19.24	8.06	32.25	26.48	15.13	0.0	17.49	14.14	2.83	12.65	14.87	15.3	17.8	26.31	13.0	17.69	14.0	8.06	28.86	15.0	26.08	22.63	22.36	11.4	27.2	12.37	9.22	29.53	9.85	26.0	26.02	12.17	17.09	16.28	31.06	15.65	26.17	17.72	14.76	15.23	17.46	13.15	16.16	28.79	30.02	22.2	18.38	21.47	13.6	19.1	16.16	5.0	32.2	13.34	15.62	14.32	7.28	7.81	
35.36	22.02	23.77	27.89	20.22	16.55	6.08	31.91	28.43	14.14	32.14	25.5	20.59	16.03	19.03	19.72	18.03	17.49	0.0	13.93	20.25	11.4	14.04	12.0	2.24	20.25	15.52	3.61	15.81	22.56	20.62	16.16	24.04	7.07	17.03	22.0	18.38	18.25	17.0	17.03	19.0	22.67	23.35	13.34	31.14	3.61	36.24	2.24	24.76	14.14	22.36	21.59	10.63	17.46	21.84	30.81	34.48	17.69	2.83	11.18	11.7	5.39	30.15	22.47	20.02	12.65	5.83	21.38	24.6	25.24	
21.63	19.42	16.64	18.44	18.03	12.17	12.04	18.44	15.81	5.83	19.1	15.62	7.07	6.71	19.8	12.37	4.12	14.14	13.93	0.0	16.49	2.83	22.47	21.4	12.37	12.17	2.24	11.18	2.0	13.45	14.87	2.24	12.65	14.14	8.25	10.3	13.42	5.39	6.4	16.97	7.81	12.17	12.37	2.0	19.7	10.44	22.47	13.89	13.0	24.21	9.06	8.0	5.39	4.12	8.06	17.69	20.81	8.06	16.55	9.43	2.24	11.0	18.79	18.03	19.21	1.41	8.25	8.06	18.36	20.62	
31.3	3.0	5.39	10.77	34.01	4.47	23.35	29.73	29.43	22.14	20.52	10.0	21.02	10.05	34.99	28.86	17.0	2.83	20.25	16.49	0.0	15.23	16.28	17.03	20.62	28.64	15.13	20.52	16.12	7.81	31.32	17.12	28.0	25.46	24.74	12.08	29.73	14.04	11.0	32.25	11.18	28.07	28.02	14.56	16.12	19.1	31.76	18.36	28.02	19.24	15.81	16.49	20.12	15.0	17.46	30.08	30.87	24.52	21.02	24.19	16.16	21.93	15.26	2.24	34.89	15.81	18.44	15.52	5.0	5.0	
24.41	18.03	16.28	18.87	18.79	10.77	10.44	21.26	18.6	7.07	21.0	16.12	9.9	6.4	20.0	14.04	6.71	12.65	11.4	2.83	15.23	0.0	19.72	18.6	10.05	14.0	4.12	9.0	4.47	13.6	16.28	5.0	15.23	12.65	10.0	11.4	14.56	7.0	6.71	17.2	8.54	14.56	14.87	2.0	20.88	8.06	25.24	11.18	15.65	21.4	11.05	10.2	5.0	6.08	10.44	20.52	23.6	10.05	13.93	9.22	1.0	9.22	19.92	17.0	19.72	1.41	6.0	10.05	17.8	19.72	
43.14	16.0	21.59	26.93	34.06	15.65	20.0	40.46	38.28	25.63	35.36	25.63	29.41	19.85	33.06	32.28	25.61	14.87	14.04	22.47	16.28	19.72	0.0	2.24	16.0	32.57	22.8	17.03	23.6	22.85	33.73	24.41	34.89	21.1	28.79	25.24	31.58	24.04	21.26	31.0	22.8	34.01	34.44	20.81	31.95	16.12	43.84	12.0	35.36	3.0	27.66	27.59	22.14	24.08	28.28	40.0	42.45	29.15	12.37	24.33	20.59	19.03	31.02	18.11	34.0	21.1	17.46	26.91	21.21	20.0	
42.45	17.12	22.2	27.46	32.14	15.81	18.03	39.62	37.2	24.17	35.34	25.96	28.43	19.42	31.02	30.68	24.76	15.3	12.0	21.4	17.03	18.6	2.24	0.0	14.04	31.02	21.93	15.13	22.67	23.09	32.02	23.43	33.62	19.03	27.31	25.06	29.83	23.43	20.81	29.02	22.47	32.65	33.12	19.85	32.28	14.32	43.19	10.05	34.13	2.83	27.2	27.02	20.62	23.35	27.66	39.05	41.73	27.73	10.2	22.56	19.42	17.12	31.32	19.0	32.02	20.0	15.81	26.4	22.02	21.1	
33.54	22.63	23.71	27.51	18.11	16.64	4.0	30.02	26.4	12.04	31.02	25.0	18.79	15.3	17.12	17.49	16.49	17.8	2.24	12.37	20.62	10.05	16.0	14.04	0.0	18.03	14.14	1.41	14.32	22.14	18.38	14.56	21.93	5.39	14.87	21.1	16.16	17.03	16.12	15.0	18.11	20.52	21.21	12.04	30.41	2.0	34.44	4.0	22.67	16.28	21.1	20.22	8.6	16.12	20.4	28.84	32.65	15.56	5.0	8.94	10.2	3.16	29.43	22.8	18.0	11.18	4.12	20.1	24.7	25.61	
20.0	31.58	28.23	28.84	8.54	24.33	14.87	16.0	11.05	7.07	25.24	26.08	9.9	18.68	12.17	1.0	12.53	26.31	20.25	12.17	28.64	14.0	32.57	31.02	18.03	0.0	13.6	16.64	12.65	24.6	3.61	11.7	6.0	15.62	4.0	20.25	4.0	15.65	18.03	10.0	18.79	4.0	5.0	14.14	28.28	17.0	21.0	21.47	7.0	33.62	17.03	15.62	10.44	14.32	14.87	14.04	19.0	4.12	23.02	9.22	13.0	15.0	27.59	30.08	10.44	13.04	15.23	16.4	30.08	32.57	
20.62	18.11	14.76	16.28	20.0	11.0	14.14	17.69	15.65	7.81	17.03	13.45	6.71	5.1	21.93	13.93	2.83	13.0	15.52	2.24	15.13	4.12	22.8	21.93	14.14	13.6	0.0	13.04	1.0	11.4	16.55	2.0	13.15	16.28	9.85	8.06	15.26	3.16	4.47	19.1	5.66	13.0	13.04	2.24	17.46	12.17	21.4	15.23	13.34	24.76	7.0	6.08	7.62	2.0	6.32	17.2	19.85	9.49	18.03	11.66	4.0	13.04	16.55	16.49	21.26	3.0	10.05	6.0	16.55	18.97	
32.2	22.67	23.32	26.93	17.03	16.4	3.16	28.65	25.0	10.63	30.0	24.35	17.46	14.56	16.28	16.12	15.3	17.69	3.61	11.18	20.52	9.0	17.03	15.13	1.41	16.64	13.04	0.0	13.15	21.54	17.09	13.34	20.52	5.0	13.45	20.22	14.87	16.0	15.3	14.04	17.26	19.1	19.8	11.0	29.61	1.41	33.11	5.1	21.26	17.46	20.02	19.1	7.21	15.03	19.24	27.46	31.3	14.14	6.4	7.62	9.06	2.0	28.64	22.67	17.03	10.05	3.0	19.03	24.41	25.5	
20.0	19.1	15.65	16.97	19.21	12.0	14.04	16.97	14.76	7.07	17.12	14.14	5.83	6.08	21.26	13.0	2.24	14.0	15.81	2.0	16.12	4.47	23.6	22.67	14.32	12.65	1.0	13.15	0.0	12.21	15.65	1.0	12.17	16.12	8.94	8.6	14.42	3.61	5.39	18.44	6.4	12.0	12.04	2.83	17.89	12.37	20.81	15.65	12.37	25.5	7.07	6.0	7.28	2.24	6.08	16.4	19.21	8.54	18.38	11.18	4.12	13.0	17.0	17.46	20.52	3.16	10.2	6.08	17.46	19.92	
23.77	10.3	4.0	5.39	31.4	7.28	23.71	22.56	23.0	19.21	12.81	3.0	15.52	7.21	33.24	25.06	12.08	8.06	22.56	13.45	7.81	13.6	22.85	23.09	22.14	24.6	11.4	21.54	12.21	0.0	27.78	13.04	22.56	25.94	21.1	5.0	26.63	8.94	7.07	30.41	5.83	23.09	22.8	12.04	9.22	20.25	24.17	21.21	22.36	25.63	9.0	10.05	18.44	10.3	11.05	23.19	23.41	20.59	24.19	22.67	14.21	22.36	8.25	7.62	32.65	13.45	18.79	9.06	6.0	9.06	
23.09	34.21	31.3	32.2	5.1	26.93	14.76	19.1	14.04	9.22	28.84	29.41	13.45	21.54	9.0	2.83	15.81	28.86	20.62	14.87	31.32	16.28	33.73	32.02	18.38	3.61	16.55	17.09	15.65	27.78	0.0	14.76	9.22	15.0	6.71	23.6	2.24	18.87	21.02	7.28	21.95	7.28	8.25	16.76	31.83	17.72	24.08	22.14	10.2	34.48	20.52	19.1	12.0	17.49	18.38	17.03	22.09	7.21	23.26	9.49	15.3	15.23	31.11	32.89	7.07	15.52	16.28	19.85	33.11	35.47	
19.42	20.1	16.55	17.69	18.44	13.0	14.0	16.28	13.89	6.4	17.26	14.87	5.0	7.07	20.62	12.08	2.0	15.0	16.16	2.24	17.12	5.0	24.41	23.43	14.56	11.7	2.0	13.34	1.0	13.04	14.76	0.0	11.18	16.03	8.06	9.22	13.6	4.24	6.32	17.8	7.21	11.0	11.05	3.61	18.36	12.65	20.25	16.12	11.4	26.25	7.28	6.08	7.07	2.83	6.0	15.62	18.6	7.62	18.79	10.77	4.47	13.04	17.49	18.44	19.8	3.61	10.44	6.32	18.38	20.88	
14.0	31.0	26.48	26.0	14.32	24.08	19.42	10.0	5.1	9.9	20.52	23.41	7.07	18.03	18.11	7.0	11.0	26.08	24.04	12.65	28.0	15.23	34.89	33.62	21.93	6.0	13.15	20.52	12.17	22.56	9.22	11.18	0.0	20.59	7.21	17.72	10.0	14.04	17.0	16.0	17.12	2.0	1.0	14.56	24.41	20.52	15.0	24.84	1.0	36.36	13.93	12.65	13.45	13.0	11.7	8.06	13.0	6.4	26.87	13.89	14.32	19.21	23.85	29.07	16.28	13.93	18.44	13.6	28.44	31.26	
33.53	27.66	28.02	31.3	13.6	21.26	2.24	29.73	25.5	11.4	33.24	28.64	19.24	18.79	12.0	14.87	18.03	22.63	7.07	14.14	25.46	12.65	21.1	19.03	5.39	15.62	16.28	5.0	16.12	25.94	15.0	16.03	20.59	0.0	13.42	24.04	12.81	19.42	19.31	10.2	21.19	18.87	19.72	14.56	33.53	6.4	34.48	9.22	21.47	21.02	23.19	22.09	9.0	18.25	22.02	28.23	32.57	14.32	9.06	6.71	12.37	3.61	32.57	27.59	13.15	13.34	7.21	22.2	29.21	30.41	
20.4	27.66	24.6	25.61	10.63	20.4	12.21	16.49	12.08	3.16	23.26	22.8	7.62	14.87	13.42	4.12	9.22	22.36	17.03	8.25	24.74	10.0	28.79	27.31	14.87	4.0	9.85	13.45	8.94	21.1	6.71	8.06	7.21	13.42	0.0	17.03	5.66	12.21	14.32	10.77	15.26	5.66	6.4	10.2	25.61	13.6	21.38	18.03	8.06	29.97	14.21	12.81	6.71	10.82	12.21	14.87	19.42	1.0	19.85	6.71	9.0	12.04	24.84	26.25	12.21	9.06	11.66	13.45	26.4	28.79	
19.24	14.87	9.0	8.6	27.59	9.9	21.84	17.72	18.0	15.62	10.44	5.83	10.77	6.08	29.83	20.81	7.81	11.4	22.0	10.3	12.08	11.4	25.24	25.06	21.1	20.25	8.06	20.22	8.6	5.0	23.6	9.22	17.72	24.04	17.03	0.0	22.67	5.0	5.0	27.02	3.0	18.38	18.03	9.49	9.49	19.1	19.72	21.1	17.46	27.78	4.0	5.1	15.65	6.4	6.08	18.25	18.79	16.4	24.08	19.72	11.7	20.62	8.54	12.37	29.0	10.77	17.26	4.12	11.0	14.04	
24.0	32.57	30.02	31.24	5.0	25.3	12.53	20.0	15.03	7.62	28.65	28.43	13.04	20.12	8.25	3.0	14.87	27.2	18.38	13.42	29.73	14.56	31.58	29.83	16.16	4.0	15.26	14.87	14.42	26.63	2.24	13.6	10.0	12.81	5.66	22.67	0.0	17.8	19.72	6.0	20.81	8.0	9.0	15.23	31.24	15.52	25.0	19.92	11.0	32.28	19.85	18.44	10.05	16.4	17.8	18.03	23.0	6.4	21.02	7.28	13.6	13.0	30.48	31.38	6.71	13.93	14.14	19.1	31.76	34.01	
19.1	17.03	12.65	13.45	22.67	10.44	17.26	16.64	15.52	10.63	14.0	10.63	7.0	4.47	24.84	16.12	3.16	12.37	18.25	5.39	14.04	7.0	24.04	23.43	17.03	15.65	3.16	16.0	3.61	8.94	18.87	4.24	14.04	19.42	12.21	5.0	17.8	0.0	3.16	22.02	3.16	14.32	14.14	5.0	14.32	15.03	19.8	17.72	14.0	26.25	4.12	3.61	10.77	1.41	4.24	16.55	18.44	11.66	20.62	14.76	7.07	16.12	13.42	15.03	24.04	6.08	13.0	3.16	14.56	17.26	
22.02	14.0	10.3	12.21	24.41	7.28	17.09	19.72	18.68	12.21	15.3	9.43	10.05	1.41	26.17	18.38	6.0	9.22	17.0	6.4	11.0	6.71	21.26	20.81	16.12	18.03	4.47	15.3	5.39	7.07	21.02	6.32	17.0	19.31	14.32	5.0	19.72	3.16	0.0	23.35	2.0	17.12	17.03	5.0	14.32	14.14	22.67	16.12	17.03	23.6	6.4	6.4	11.4	4.0	7.21	19.7	21.4	13.93	19.1	15.62	7.21	15.81	13.34	12.17	25.61	6.4	12.37	5.66	12.08	14.56	
30.0	34.89	33.42	35.38	3.61	27.78	11.0	26.0	21.02	11.4	34.01	32.56	18.38	23.43	2.83	9.0	19.42	29.53	17.03	16.97	32.25	17.2	31.0	29.02	15.0	10.0	19.1	14.04	18.44	30.41	7.28	17.8	16.0	10.2	10.77	27.02	6.0	22.02	23.35	0.0	24.76	14.0	15.0	18.44	36.06	15.13	31.0	19.0	17.0	31.14	24.7	23.32	12.21	20.62	22.83	24.02	29.0	11.7	19.24	8.06	16.4	12.04	35.23	34.13	3.0	17.03	14.56	23.85	35.0	36.89	
20.81	14.14	9.49	10.63	25.61	8.06	18.97	18.79	18.25	13.45	13.34	7.81	10.05	3.16	27.59	19.24	6.32	9.85	19.0	7.81	11.18	8.54	22.8	22.47	18.11	18.79	5.66	17.26	6.4	5.83	21.95	7.21	17.12	21.19	15.26	3.0	20.81	3.16	2.0	24.76	0.0	17.46	17.26	6.71	12.37	16.12	21.4	18.11	17.03	25.24	5.0	5.39	13.04	4.47	6.32	18.97	20.25	14.76	21.1	17.2	8.94	17.72	11.4	12.0	26.91	8.06	14.32	4.47	11.4	14.14	
16.0	31.06	26.93	26.83	12.37	24.0	17.8	12.0	7.07	8.6	22.02	24.17	7.62	18.03	16.12	5.0	11.18	26.0	22.67	12.17	28.07	14.56	34.01	32.65	20.52	4.0	13.0	19.1	12.0	23.09	7.28	11.0	2.0	18.87	5.66	18.38	8.0	14.32	17.12	14.0	17.46	0.0	1.0	14.14	25.61	19.21	17.0	23.6	3.0	35.36	14.76	13.42	12.21	13.15	12.53	10.05	15.0	5.0	25.5	12.21	13.6	17.69	25.0	29.27	14.32	13.34	17.2	14.32	28.86	31.58	
15.0	31.02	26.68	26.4	13.34	24.02	18.6	11.0	6.08	9.22	21.26	23.77	7.28	18.0	17.12	6.0	11.05	26.02	23.35	12.37	28.02	14.87	34.44	33.12	21.21	5.0	13.04	19.8	12.04	22.8	8.25	11.05	1.0	19.72	6.4	18.03	9.0	14.14	17.03	15.0	17.26	1.0	0.0	14.32	25.0	19.85	16.0	24.21	2.0	35.85	14.32	13.0	12.81	13.04	12.08	9.06	14.0	5.66	26.17	13.04	13.93	18.44	24.41	29.15	15.3	13.6	17.8	13.93	28.64	31.4	
22.8	17.46	15.0	17.2	19.72	10.2	12.37	19.8	17.49	7.62	19.0	14.42	8.6	5.0	21.26	14.32	5.0	12.17	13.34	2.0	14.56	2.0	20.81	19.85	12.04	14.14	2.24	11.0	2.83	12.04	16.76	3.61	14.56	14.56	10.2	9.49	15.23	5.0	5.0	18.44	6.71	14.14	14.32	0.0	18.97	10.05	23.6	13.0	14.87	22.67	9.06	8.25	6.4	4.12	8.54	19.21	22.02	10.05	15.81	10.63	2.24	11.18	18.03	16.16	20.81	1.41	8.0	8.06	16.64	18.79	
20.0	17.8	10.82	5.66	36.24	16.49	31.32	20.4	22.85	24.7	6.08	6.32	18.38	15.13	38.83	29.0	16.64	17.09	31.14	19.7	16.12	20.88	31.95	32.28	30.41	28.28	17.46	29.61	17.89	9.22	31.83	18.36	24.41	33.53	25.61	9.49	31.24	14.32	14.32	36.06	12.37	25.61	25.0	18.97	0.0	28.44	20.02	30.02	23.85	34.79	11.4	12.81	25.08	15.65	13.45	21.84	20.02	24.84	33.02	29.07	21.19	30.08	1.0	15.0	37.8	20.25	26.68	12.21	12.04	14.87	
31.76	21.26	21.95	25.63	18.0	15.0	4.47	28.3	24.84	10.63	29.02	23.09	17.0	13.34	17.46	16.55	14.56	16.28	3.61	10.44	19.1	8.06	16.12	14.32	2.0	17.0	12.17	1.41	12.37	20.25	17.72	12.65	20.52	6.4	13.6	19.1	15.52	15.03	14.14	15.13	16.12	19.21	19.85	10.05	28.44	0.0	32.65	4.47	21.21	16.76	19.1	18.25	7.07	14.14	18.44	27.2	30.89	14.21	6.4	8.25	8.25	3.16	27.46	21.26	18.11	9.22	2.24	18.11	23.02	24.08	
1.0	34.44	27.86	24.52	29.15	29.41	32.89	5.0	10.05	23.09	14.0	23.09	15.65	24.08	33.06	22.0	18.6	31.06	36.24	22.47	31.76	25.24	43.84	43.19	34.44	21.0	21.4	33.11	20.81	24.17	24.08	20.25	15.0	34.48	21.38	19.72	25.0	19.8	22.67	31.0	21.4	17.0	16.0	23.6	20.02	32.65	0.0	36.36	14.0	46.01	16.4	16.28	26.0	19.85	15.56	7.07	2.0	20.4	38.95	27.89	24.7	32.31	20.1	31.78	31.14	23.85	30.41	17.03	29.73	32.89	
35.51	20.0	22.14	26.48	22.09	14.87	8.0	32.2	29.0	15.0	31.4	24.19	20.81	15.03	21.1	21.02	17.89	15.65	2.24	13.89	18.36	11.18	12.0	10.05	4.0	21.47	15.23	5.1	15.65	21.21	22.14	16.12	24.84	9.22	18.03	21.1	19.92	17.72	16.12	19.0	18.11	23.6	24.21	13.0	30.02	4.47	36.36	0.0	25.5	12.37	21.84	21.19	11.4	17.09	21.54	31.24	34.67	18.6	3.0	12.65	11.66	7.07	29.02	20.59	22.0	12.53	6.4	20.88	22.85	23.32	
13.0	31.02	26.31	25.63	15.3	24.19	20.25	9.0	4.12	10.63	19.8	23.09	7.0	18.11	19.1	8.0	11.05	26.17	24.76	13.0	28.02	15.65	35.36	34.13	22.67	7.0	13.34	21.26	12.37	22.36	10.2	11.4	1.0	21.47	8.06	17.46	11.0	14.0	17.03	17.0	17.03	3.0	2.0	14.87	23.85	21.21	14.0	25.5	0.0	36.89	13.6	12.37	14.14	13.04	11.4	7.07	12.0	7.21	27.59	14.76	14.76	20.0	23.32	29.02	17.26	14.32	19.1	13.34	28.28	31.14	
45.28	19.0	24.52	29.83	34.37	18.38	20.22	42.45	40.0	26.83	38.01	28.46	31.24	22.2	33.02	33.24	27.59	17.72	14.14	24.21	19.24	21.4	3.0	2.83	16.28	33.62	24.76	17.46	25.5	25.63	34.48	26.25	36.36	21.02	29.97	27.78	32.28	26.25	23.6	31.14	25.24	35.36	35.85	22.67	34.79	16.76	46.01	12.37	36.89	0.0	30.0	29.83	23.26	26.17	30.48	41.87	44.55	30.41	12.0	25.0	22.2	19.42	33.84	21.1	34.13	22.8	18.38	29.21	24.19	23.0	
15.81	18.68	13.0	12.08	24.84	13.04	21.1	13.93	14.0	13.42	10.05	9.49	7.21	7.81	27.46	17.69	5.39	14.76	22.36	9.06	15.81	11.05	27.66	27.2	21.1	17.03	7.0	20.02	7.07	9.0	20.52	7.28	13.93	23.19	14.21	4.0	19.85	4.12	6.4	24.7	5.0	14.76	14.32	9.06	11.4	19.1	16.4	21.84	13.6	30.0	0.0	1.41	14.32	5.0	2.24	14.32	15.26	13.45	24.74	18.03	11.0	20.02	10.63	16.28	26.4	10.0	17.03	1.0	15.0	18.03	
15.62	19.42	14.04	13.42	23.43	13.42	20.02	13.42	13.04	12.08	11.18	10.77	5.83	7.81	26.08	16.28	4.12	15.23	21.59	8.0	16.49	10.2	27.59	27.02	20.22	15.62	6.08	19.1	6.0	10.05	19.1	6.08	12.65	22.09	12.81	5.1	18.44	3.61	6.4	23.32	5.39	13.42	13.0	8.25	12.81	18.25	16.28	21.19	12.37	29.83	1.41	0.0	13.15	4.12	1.0	13.6	15.0	12.04	24.04	16.76	10.05	19.0	12.04	17.12	25.0	9.06	16.12	1.0	16.03	19.0	
25.08	22.85	21.26	23.6	13.93	15.65	7.07	21.47	17.8	3.61	24.33	20.81	10.44	11.31	15.0	10.2	9.06	17.46	10.63	5.39	20.12	5.0	22.14	20.62	8.6	10.44	7.62	7.21	7.28	18.44	12.0	7.07	13.45	9.0	6.71	15.65	10.05	10.77	11.4	12.21	13.04	12.21	12.81	6.4	25.08	7.07	26.0	11.4	14.14	23.26	14.32	13.15	0.0	9.49	13.04	20.25	24.17	7.21	13.45	4.24	4.24	6.32	24.17	21.95	14.76	5.0	5.0	13.34	22.8	24.7	
19.1	18.0	13.93	14.87	21.26	11.18	16.12	16.4	14.87	9.22	15.03	12.04	6.08	5.1	23.43	14.76	2.0	13.15	17.46	4.12	15.0	6.08	24.08	23.35	16.12	14.32	2.0	15.03	2.24	10.3	17.49	2.83	13.0	18.25	10.82	6.4	16.4	1.41	4.0	20.62	4.47	13.15	13.04	4.12	15.65	14.14	19.85	17.09	13.04	26.17	5.0	4.12	9.49	0.0	4.47	16.12	18.38	10.3	19.92	13.42	6.0	15.03	14.76	16.12	22.63	5.0	12.04	4.0	15.81	18.44	
14.87	20.4	15.03	14.32	22.8	14.32	20.0	12.53	12.04	11.7	11.4	11.7	5.0	8.6	25.55	15.56	4.0	16.16	21.84	8.06	17.46	10.44	28.28	27.66	20.4	14.87	6.32	19.24	6.08	11.05	18.38	6.0	11.7	22.02	12.21	6.08	17.8	4.24	7.21	22.83	6.32	12.53	12.08	8.54	13.45	18.44	15.56	21.54	11.4	30.48	2.24	1.0	13.04	4.47	0.0	12.65	14.21	11.4	24.35	16.49	10.2	19.03	12.73	18.11	24.41	9.22	16.28	2.0	17.03	20.0	
6.08	32.98	27.17	25.08	22.09	26.93	26.83	2.24	3.0	17.0	16.55	23.0	10.63	21.02	26.02	15.03	14.42	28.79	30.81	17.69	30.08	20.52	40.0	39.05	28.84	14.04	17.2	27.46	16.4	23.19	17.03	15.62	8.06	28.23	14.87	18.25	18.03	16.55	19.7	24.02	18.97	10.05	9.06	19.21	21.84	27.2	7.07	31.24	7.07	41.87	14.32	13.6	20.25	16.12	12.65	0.0	5.1	13.93	33.6	21.54	19.8	26.42	21.59	30.59	24.08	19.1	25.0	14.56	29.15	32.25	
1.0	33.62	27.2	24.19	27.17	28.3	31.02	3.0	8.06	21.19	14.14	22.56	13.89	22.8	31.06	20.0	17.03	30.02	34.48	20.81	30.87	23.6	42.45	41.73	32.65	19.0	19.85	31.3	19.21	23.41	22.09	18.6	13.0	32.57	19.42	18.79	23.0	18.44	21.4	29.0	20.25	15.0	14.0	22.02	20.02	30.89	2.0	34.67	12.0	44.55	15.26	15.0	24.17	18.38	14.21	5.1	0.0	18.44	37.22	25.96	23.02	30.46	20.0	31.02	29.15	22.2	28.65	15.81	29.12	32.28	
19.42	27.46	24.17	25.0	11.4	20.22	13.04	15.52	11.18	3.61	22.36	22.2	6.71	14.56	14.32	4.47	8.6	22.2	17.69	8.06	24.52	10.05	29.15	27.73	15.56	4.12	9.49	14.14	8.54	20.59	7.21	7.62	6.4	14.32	1.0	16.4	6.4	11.66	13.93	11.7	14.76	5.0	5.66	10.05	24.84	14.21	20.4	18.6	7.21	30.41	13.45	12.04	7.21	10.3	11.4	13.93	18.44	0.0	20.52	7.62	9.06	12.81	24.08	25.96	13.04	9.0	12.21	12.73	26.0	28.46	
38.08	22.47	25.0	29.43	22.56	17.72	8.54	34.67	31.24	16.97	34.37	27.17	23.32	18.03	21.02	22.47	20.62	18.38	2.83	16.55	21.02	13.93	12.37	10.2	5.0	23.02	18.03	6.4	18.38	24.19	23.26	18.79	26.87	9.06	19.85	24.08	21.02	20.62	19.1	19.24	21.1	25.5	26.17	15.81	33.02	6.4	38.95	3.0	27.59	12.0	24.74	24.04	13.45	19.92	24.35	33.6	37.22	20.52	0.0	13.89	14.32	8.06	32.02	23.26	22.2	15.23	8.6	23.77	25.63	25.94	
26.93	26.83	25.5	27.8	10.2	19.72	5.66	23.09	18.79	5.0	27.89	25.0	13.0	15.56	10.82	8.6	12.65	21.47	11.18	9.43	24.19	9.22	24.33	22.56	8.94	9.22	11.66	7.62	11.18	22.67	9.49	10.77	13.89	6.71	6.71	19.72	7.28	14.76	15.62	8.06	17.2	12.21	13.04	10.63	29.07	8.25	27.89	12.65	14.76	25.0	18.03	16.76	4.24	13.42	16.49	21.54	25.96	7.62	13.89	0.0	8.49	5.83	28.18	26.08	10.77	9.22	7.0	17.09	27.02	28.84	
23.85	18.97	17.03	19.42	17.89	11.7	10.2	20.62	17.8	6.08	21.02	16.64	9.22	7.07	19.21	13.04	6.32	13.6	11.7	2.24	16.16	1.0	20.59	19.42	10.2	13.0	4.0	9.06	4.12	14.21	15.3	4.47	14.32	12.37	9.0	11.7	13.6	7.07	7.21	16.4	8.94	13.6	13.93	2.24	21.19	8.25	24.7	11.66	14.76	22.2	11.0	10.05	4.24	6.0	10.2	19.8	23.02	9.06	14.32	8.49	0.0	9.06	20.25	17.89	18.87	1.0	6.08	10.0	18.6	20.59	
31.38	24.21	24.41	27.73	15.03	17.69	1.41	27.73	23.85	9.43	30.07	25.08	16.76	15.23	14.32	14.42	15.03	19.1	5.39	11.0	21.93	9.22	19.03	17.12	3.16	15.0	13.04	2.0	13.0	22.36	15.23	13.04	19.21	3.61	12.04	20.62	13.0	16.12	15.81	12.04	17.72	17.69	18.44	11.18	30.08	3.16	32.31	7.07	20.0	19.42	20.02	19.0	6.32	15.03	19.03	26.42	30.46	12.81	8.06	5.83	9.06	0.0	29.12	24.04	15.03	10.05	3.61	19.03	25.61	26.87	
20.02	17.03	10.0	5.0	35.47	15.52	30.36	20.22	22.47	23.85	6.32	5.39	17.69	14.14	38.01	28.28	15.81	16.16	30.15	18.79	15.26	19.92	31.02	31.32	29.43	27.59	16.55	28.64	17.0	8.25	31.11	17.49	23.85	32.57	24.84	8.54	30.48	13.42	13.34	35.23	11.4	25.0	24.41	18.03	1.0	27.46	20.1	29.02	23.32	33.84	10.63	12.04	24.17	14.76	12.73	21.59	20.0	24.08	32.02	28.18	20.25	29.12	0.0	14.21	37.01	19.31	25.71	11.4	11.31	14.21	
31.38	2.83	4.24	9.43	35.78	6.4	25.46	30.08	30.15	23.77	19.85	9.22	22.02	11.4	36.89	30.36	18.11	5.0	22.47	18.03	2.24	17.0	18.11	19.0	22.8	30.08	16.49	22.67	17.46	7.62	32.89	18.44	29.07	27.59	26.25	12.37	31.38	15.03	12.17	34.13	12.0	29.27	29.15	16.16	15.0	21.26	31.78	20.59	29.02	21.1	16.28	17.12	21.95	16.12	18.11	30.59	31.02	25.96	23.26	26.08	17.89	24.04	14.21	0.0	36.72	17.46	20.52	16.12	3.16	2.83	
30.15	37.58	35.81	37.48	2.0	30.41	14.0	26.17	21.1	13.45	35.36	34.66	19.72	25.81	2.24	9.49	21.26	32.2	20.02	19.21	34.89	19.72	34.0	32.02	18.0	10.44	21.26	17.03	20.52	32.65	7.07	19.8	16.28	13.15	12.21	29.0	6.71	24.04	25.61	3.0	26.91	14.32	15.3	20.81	37.8	18.11	31.14	22.0	17.26	34.13	26.4	25.0	14.76	22.63	24.41	24.08	29.15	13.04	22.2	10.77	18.87	15.03	37.01	36.72	0.0	19.42	17.46	25.61	37.44	39.45	
23.02	18.68	16.4	18.6	18.36	11.4	11.18	19.85	17.2	6.32	20.02	15.81	8.49	6.4	19.85	13.15	5.39	13.34	12.65	1.41	15.81	1.41	21.1	20.0	11.18	13.04	3.0	10.05	3.16	13.45	15.52	3.61	13.93	13.34	9.06	10.77	13.93	6.08	6.4	17.03	8.06	13.34	13.6	1.41	20.25	9.22	23.85	12.53	14.32	22.8	10.0	9.06	5.0	5.0	9.22	19.1	22.2	9.0	15.23	9.22	1.0	10.05	19.31	17.46	19.42	0.0	7.07	9.0	18.03	20.12	
29.53	20.81	20.81	24.17	17.12	14.14	5.0	26.08	22.67	8.6	27.0	21.54	14.76	11.7	17.09	14.87	12.37	15.62	5.83	8.25	18.44	6.0	17.46	15.81	4.12	15.23	10.05	3.0	10.2	18.79	16.28	10.44	18.44	7.21	11.66	17.26	14.14	13.0	12.37	14.56	14.32	17.2	17.8	8.0	26.68	2.24	30.41	6.4	19.1	18.38	17.03	16.12	5.0	12.04	16.28	25.0	28.65	12.21	8.6	7.0	6.08	3.61	25.71	20.52	17.46	7.07	0.0	16.03	22.02	23.35	
16.4	18.44	13.04	12.53	24.08	12.53	20.1	14.32	14.04	12.53	11.05	9.85	6.71	7.07	26.63	17.03	4.47	14.32	21.38	8.06	15.52	10.05	26.91	26.4	20.1	16.4	6.0	19.03	6.08	9.06	19.85	6.32	13.6	22.2	13.45	4.12	19.1	3.16	5.66	23.85	4.47	14.32	13.93	8.06	12.21	18.11	17.03	20.88	13.34	29.21	1.0	1.0	13.34	4.0	2.0	14.56	15.81	12.73	23.77	17.09	10.0	19.03	11.4	16.12	25.61	9.0	16.03	0.0	15.03	18.0	
29.41	5.83	2.0	6.4	36.36	8.06	27.02	28.44	29.0	24.19	17.2	6.71	21.38	11.66	37.8	30.46	17.72	7.28	24.6	18.36	5.0	17.8	21.21	22.02	24.7	30.08	16.55	24.41	17.46	6.0	33.11	18.38	28.44	29.21	26.4	11.0	31.76	14.56	12.08	35.0	11.4	28.86	28.64	16.64	12.04	23.02	29.73	22.85	28.28	24.19	15.0	16.03	22.8	15.81	17.03	29.15	29.12	26.0	25.63	27.02	18.6	25.61	11.31	3.16	37.44	18.03	22.02	15.03	0.0	3.16	
32.57	4.0	5.1	9.22	38.47	9.22	28.28	31.58	32.02	26.4	20.25	9.85	24.19	13.93	39.66	32.89	20.4	7.81	25.24	20.62	5.0	19.72	20.0	21.1	25.61	32.57	18.97	25.5	19.92	9.06	35.47	20.88	31.26	30.41	28.79	14.04	34.01	17.26	14.56	36.89	14.14	31.58	31.4	18.79	14.87	24.08	32.89	23.32	31.14	23.0	18.03	19.0	24.7	18.44	20.0	32.25	32.28	28.46	25.94	28.84	20.59	26.87	14.21	2.83	39.45	20.12	23.35	18.0	3.16	0.0	
