70
0.0	9.06	36.07	32.8	8.25	33.54	16.97	17.12	21.02	34.44	25.0	31.06	20.22	25.08	29.07	28.02	29.41	27.73	20.1	15.52	19.24	18.03	17.8	13.6	32.06	34.18	17.89	24.41	31.32	15.26	34.0	19.1	6.0	26.42	18.79	18.44	15.62	16.0	15.81	30.36	33.84	32.53	19.65	6.0	40.0	32.56	37.01	27.29	28.65	23.19	18.87	27.46	26.25	29.41	9.85	19.42	30.61	31.02	25.02	20.25	7.62	22.2	32.02	32.56	28.46	11.4	26.0	21.93	9.22	17.09	
9.06	0.0	31.38	29.15	3.16	31.58	13.34	19.31	14.14	27.2	25.08	22.2	11.18	16.28	30.81	30.68	26.25	26.17	11.4	7.81	12.81	12.53	15.13	12.04	23.19	26.42	11.4	18.6	31.0	14.04	31.78	14.87	11.4	24.33	18.03	13.93	13.04	19.24	10.77	22.36	25.94	27.78	20.4	3.16	33.97	28.18	31.24	28.44	26.48	24.74	13.04	28.28	26.02	29.0	5.0	20.62	26.93	30.07	27.2	18.11	2.83	13.15	23.77	24.04	28.0	2.83	25.02	17.46	3.0	17.26	
36.07	31.38	0.0	5.0	29.41	10.77	19.1	24.7	18.03	12.53	18.11	24.74	29.43	24.0	23.19	26.08	8.25	13.04	24.52	24.17	18.79	18.87	18.44	22.67	25.0	15.65	20.12	13.0	16.49	21.4	9.85	17.03	32.02	12.37	19.24	17.8	20.52	26.93	20.81	17.46	16.55	3.61	21.19	32.2	7.28	3.61	5.0	21.02	11.05	22.2	18.36	20.02	17.03	16.12	27.2	22.14	6.32	14.32	24.02	16.64	34.13	29.15	18.97	21.19	16.03	32.2	15.13	14.21	28.84	21.47	
32.8	29.15	5.0	0.0	26.83	6.4	16.12	20.12	17.03	15.56	13.15	26.4	29.0	24.52	18.25	21.1	3.61	8.06	24.0	22.56	17.26	16.76	15.0	19.21	26.83	18.44	18.44	12.0	11.7	17.69	5.66	14.32	28.28	7.62	15.0	15.23	17.2	22.36	18.38	19.24	19.21	4.24	16.55	29.53	12.17	2.83	9.49	16.03	6.08	17.26	16.49	15.03	12.04	11.18	24.6	17.46	2.24	9.49	19.03	12.73	31.78	29.07	21.1	23.32	11.05	30.36	10.2	11.7	26.4	17.2	
8.25	3.16	29.41	26.83	0.0	28.86	10.77	16.16	13.04	26.42	22.02	23.0	13.0	17.0	27.66	27.51	23.77	23.35	12.0	7.28	11.4	10.63	12.37	9.0	24.0	26.0	10.0	16.97	28.02	11.0	29.12	12.53	8.94	21.59	15.0	11.66	10.2	16.12	8.6	22.14	25.63	25.81	17.26	2.83	32.56	26.08	29.7	25.32	23.77	21.59	11.31	25.18	23.0	26.02	2.24	17.46	24.6	27.17	24.04	15.3	5.1	14.87	23.77	24.33	25.02	5.83	22.09	15.26	1.0	14.14	
33.54	31.58	10.77	6.4	28.86	0.0	18.25	18.38	21.38	21.93	10.0	32.25	33.38	29.73	13.04	16.12	6.32	5.83	28.44	26.0	21.1	20.0	16.49	20.25	32.76	24.76	22.02	16.76	6.0	18.38	1.0	17.03	28.3	7.28	14.76	18.03	18.68	20.52	21.1	25.24	25.5	10.63	14.87	31.32	18.03	9.22	15.65	11.4	5.1	13.89	20.02	10.44	8.6	6.32	26.68	15.56	7.21	4.12	14.87	13.6	33.96	33.73	27.2	29.41	6.71	33.24	7.81	15.03	28.64	16.64	
16.97	13.34	19.1	16.12	10.77	18.25	0.0	11.18	7.62	19.24	13.0	21.47	17.0	16.4	19.72	20.62	13.0	13.0	12.81	8.54	5.83	3.61	2.24	4.12	22.36	20.0	5.66	8.25	18.25	4.12	18.44	2.24	13.42	11.05	6.4	2.0	2.0	12.65	3.16	17.26	20.02	15.56	9.9	13.42	23.32	15.62	20.25	17.0	13.15	14.21	4.47	16.55	13.6	16.28	8.54	10.63	13.89	17.03	17.03	5.1	15.81	18.03	19.42	20.88	15.3	15.03	12.17	5.0	10.44	7.21	
17.12	19.31	24.7	20.12	16.16	18.38	11.18	0.0	18.79	29.07	8.6	32.65	26.91	27.46	12.0	11.4	16.55	12.81	23.43	18.38	17.0	14.76	9.49	8.49	33.54	30.41	16.64	18.25	14.76	7.21	19.1	12.65	11.18	12.53	6.0	13.0	9.43	2.24	13.6	28.16	30.59	21.84	3.61	17.46	30.81	21.19	27.66	10.2	14.42	6.08	15.65	10.44	10.0	13.04	14.76	2.83	18.38	15.0	8.06	9.0	20.62	28.28	30.36	31.95	12.21	21.93	10.63	14.14	16.55	4.12	
21.02	14.14	18.03	17.03	13.04	21.38	7.62	18.79	0.0	13.42	19.21	13.89	12.04	9.22	26.25	27.59	15.13	17.46	7.07	6.4	2.0	4.12	9.43	11.18	14.76	13.34	3.16	5.1	23.26	11.7	21.21	6.4	19.24	15.23	13.6	5.83	9.49	20.25	6.0	10.0	13.15	14.56	17.2	15.81	19.85	15.3	17.2	23.43	16.76	21.26	3.16	22.8	19.42	21.47	11.18	18.03	15.0	21.54	24.08	11.31	16.97	12.37	12.04	13.34	20.59	14.42	17.49	6.71	12.21	14.76	
34.44	27.2	12.53	15.56	26.42	21.93	19.24	29.07	13.42	0.0	25.63	13.0	21.1	14.32	32.2	34.54	16.64	21.47	17.03	19.42	15.23	16.76	20.02	23.35	13.04	3.16	16.55	11.05	26.63	23.09	21.21	17.12	32.28	19.7	23.09	17.26	21.21	31.02	18.97	6.32	4.12	11.31	26.31	29.15	9.06	12.73	8.25	29.55	19.72	29.12	15.81	28.64	25.08	25.55	24.6	27.29	15.0	24.41	31.62	20.1	30.0	20.12	7.0	9.06	25.06	26.91	22.85	15.0	25.55	25.02	
25.0	25.08	18.11	13.15	22.02	10.0	13.0	8.6	19.21	25.63	0.0	32.56	29.97	28.43	7.07	8.94	10.0	5.1	25.55	21.54	18.03	16.12	10.77	13.04	33.3	27.73	18.36	16.4	6.32	11.05	10.82	13.04	19.31	6.08	7.07	13.89	12.37	10.63	16.16	26.63	28.18	16.03	5.39	24.02	25.0	15.0	22.02	4.24	7.07	4.12	16.64	3.61	1.41	4.47	20.1	5.83	12.0	6.4	6.08	8.06	27.0	30.89	28.84	30.81	3.61	27.29	3.0	12.73	22.09	8.06	
31.06	22.2	24.74	26.4	23.0	32.25	21.47	32.65	13.89	13.0	32.56	0.0	12.08	6.0	39.62	41.23	26.08	29.83	11.0	16.12	15.65	17.89	23.32	24.7	1.0	10.05	16.16	16.28	35.61	25.5	31.76	20.25	31.26	27.66	27.46	19.72	23.26	34.01	19.31	7.28	9.06	22.47	31.06	25.08	22.02	23.77	21.1	36.8	28.6	35.0	17.0	36.07	32.53	34.06	22.09	31.91	25.06	33.6	37.8	25.0	24.52	10.3	6.0	4.12	33.3	20.62	30.41	19.85	22.0	28.65	
20.22	11.18	29.43	29.0	13.0	33.38	17.0	26.91	12.04	21.1	29.97	12.08	0.0	7.07	36.72	37.44	27.17	29.12	5.0	8.6	12.37	13.93	19.24	18.44	13.0	19.21	11.7	17.0	34.79	20.0	33.24	17.09	21.93	26.93	23.32	16.16	18.03	27.59	13.89	15.0	18.44	26.17	26.63	14.32	29.55	27.07	27.51	34.0	28.64	31.06	13.6	33.54	30.46	32.89	13.04	27.2	27.02	33.24	33.84	21.93	13.0	2.0	15.56	15.0	31.95	9.0	28.79	18.44	12.08	23.6	
25.08	16.28	24.0	24.52	17.0	29.73	16.4	27.46	9.22	14.32	28.43	6.0	7.07	0.0	35.47	36.77	23.41	26.42	5.0	10.2	10.63	12.81	18.44	19.24	7.0	12.21	10.82	13.0	32.25	20.25	29.41	15.56	25.32	24.19	22.67	14.87	18.03	28.65	13.89	8.06	11.4	21.1	26.25	19.1	23.09	22.2	21.38	32.65	25.5	30.41	12.04	32.02	28.6	30.53	16.12	27.02	22.8	30.41	33.24	20.52	18.68	5.83	8.49	8.06	29.68	14.87	26.63	15.81	16.0	23.6	
29.07	30.81	23.19	18.25	27.66	13.04	19.72	12.0	26.25	32.2	7.07	39.62	36.72	35.47	0.0	3.16	15.81	10.77	32.45	28.18	25.0	23.02	17.49	18.97	40.36	34.48	25.24	23.43	7.07	17.09	14.04	20.0	23.09	12.53	13.42	20.81	18.79	13.15	22.83	33.6	34.99	21.84	10.44	29.27	30.41	20.62	27.66	2.83	12.65	6.08	23.6	3.61	7.21	7.07	25.96	10.2	17.72	9.0	4.12	15.0	32.39	37.74	35.81	37.8	7.28	33.24	9.43	19.8	27.89	13.6	
28.02	30.68	26.08	21.1	27.51	16.12	20.62	11.4	27.59	34.54	8.94	41.23	37.44	36.77	3.16	0.0	18.44	13.34	33.42	28.84	26.17	24.08	18.44	19.24	42.01	36.67	26.25	25.24	10.2	17.49	17.12	21.21	22.02	14.87	14.21	21.93	19.42	12.04	23.6	35.51	37.12	24.52	10.82	28.86	33.24	23.35	30.41	5.1	15.3	6.4	24.76	6.08	9.49	10.0	26.0	10.3	20.4	12.04	3.61	16.28	32.02	38.6	37.74	39.66	10.05	33.24	11.7	21.4	27.86	13.89	
29.41	26.25	8.25	3.61	23.77	6.32	13.0	16.55	15.13	16.64	10.0	26.08	27.17	23.41	15.81	18.44	0.0	5.1	22.2	20.1	15.0	14.14	11.66	15.81	26.63	19.21	16.03	10.44	10.0	14.21	6.08	11.4	24.76	4.12	11.4	12.37	13.89	18.79	15.52	19.21	19.85	6.08	13.0	26.4	15.0	5.0	12.04	13.34	3.16	14.04	14.04	12.37	9.06	8.94	21.54	13.93	2.0	7.81	16.03	9.22	28.79	27.46	21.26	23.43	8.54	27.66	7.0	9.06	23.41	13.6	
27.73	26.17	13.04	8.06	23.35	5.83	13.0	12.81	17.46	21.47	5.1	29.83	29.12	26.42	10.77	13.34	5.1	0.0	24.35	21.21	16.76	15.3	11.05	14.56	30.48	23.85	17.46	13.6	5.83	12.65	6.4	12.17	22.47	2.24	8.94	13.15	13.15	15.0	16.03	23.35	24.41	11.18	9.22	25.71	20.02	10.05	17.12	8.25	2.0	9.22	15.52	7.28	4.0	4.24	21.21	10.0	7.07	4.12	11.0	8.06	28.44	29.73	25.5	27.59	3.61	28.02	2.24	10.77	23.19	10.82	
20.1	11.4	24.52	24.0	12.0	28.44	12.81	23.43	7.07	17.03	25.55	11.0	5.0	5.0	32.45	33.42	22.2	24.35	0.0	5.39	7.62	9.43	15.0	15.0	12.0	15.62	7.21	12.0	30.08	16.28	28.28	12.53	20.4	22.14	19.21	11.66	14.14	24.41	9.9	11.4	15.0	21.21	22.67	14.14	25.06	22.09	22.85	29.68	23.77	27.02	8.94	29.15	25.94	28.23	11.18	23.35	22.02	28.46	29.83	17.49	13.93	5.39	12.53	12.65	27.31	10.3	24.17	13.6	11.0	19.8	
15.52	7.81	24.17	22.56	7.28	26.0	8.54	18.38	6.4	19.42	21.54	16.12	8.6	10.2	28.18	28.84	20.1	21.21	5.39	0.0	5.39	6.0	10.77	9.9	17.12	18.79	4.12	11.18	26.68	11.4	26.02	9.06	15.13	19.1	14.76	8.06	9.43	19.21	5.39	14.87	18.38	20.62	18.03	9.85	26.25	21.19	23.6	25.5	21.02	22.47	6.08	25.08	22.14	24.74	6.0	18.6	20.4	25.32	25.24	13.6	10.63	9.9	16.49	17.12	23.77	8.06	20.62	11.05	6.32	15.0	
19.24	12.81	18.79	17.26	11.4	21.1	5.83	17.0	2.0	15.23	18.03	15.65	12.37	10.63	25.0	26.17	15.0	16.76	7.62	5.39	0.0	2.24	7.81	9.22	16.55	15.3	1.41	5.83	22.47	9.85	21.02	5.0	17.26	14.56	12.04	4.24	7.62	18.38	4.0	12.0	15.13	15.23	15.62	14.21	21.21	15.81	18.44	22.2	16.28	19.8	1.41	21.63	18.36	20.62	9.43	16.4	15.13	20.88	22.63	10.0	15.62	13.0	14.04	15.3	19.7	13.42	16.55	6.08	10.63	13.04	
18.03	12.53	18.87	16.76	10.63	20.0	3.61	14.76	4.12	16.76	16.12	17.89	13.93	12.81	23.02	24.08	14.14	15.3	9.43	6.0	2.24	0.0	5.66	7.07	18.79	17.12	2.24	6.4	20.88	7.62	20.02	3.16	15.52	13.15	9.9	2.24	5.39	16.16	2.24	14.04	17.03	15.26	13.45	13.45	22.02	15.65	19.1	20.25	15.03	17.69	1.0	19.72	16.55	18.97	8.49	14.21	14.56	19.42	20.52	8.06	15.26	14.76	16.12	17.46	18.03	13.6	14.87	5.1	10.0	10.82	
17.8	15.13	18.44	15.0	12.37	16.49	2.24	9.49	9.43	20.02	10.77	23.32	19.24	18.44	17.49	18.44	11.66	11.05	15.0	10.77	7.81	5.66	0.0	4.24	24.19	21.1	7.81	9.0	16.12	3.16	16.76	3.16	13.6	9.22	4.24	3.61	2.24	11.18	5.39	18.68	21.21	15.0	7.81	14.87	23.26	14.87	20.12	14.76	11.4	12.04	6.4	14.32	11.4	14.14	10.2	8.6	12.81	15.0	14.87	3.0	17.46	20.25	20.88	22.47	13.15	17.0	10.05	5.1	12.17	5.39	
13.6	12.04	22.67	19.21	9.0	20.25	4.12	8.49	11.18	23.35	13.04	24.7	18.44	19.24	18.97	19.24	15.81	14.56	15.0	9.9	9.22	7.07	4.24	0.0	25.63	24.02	8.54	12.37	19.03	2.0	20.62	6.32	9.43	13.0	6.0	6.08	2.24	9.43	5.39	21.1	24.0	19.21	8.54	11.18	27.29	19.1	24.19	16.49	15.23	13.0	8.06	16.28	14.0	17.03	7.07	8.94	17.03	18.25	15.65	6.71	14.04	19.8	23.19	24.52	16.03	14.32	13.15	8.94	9.06	5.39	
32.06	23.19	25.0	26.83	24.0	32.76	22.36	33.54	14.76	13.04	33.3	1.0	13.0	7.0	40.36	42.01	26.63	30.48	12.0	17.12	16.55	18.79	24.19	25.63	0.0	10.0	17.09	16.97	36.24	26.4	32.25	21.1	32.25	28.32	28.3	20.59	24.17	34.93	20.25	7.62	9.0	22.85	31.91	26.08	22.0	24.17	21.21	37.54	29.21	35.81	17.89	36.8	33.24	34.71	23.09	32.76	25.55	34.21	38.6	25.81	25.5	11.18	6.08	4.0	33.97	21.59	31.11	20.62	23.0	29.53	
34.18	26.42	15.65	18.44	26.0	24.76	20.0	30.41	13.34	3.16	27.73	10.05	19.21	12.21	34.48	36.67	19.21	23.85	15.62	18.79	15.3	17.12	21.1	24.02	10.0	0.0	16.49	12.17	29.21	24.02	24.08	18.03	32.56	21.95	24.52	18.0	22.0	32.25	19.24	4.24	1.0	14.21	27.89	28.64	12.0	15.62	11.4	31.76	22.2	31.02	16.12	30.89	27.29	28.02	24.35	28.86	17.69	27.02	33.62	21.59	29.15	18.03	4.12	6.0	27.46	25.81	25.06	16.28	25.08	26.31	
17.89	11.4	20.12	18.44	10.0	22.02	5.66	16.64	3.16	16.55	18.36	16.16	11.7	10.82	25.24	26.25	16.03	17.46	7.21	4.12	1.41	2.24	7.81	8.54	17.09	16.49	0.0	7.21	23.09	9.43	22.0	5.39	16.12	15.3	12.04	4.47	7.21	17.89	3.16	13.04	16.28	16.55	15.56	12.81	22.63	17.09	19.85	22.47	17.12	19.85	2.0	21.95	18.79	21.19	8.06	16.28	16.28	21.59	22.67	10.3	14.21	12.53	15.0	16.12	20.25	12.08	17.09	7.0	9.22	12.81	
24.41	18.6	13.0	12.0	16.97	16.76	8.25	18.25	5.1	11.05	16.4	16.28	17.0	13.0	23.43	25.24	10.44	13.6	12.0	11.18	5.83	6.4	9.0	12.37	16.97	12.17	7.21	0.0	19.42	12.04	16.49	6.08	21.54	11.4	12.37	6.32	10.2	20.1	8.6	10.3	12.37	9.49	15.81	19.8	15.62	10.2	12.73	20.62	12.53	19.24	5.66	19.85	16.28	17.8	14.87	16.76	10.05	17.49	21.95	9.49	21.4	17.12	12.53	14.42	17.03	19.24	14.14	4.12	16.28	14.14	
31.32	31.0	16.49	11.7	28.02	6.0	18.25	14.76	23.26	26.63	6.32	35.61	34.79	32.25	7.07	10.2	10.0	5.83	30.08	26.68	22.47	20.88	16.12	19.03	36.24	29.21	23.09	19.42	0.0	17.03	7.0	17.72	25.63	8.06	13.04	18.68	18.03	16.64	21.38	29.0	29.83	15.65	11.7	30.15	23.77	14.32	21.19	5.83	7.07	9.22	21.19	5.0	5.1	2.0	26.0	12.08	11.66	2.24	9.43	13.15	33.06	35.47	31.11	33.24	3.0	33.06	6.08	16.55	28.0	14.32	
15.26	14.04	21.4	17.69	11.0	18.38	4.12	7.21	11.7	23.09	11.05	25.5	20.0	20.25	17.09	17.49	14.21	12.65	16.28	11.4	9.85	7.62	3.16	2.0	26.4	24.02	9.43	12.04	17.03	0.0	18.79	6.0	10.63	11.18	4.0	6.08	2.24	8.54	6.4	21.38	24.08	18.03	6.71	13.15	26.4	17.8	23.26	14.56	13.42	11.18	8.54	14.32	12.0	15.03	9.06	7.21	15.56	16.28	13.89	5.0	16.03	21.26	23.54	25.0	14.04	16.28	11.18	8.25	11.05	3.61	
34.0	31.78	9.85	5.66	29.12	1.0	18.44	19.1	21.21	21.21	10.82	31.76	33.24	29.41	14.04	17.12	6.08	6.4	28.28	26.02	21.02	20.02	16.76	20.62	32.25	24.08	22.0	16.49	7.0	18.79	0.0	17.12	28.84	7.62	15.26	18.11	18.97	21.26	21.21	24.7	24.84	9.9	15.56	31.62	17.09	8.49	14.76	12.37	5.39	14.76	20.0	11.4	9.43	7.28	26.93	16.28	6.71	5.1	15.81	13.93	34.21	33.54	26.63	28.84	7.62	33.38	8.49	15.0	28.86	17.2	
19.1	14.87	17.03	14.32	12.53	17.03	2.24	12.65	6.4	17.12	13.04	20.25	17.09	15.56	20.0	21.21	11.4	12.17	12.53	9.06	5.0	3.16	3.16	6.32	21.1	18.03	5.39	6.08	17.72	6.0	17.12	0.0	15.65	10.05	7.21	1.0	4.12	14.32	4.12	15.52	18.11	13.45	10.82	15.26	21.1	13.6	18.03	17.2	12.0	14.87	3.61	16.64	13.42	15.81	10.3	11.66	12.08	16.28	17.69	5.0	17.46	17.89	17.72	19.31	14.87	16.28	11.7	2.83	12.08	8.54	
6.0	11.4	32.02	28.28	8.94	28.3	13.42	11.18	19.24	32.28	19.31	31.26	21.93	25.32	23.09	22.02	24.76	22.47	20.4	15.13	17.26	15.52	13.6	9.43	32.25	32.56	16.12	21.54	25.63	10.63	28.84	15.65	0.0	21.4	13.6	15.23	11.66	10.0	13.34	29.15	32.39	28.6	13.93	8.49	36.72	28.43	33.62	21.38	23.6	17.26	16.49	21.59	20.62	23.77	9.22	13.6	26.17	25.5	19.03	15.56	11.4	23.77	31.06	32.0	22.85	14.21	20.59	18.36	9.85	11.66	
26.42	24.33	12.37	7.62	21.59	7.28	11.05	12.53	15.23	19.7	6.08	27.66	26.93	24.19	12.53	14.87	4.12	2.24	22.14	19.1	14.56	13.15	9.22	13.0	28.32	21.95	15.3	11.4	8.06	11.18	7.62	10.05	21.4	0.0	7.81	11.05	11.4	14.76	14.0	21.26	22.47	10.0	8.94	24.04	19.03	9.06	16.0	9.85	2.24	10.0	13.34	8.94	5.39	6.4	19.42	9.85	6.08	6.32	12.17	6.32	26.68	27.51	23.43	25.5	5.66	26.08	3.16	8.54	21.38	9.9	
18.79	18.03	19.24	15.0	15.0	14.76	6.4	6.0	13.6	23.09	7.07	27.46	23.32	22.67	13.42	14.21	11.4	8.94	19.21	14.76	12.04	9.9	4.24	6.0	28.3	24.52	12.04	12.37	13.04	4.0	15.26	7.21	13.6	7.81	0.0	7.81	5.39	8.06	9.43	22.47	24.74	16.16	3.61	17.12	25.0	15.65	21.84	10.77	10.0	7.81	10.63	10.44	8.0	11.05	13.04	4.47	13.04	12.37	10.63	3.0	20.02	24.41	24.7	26.4	10.05	20.22	7.28	8.25	15.03	2.24	
18.44	13.93	17.8	15.23	11.66	18.03	2.0	13.0	5.83	17.26	13.89	19.72	16.16	14.87	20.81	21.93	12.37	13.15	11.66	8.06	4.24	2.24	3.61	6.08	20.59	18.0	4.47	6.32	18.68	6.08	18.11	1.0	15.23	11.05	7.81	0.0	4.0	14.56	3.16	15.3	18.03	14.21	11.4	14.42	21.63	14.42	18.6	18.03	13.0	15.56	2.83	17.49	14.32	16.76	9.43	12.21	13.0	17.26	18.38	5.83	16.55	17.0	17.46	18.97	15.81	15.3	12.65	3.61	11.18	8.94	
15.62	13.04	20.52	17.2	10.2	18.68	2.0	9.43	9.49	21.21	12.37	23.26	18.03	18.03	18.79	19.42	13.89	13.15	14.14	9.43	7.62	5.39	2.24	2.24	24.17	22.0	7.21	10.2	18.03	2.24	18.97	4.12	11.66	11.4	5.39	4.0	0.0	10.77	4.24	19.24	22.02	17.03	8.6	12.65	25.06	16.97	21.95	16.16	13.6	13.04	6.32	15.81	13.15	16.03	8.06	9.22	15.0	17.03	15.81	5.1	15.3	19.21	21.38	22.8	15.03	15.03	12.0	6.71	10.05	5.66	
16.0	19.24	26.93	22.36	16.12	20.52	12.65	2.24	20.25	31.02	10.63	34.01	27.59	28.65	13.15	12.04	18.79	15.0	24.41	19.21	18.38	16.16	11.18	9.43	34.93	32.25	17.89	20.1	16.64	8.54	21.26	14.32	10.0	14.76	8.06	14.56	10.77	0.0	14.76	29.83	32.39	24.04	5.83	17.09	32.98	23.41	29.83	11.7	16.64	7.62	17.09	12.08	12.04	15.0	15.0	5.0	20.62	17.03	9.06	11.05	20.25	29.07	32.02	33.53	14.21	21.95	12.81	16.03	16.64	6.0	
15.81	10.77	20.81	18.38	8.6	21.1	3.16	13.6	6.0	18.97	16.16	19.31	13.89	13.89	22.83	23.6	15.52	16.03	9.9	5.39	4.0	2.24	5.39	5.39	20.25	19.24	3.16	8.6	21.38	6.4	21.21	4.12	13.34	14.0	9.43	3.16	4.24	14.76	0.0	16.0	19.1	17.2	12.81	11.4	24.21	17.49	21.26	20.12	16.03	17.2	3.16	19.7	16.76	19.42	6.4	13.45	16.16	20.1	20.0	8.25	13.42	15.0	18.03	19.24	18.44	12.17	15.3	6.71	8.06	9.9	
30.36	22.36	17.46	19.24	22.14	25.24	17.26	28.16	10.0	6.32	26.63	7.28	15.0	8.06	33.6	35.51	19.21	23.35	11.4	14.87	12.0	14.04	18.68	21.1	7.62	4.24	13.04	10.3	29.0	21.38	24.7	15.52	29.15	21.26	22.47	15.3	19.24	29.83	16.0	0.0	3.61	15.23	26.0	24.7	15.3	16.55	14.0	30.81	21.93	29.53	13.04	30.0	26.4	27.59	20.62	26.93	18.03	26.91	32.25	19.7	25.06	13.89	2.24	4.24	26.91	21.63	24.21	14.32	21.19	24.04	
33.84	25.94	16.55	19.21	25.63	25.5	20.02	30.59	13.15	4.12	28.18	9.06	18.44	11.4	34.99	37.12	19.85	24.41	15.0	18.38	15.13	17.03	21.21	24.0	9.0	1.0	16.28	12.37	29.83	24.08	24.84	18.11	32.39	22.47	24.74	18.03	22.02	32.39	19.1	3.61	0.0	15.0	28.16	28.23	13.0	16.4	12.37	32.25	22.8	31.38	16.03	31.38	27.78	28.6	24.04	29.12	18.38	27.66	34.01	21.84	28.65	17.2	3.16	5.0	28.02	25.24	25.55	16.49	24.7	26.48	
32.53	27.78	3.61	4.24	25.81	10.63	15.56	21.84	14.56	11.31	16.03	22.47	26.17	21.1	21.84	24.52	6.08	11.18	21.21	20.62	15.23	15.26	15.0	19.21	22.85	14.21	16.55	9.49	15.65	18.03	9.9	13.45	28.6	10.0	16.16	14.21	17.03	24.04	17.2	15.23	15.0	0.0	18.44	28.6	9.06	1.41	6.0	19.42	9.22	20.0	14.76	18.44	15.13	14.87	23.6	19.42	4.12	13.42	22.09	13.42	30.53	26.02	17.0	19.24	14.56	28.64	13.04	10.63	25.24	18.38	
19.65	20.4	21.19	16.55	17.26	14.87	9.9	3.61	17.2	26.31	5.39	31.06	26.63	26.25	10.44	10.82	13.0	9.22	22.67	18.03	15.62	13.45	7.81	8.54	31.91	27.89	15.56	15.81	11.7	6.71	15.56	10.82	13.93	8.94	3.61	11.4	8.6	5.83	12.81	26.0	28.16	18.44	0.0	19.03	27.46	17.72	24.33	8.06	10.82	4.47	14.21	8.0	6.71	9.85	15.52	1.0	14.87	11.66	7.21	6.32	22.09	27.8	28.23	29.97	8.94	22.8	7.07	11.7	17.46	3.16	
6.0	3.16	32.2	29.53	2.83	31.32	13.42	17.46	15.81	29.15	24.02	25.08	14.32	19.1	29.27	28.86	26.4	25.71	14.14	9.85	14.21	13.45	14.87	11.18	26.08	28.64	12.81	19.8	30.15	13.15	31.62	15.26	8.49	24.04	17.12	14.42	12.65	17.09	11.4	24.7	28.23	28.6	19.03	0.0	35.38	28.84	32.53	27.07	26.25	23.19	14.14	27.02	25.08	28.16	5.0	19.1	27.29	29.43	25.5	17.72	3.16	16.28	26.25	26.68	27.17	5.83	24.33	18.03	3.61	16.0	
40.0	33.97	7.28	12.17	32.56	18.03	23.32	30.81	19.85	9.06	25.0	22.02	29.55	23.09	30.41	33.24	15.0	20.02	25.06	26.25	21.21	22.02	23.26	27.29	22.0	12.0	22.63	15.62	23.77	26.4	17.09	21.1	36.72	19.03	25.0	21.63	25.06	32.98	24.21	15.3	13.0	9.06	27.46	35.38	0.0	10.0	3.16	28.16	18.03	29.02	21.26	27.17	24.02	23.35	30.48	28.44	13.0	21.59	31.02	22.14	36.8	28.79	16.03	18.0	23.19	34.21	22.0	18.36	31.83	27.2	
32.56	28.18	3.61	2.83	26.08	9.22	15.62	21.19	15.3	12.73	15.0	23.77	27.07	22.2	20.62	23.35	5.0	10.05	22.09	21.19	15.81	15.65	14.87	19.1	24.17	15.62	17.09	10.2	14.32	17.8	8.49	13.6	28.43	9.06	15.65	14.42	16.97	23.41	17.49	16.55	16.4	1.41	17.72	28.84	10.0	0.0	7.07	18.25	8.06	19.03	15.23	17.26	14.04	13.6	23.85	18.68	3.0	12.08	21.02	13.04	30.89	27.0	18.36	20.59	13.34	29.15	12.0	10.82	25.55	17.89	
37.01	31.24	5.0	9.49	29.7	15.65	20.25	27.66	17.2	8.25	22.02	21.1	27.51	21.38	27.66	30.41	12.04	17.12	22.85	23.6	18.44	19.1	20.12	24.19	21.21	11.4	19.85	12.73	21.19	23.26	14.76	18.03	33.62	16.0	21.84	18.6	21.95	29.83	21.26	14.0	12.37	6.0	24.33	32.53	3.16	7.07	0.0	25.32	15.13	26.0	18.38	24.33	21.1	20.62	27.59	25.32	10.05	18.97	28.07	18.97	34.06	26.93	15.13	17.26	20.4	31.62	19.03	15.26	29.0	24.04	
27.29	28.44	21.02	16.03	25.32	11.4	17.0	10.2	23.43	29.55	4.24	36.8	34.0	32.65	2.83	5.1	13.34	8.25	29.68	25.5	22.2	20.25	14.76	16.49	37.54	31.76	22.47	20.62	5.83	14.56	12.37	17.2	21.38	9.85	10.77	18.03	16.16	11.7	20.12	30.81	32.25	19.42	8.06	27.07	28.16	18.25	25.32	0.0	10.2	4.12	20.81	1.0	4.47	5.1	23.54	8.0	15.3	7.28	3.61	12.21	30.15	34.99	33.02	35.0	5.0	30.81	6.71	16.97	25.5	11.18	
28.65	26.48	11.05	6.08	23.77	5.1	13.15	14.42	16.76	19.72	7.07	28.6	28.64	25.5	12.65	15.3	3.16	2.0	23.77	21.02	16.28	15.03	11.4	15.23	29.21	22.2	17.12	12.53	7.07	13.42	5.39	12.0	23.6	2.24	10.0	13.0	13.6	16.64	16.03	21.93	22.8	9.22	10.82	26.25	18.03	8.06	15.13	10.2	0.0	11.18	15.13	9.22	6.0	5.83	21.59	11.66	5.1	5.0	13.0	8.54	28.86	29.12	24.04	26.17	5.39	28.16	4.12	10.2	23.54	12.04	
23.19	24.74	22.2	17.26	21.59	13.89	14.21	6.08	21.26	29.12	4.12	35.0	31.06	30.41	6.08	6.4	14.04	9.22	27.02	22.47	19.8	17.69	12.04	13.0	35.81	31.02	19.85	19.24	9.22	11.18	14.76	14.87	17.26	10.0	7.81	15.56	13.04	7.62	17.2	29.53	31.38	20.0	4.47	23.19	29.02	19.03	26.0	4.12	11.18	0.0	18.38	4.47	5.39	7.81	19.92	4.12	16.03	10.0	2.83	10.0	26.31	32.2	31.76	33.62	7.21	27.2	7.07	15.26	21.84	7.62	
18.87	13.04	18.36	16.49	11.31	20.02	4.47	15.65	3.16	15.81	16.64	17.0	13.6	12.04	23.6	24.76	14.04	15.52	8.94	6.08	1.41	1.0	6.4	8.06	17.89	16.12	2.0	5.66	21.19	8.54	20.0	3.61	16.49	13.34	10.63	2.83	6.32	17.09	3.16	13.04	16.03	14.76	14.21	14.14	21.26	15.23	18.38	20.81	15.13	18.38	0.0	20.25	17.0	19.31	9.22	15.0	14.32	19.65	21.21	8.6	15.81	14.32	15.13	16.49	18.38	13.93	15.23	5.0	10.63	11.66	
27.46	28.28	20.02	15.03	25.18	10.44	16.55	10.44	22.8	28.64	3.61	36.07	33.54	32.02	3.61	6.08	12.37	7.28	29.15	25.08	21.63	19.72	14.32	16.28	36.8	30.89	21.95	19.85	5.0	14.32	11.4	16.64	21.59	8.94	10.44	17.49	15.81	12.08	19.7	30.0	31.38	18.44	8.0	27.02	27.17	17.26	24.33	1.0	9.22	4.47	20.25	0.0	3.61	4.12	23.35	8.06	14.32	6.32	4.47	11.66	30.07	34.48	32.2	34.21	4.0	30.59	5.83	16.28	25.32	11.05	
26.25	26.02	17.03	12.04	23.0	8.6	13.6	10.0	19.42	25.08	1.41	32.53	30.46	28.6	7.21	9.49	9.06	4.0	25.94	22.14	18.36	16.55	11.4	14.0	33.24	27.29	18.79	16.28	5.1	12.0	9.43	13.42	20.62	5.39	8.0	14.32	13.15	12.04	16.76	26.4	27.78	15.13	6.71	25.08	24.02	14.04	21.1	4.47	6.0	5.39	17.0	3.61	0.0	3.16	21.02	7.21	11.05	5.0	7.0	8.54	28.02	31.3	28.6	30.61	2.24	28.16	2.24	12.81	23.02	9.22	
29.41	29.0	16.12	11.18	26.02	6.32	16.28	13.04	21.47	25.55	4.47	34.06	32.89	30.53	7.07	10.0	8.94	4.24	28.23	24.74	20.62	18.97	14.14	17.03	34.71	28.02	21.19	17.8	2.0	15.03	7.28	15.81	23.77	6.4	11.05	16.76	16.03	15.0	19.42	27.59	28.6	14.87	9.85	28.16	23.35	13.6	20.62	5.1	5.83	7.81	19.31	4.12	3.16	0.0	24.0	10.3	10.77	2.24	8.54	11.18	31.06	33.62	29.73	31.83	1.0	31.06	4.12	14.76	26.0	12.37	
9.85	5.0	27.2	24.6	2.24	26.68	8.54	14.76	11.18	24.6	20.1	22.09	13.04	16.12	25.96	26.0	21.54	21.21	11.18	6.0	9.43	8.49	10.2	7.07	23.09	24.35	8.06	14.87	26.0	9.06	26.93	10.3	9.22	19.42	13.04	9.43	8.06	15.0	6.4	20.62	24.04	23.6	15.52	5.0	30.48	23.85	27.59	23.54	21.59	19.92	9.22	23.35	21.02	24.0	0.0	15.81	22.36	25.08	22.47	13.15	7.28	14.76	22.36	23.09	23.0	7.28	20.02	13.04	2.0	12.37	
19.42	20.62	22.14	17.46	17.46	15.56	10.63	2.83	18.03	27.29	5.83	31.91	27.2	27.02	10.2	10.3	13.93	10.0	23.35	18.6	16.4	14.21	8.6	8.94	32.76	28.86	16.28	16.76	12.08	7.21	16.28	11.66	13.6	9.85	4.47	12.21	9.22	5.0	13.45	26.93	29.12	19.42	1.0	19.1	28.44	18.68	25.32	8.0	11.66	4.12	15.0	8.06	7.21	10.3	15.81	0.0	15.81	12.21	6.71	7.28	22.2	28.43	29.15	30.87	9.43	23.09	7.81	12.65	17.72	3.61	
30.61	26.93	6.32	2.24	24.6	7.21	13.89	18.38	15.0	15.0	12.0	25.06	27.02	22.8	17.72	20.4	2.0	7.07	22.02	20.4	15.13	14.56	12.81	17.03	25.55	17.69	16.28	10.05	11.66	15.56	6.71	12.08	26.17	6.08	13.04	13.0	15.0	20.62	16.16	18.03	18.38	4.12	14.87	27.29	13.0	3.0	10.05	15.3	5.1	16.03	14.32	14.32	11.05	10.77	22.36	15.81	0.0	9.43	18.03	10.63	29.55	27.17	20.0	22.2	10.44	28.16	9.0	9.49	24.17	15.26	
31.02	30.07	14.32	9.49	27.17	4.12	17.03	15.0	21.54	24.41	6.4	33.6	33.24	30.41	9.0	12.04	7.81	4.12	28.46	25.32	20.88	19.42	15.0	18.25	34.21	27.02	21.59	17.49	2.24	16.28	5.1	16.28	25.5	6.32	12.37	17.26	17.03	17.03	20.1	26.91	27.66	13.42	11.66	29.43	21.59	12.08	18.97	7.28	5.0	10.0	19.65	6.32	5.0	2.24	25.08	12.21	9.43	0.0	10.77	12.0	32.25	33.84	29.0	31.14	2.83	32.0	5.1	14.87	27.07	13.93	
25.02	27.2	24.02	19.03	24.04	14.87	17.03	8.06	24.08	31.62	6.08	37.8	33.84	33.24	4.12	3.61	16.03	11.0	29.83	25.24	22.63	20.52	14.87	15.65	38.6	33.62	22.67	21.95	9.43	13.89	15.81	17.69	19.03	12.17	10.63	18.38	15.81	9.06	20.0	32.25	34.01	22.09	7.21	25.5	31.02	21.02	28.07	3.61	13.0	2.83	21.21	4.47	7.0	8.54	22.47	6.71	18.03	10.77	0.0	12.81	28.64	35.0	34.48	36.36	8.25	29.73	9.06	18.03	24.35	10.3	
20.25	18.11	16.64	12.73	15.3	13.6	5.1	9.0	11.31	20.1	8.06	25.0	21.93	20.52	15.0	16.28	9.22	8.06	17.49	13.6	10.0	8.06	3.0	6.71	25.81	21.59	10.3	9.49	13.15	5.0	13.93	5.0	15.56	6.32	3.0	5.83	5.1	11.05	8.25	19.7	21.84	13.42	6.32	17.72	22.14	13.04	18.97	12.21	8.54	10.0	8.6	11.66	8.54	11.18	13.15	7.28	10.63	12.0	12.81	0.0	20.4	22.83	21.93	23.71	10.2	20.0	7.07	5.39	15.13	5.1	
7.62	2.83	34.13	31.78	5.1	33.96	15.81	20.62	16.97	30.0	27.0	24.52	13.0	18.68	32.39	32.02	28.79	28.44	13.93	10.63	15.62	15.26	17.46	14.04	25.5	29.15	14.21	21.4	33.06	16.03	34.21	17.46	11.4	26.68	20.02	16.55	15.3	20.25	13.42	25.06	28.65	30.53	22.09	3.16	36.8	30.89	34.06	30.15	28.86	26.31	15.81	30.07	28.02	31.06	7.28	22.2	29.55	32.25	28.64	20.4	0.0	15.0	26.4	26.57	30.07	4.0	27.17	20.12	5.39	19.03	
22.2	13.15	29.15	29.07	14.87	33.73	18.03	28.28	12.37	20.12	30.89	10.3	2.0	5.83	37.74	38.6	27.46	29.73	5.39	9.9	13.0	14.76	20.25	19.8	11.18	18.03	12.53	17.12	35.47	21.26	33.54	17.89	23.77	27.51	24.41	17.0	19.21	29.07	15.0	13.89	17.2	26.02	27.8	16.28	28.79	27.0	26.93	34.99	29.12	32.2	14.32	34.48	31.3	33.62	14.76	28.43	27.17	33.84	35.0	22.83	15.0	0.0	14.21	13.45	32.7	11.0	29.55	18.97	13.93	24.84	
32.02	23.77	18.97	21.1	23.77	27.2	19.42	30.36	12.04	7.0	28.84	6.0	15.56	8.49	35.81	37.74	21.26	25.5	12.53	16.49	14.04	16.12	20.88	23.19	6.08	4.12	15.0	12.53	31.11	23.54	26.63	17.72	31.06	23.43	24.7	17.46	21.38	32.02	18.03	2.24	3.16	17.0	28.23	26.25	16.03	18.36	15.13	33.02	24.04	31.76	15.13	32.2	28.6	29.73	22.36	29.15	20.0	29.0	34.48	21.93	26.4	14.21	0.0	2.24	29.07	22.83	26.4	16.55	22.8	26.25	
32.56	24.04	21.19	23.32	24.33	29.41	20.88	31.95	13.34	9.06	30.81	4.12	15.0	8.06	37.8	39.66	23.43	27.59	12.65	17.12	15.3	17.46	22.47	24.52	4.0	6.0	16.12	14.42	33.24	25.0	28.84	19.31	32.0	25.5	26.4	18.97	22.8	33.53	19.24	4.24	5.0	19.24	29.97	26.68	18.0	20.59	17.26	35.0	26.17	33.62	16.49	34.21	30.61	31.83	23.09	30.87	22.2	31.14	36.36	23.71	26.57	13.45	2.24	0.0	31.14	22.85	28.43	18.36	23.35	27.86	
28.46	28.0	16.03	11.05	25.02	6.71	15.3	12.21	20.59	25.06	3.61	33.3	31.95	29.68	7.28	10.05	8.54	3.61	27.31	23.77	19.7	18.03	13.15	16.03	33.97	27.46	20.25	17.03	3.0	14.04	7.62	14.87	22.85	5.66	10.05	15.81	15.03	14.21	18.44	26.91	28.02	14.56	8.94	27.17	23.19	13.34	20.4	5.0	5.39	7.21	18.38	4.0	2.24	1.0	23.0	9.43	10.44	2.83	8.25	10.2	30.07	32.7	29.07	31.14	0.0	30.07	3.16	13.89	25.0	11.4	
11.4	2.83	32.2	30.36	5.83	33.24	15.03	21.93	14.42	26.91	27.29	20.62	9.0	14.87	33.24	33.24	27.66	28.02	10.3	8.06	13.42	13.6	17.0	14.32	21.59	25.81	12.08	19.24	33.06	16.28	33.38	16.28	14.21	26.08	20.22	15.3	15.03	21.95	12.17	21.63	25.24	28.64	22.8	5.83	34.21	29.15	31.62	30.81	28.16	27.2	13.93	30.59	28.16	31.06	7.28	23.09	28.16	32.0	29.73	20.0	4.0	11.0	22.83	22.85	30.07	0.0	27.02	18.68	5.39	19.65	
26.0	25.02	15.13	10.2	22.09	7.81	12.17	10.63	17.49	22.85	3.0	30.41	28.79	26.63	9.43	11.7	7.0	2.24	24.17	20.62	16.55	14.87	10.05	13.15	31.11	25.06	17.09	14.14	6.08	11.18	8.49	11.7	20.59	3.16	7.28	12.65	12.0	12.81	15.3	24.21	25.55	13.04	7.07	24.33	22.0	12.0	19.03	6.71	4.12	7.07	15.23	5.83	2.24	4.12	20.02	7.81	9.0	5.1	9.06	7.07	27.17	29.55	26.4	28.43	3.16	27.02	0.0	10.82	22.02	8.94	
21.93	17.46	14.21	11.7	15.26	15.03	5.0	14.14	6.71	15.0	12.73	19.85	18.44	15.81	19.8	21.4	9.06	10.77	13.6	11.05	6.08	5.1	5.1	8.94	20.62	16.28	7.0	4.12	16.55	8.25	15.0	2.83	18.36	8.54	8.25	3.61	6.71	16.03	6.71	14.32	16.49	10.63	11.7	18.03	18.36	10.82	15.26	16.97	10.2	15.26	5.0	16.28	12.81	14.76	13.04	12.65	9.49	14.87	18.03	5.39	20.12	18.97	16.55	18.36	13.89	18.68	10.82	0.0	14.76	10.05	
9.22	3.0	28.84	26.4	1.0	28.64	10.44	16.55	12.21	25.55	22.09	22.0	12.08	16.0	27.89	27.86	23.41	23.19	11.0	6.32	10.63	10.0	12.17	9.06	23.0	25.08	9.22	16.28	28.0	11.05	28.86	12.08	9.85	21.38	15.03	11.18	10.05	16.64	8.06	21.19	24.7	25.24	17.46	3.61	31.83	25.55	29.0	25.5	23.54	21.84	10.63	25.32	23.02	26.0	2.0	17.72	24.17	27.07	24.35	15.13	5.39	13.93	22.8	23.35	25.0	5.39	22.02	14.76	0.0	14.32	
17.09	17.26	21.47	17.2	14.14	16.64	7.21	4.12	14.76	25.02	8.06	28.65	23.6	23.6	13.6	13.89	13.6	10.82	19.8	15.0	13.04	10.82	5.39	5.39	29.53	26.31	12.81	14.14	14.32	3.61	17.2	8.54	11.66	9.9	2.24	8.94	5.66	6.0	9.9	24.04	26.48	18.38	3.16	16.0	27.2	17.89	24.04	11.18	12.04	7.62	11.66	11.05	9.22	12.37	12.37	3.61	15.26	13.93	10.3	5.1	19.03	24.84	26.25	27.86	11.4	19.65	8.94	10.05	14.32	0.0	
