75
0.0	13.0	44.55	33.62	14.14	38.08	21.02	8.06	18.38	28.46	2.83	30.08	33.12	14.32	15.23	10.44	23.09	19.1	10.2	31.62	30.59	17.49	7.62	31.62	34.93	4.47	26.17	22.09	23.35	32.14	32.2	32.28	34.83	4.0	8.06	4.24	42.43	31.24	28.28	36.72	34.06	40.46	43.14	15.0	5.39	25.32	36.24	7.07	36.12	18.38	15.03	29.73	23.43	27.0	16.76	22.85	21.59	2.0	24.6	29.61	34.89	6.0	32.2	23.09	12.21	19.65	5.39	29.43	32.25	32.25	30.15	3.16	26.93	15.81	9.49	
13.0	0.0	36.72	31.0	17.8	33.54	24.19	5.1	18.03	27.29	15.13	29.43	29.15	21.26	15.65	4.24	11.4	24.21	3.61	19.72	30.81	15.52	6.71	22.2	23.6	11.7	19.65	24.6	24.7	19.24	23.02	20.12	28.46	9.0	16.12	10.44	34.48	25.0	15.52	32.39	27.51	31.62	34.99	19.85	15.81	26.57	25.5	13.89	27.78	13.0	20.52	21.93	15.81	14.0	17.89	21.38	22.47	13.15	22.09	29.83	24.08	7.0	21.26	27.46	7.62	7.81	8.25	30.08	36.24	21.93	34.0	16.03	14.76	9.0	18.36	
44.55	36.72	0.0	18.03	34.13	12.04	31.95	38.6	28.3	22.56	47.38	23.19	15.3	38.47	30.81	35.81	26.57	35.47	39.96	22.02	25.08	27.8	37.64	14.87	18.03	40.31	18.38	30.68	28.46	35.01	13.93	23.0	10.3	41.87	40.0	40.31	2.24	13.6	28.16	13.0	10.82	6.0	2.0	35.36	42.64	27.89	15.03	39.05	8.94	26.17	36.24	15.0	21.4	32.25	30.53	24.6	28.23	43.14	22.36	25.18	16.0	40.61	18.11	34.21	32.65	29.55	42.8	26.17	35.0	16.28	34.06	47.38	25.5	29.21	41.05	
33.62	31.0	18.03	0.0	20.25	6.32	15.62	30.41	15.23	5.66	36.25	5.39	3.61	23.35	18.38	28.16	25.63	19.21	33.14	27.02	7.07	16.49	28.64	18.38	25.5	29.15	13.0	14.21	12.04	38.95	17.69	28.43	9.85	32.28	26.93	29.73	17.03	9.9	30.89	5.1	10.3	18.68	18.03	20.62	30.02	10.82	23.6	26.83	15.65	18.0	21.26	14.21	16.76	34.01	17.0	10.77	12.81	31.78	9.22	7.28	23.43	31.78	23.35	17.0	24.19	26.68	33.96	8.25	17.03	21.21	16.03	35.78	27.29	22.0	27.2	
14.14	17.8	34.13	20.25	0.0	25.5	7.07	14.32	5.83	14.76	16.49	16.16	20.52	5.0	4.0	13.6	21.19	6.4	17.89	28.28	16.49	7.07	12.08	24.33	30.0	10.0	16.76	8.0	9.22	34.48	24.52	29.43	23.85	14.14	6.71	11.05	32.25	20.59	27.86	24.08	23.32	31.38	33.12	2.24	9.85	11.18	30.15	7.07	26.93	11.05	3.16	20.88	16.03	28.65	3.61	9.9	7.62	12.17	12.04	15.52	29.07	14.56	27.0	9.85	10.63	19.24	16.28	15.3	18.97	26.08	16.76	15.81	25.0	12.08	7.07	
38.08	33.54	12.04	6.32	25.5	0.0	21.63	33.84	20.0	11.66	40.82	11.7	5.0	29.07	23.02	31.32	26.17	25.24	36.14	25.5	13.34	20.59	32.31	16.55	23.02	33.62	14.04	20.25	18.03	38.28	15.65	26.83	6.71	36.25	32.02	34.0	11.4	9.06	30.36	1.41	7.62	13.89	12.37	26.17	35.0	17.0	20.62	31.62	12.04	20.88	26.91	13.34	18.03	33.96	22.02	15.62	18.44	36.36	13.6	13.6	20.81	35.47	21.47	23.26	27.51	28.0	37.7	14.56	23.02	19.24	22.2	40.5	26.93	24.74	32.56	
21.02	24.19	31.95	15.62	7.07	21.63	0.0	21.19	7.21	10.0	23.19	10.63	17.0	8.06	8.6	20.12	25.24	3.61	24.7	31.02	10.3	10.0	18.97	25.18	31.78	17.03	17.12	1.41	3.61	39.2	25.08	32.31	21.84	21.21	13.15	18.11	30.36	19.24	31.91	20.25	21.59	30.41	31.32	6.08	16.28	5.0	31.26	14.0	26.17	14.42	6.32	21.02	18.03	33.42	6.4	8.0	4.0	19.03	10.05	9.43	30.41	21.59	28.86	3.61	16.64	24.08	23.35	8.94	12.08	27.46	9.85	22.36	28.65	16.97	12.65	
8.06	5.1	38.6	30.41	14.32	33.84	21.19	0.0	16.03	26.02	10.44	28.0	29.12	17.03	13.15	2.83	15.23	20.59	3.61	23.77	29.07	14.04	2.24	24.76	27.29	6.71	20.59	21.84	22.36	24.33	25.46	24.35	29.53	4.12	11.4	5.39	36.4	25.94	20.22	32.57	28.65	33.97	37.01	16.12	10.77	24.33	28.84	9.22	29.83	13.0	16.64	23.6	17.2	19.03	15.3	20.02	20.22	8.06	21.21	28.07	27.46	2.24	24.7	24.17	6.32	11.7	4.24	28.16	33.24	25.0	31.02	11.18	18.97	9.43	13.6	
18.38	18.03	28.3	15.23	5.83	20.0	7.21	16.03	0.0	10.2	21.02	12.04	15.0	10.44	3.16	14.32	18.03	9.22	19.24	24.04	13.04	2.83	14.0	19.03	25.18	13.93	11.18	7.07	6.71	32.02	19.1	25.3	18.03	17.26	12.04	14.56	26.42	14.76	24.7	18.6	17.49	25.63	27.29	7.28	15.0	8.54	25.0	11.66	21.19	7.21	8.25	15.3	11.18	26.25	2.24	4.47	4.47	16.55	6.4	12.04	24.02	17.03	22.2	10.82	10.44	16.97	19.1	12.17	18.6	21.02	16.4	20.59	21.47	10.0	12.81	
28.46	27.29	22.56	5.66	14.76	11.66	10.0	26.02	10.2	0.0	31.02	2.24	7.28	17.69	13.34	24.02	23.85	13.6	29.02	27.02	4.24	12.0	24.08	19.24	26.42	24.04	12.04	8.6	6.4	37.8	18.79	28.43	13.0	27.46	21.47	24.74	21.21	11.4	29.83	10.3	13.04	22.02	22.2	15.0	24.6	5.39	25.08	21.54	18.25	14.56	15.62	14.76	15.0	32.45	11.7	6.0	7.21	26.57	5.39	3.61	24.6	27.17	23.85	11.7	20.02	24.17	29.27	4.47	13.93	21.95	12.37	30.46	26.25	18.44	21.63	
2.83	15.13	47.38	36.25	16.49	40.82	23.19	10.44	21.02	31.02	0.0	32.57	35.85	16.03	17.89	13.0	25.63	21.0	12.0	34.18	32.98	20.25	10.3	34.41	37.58	7.21	29.0	24.33	25.71	34.01	35.0	34.79	37.64	6.32	10.05	7.07	45.25	34.06	30.59	39.45	36.88	43.28	45.97	17.12	7.0	27.66	38.95	9.49	38.95	21.21	17.03	32.56	26.25	29.07	19.31	25.5	24.04	4.47	27.29	32.02	37.59	8.25	34.89	25.0	15.0	22.14	7.0	31.78	34.06	34.99	32.02	1.41	29.41	18.6	11.05	
30.08	29.43	23.19	5.39	16.16	11.7	10.63	28.0	12.04	2.24	32.57	0.0	8.0	18.6	15.13	26.08	26.08	14.14	31.06	29.07	2.24	14.04	26.02	21.1	28.3	25.71	14.14	9.22	7.21	40.0	20.59	30.48	14.14	29.27	22.85	26.48	22.02	13.0	32.02	10.44	14.32	23.19	23.02	16.12	26.0	5.66	26.83	23.09	19.65	16.76	16.64	16.64	17.2	34.67	13.34	8.06	8.54	28.16	7.62	2.0	26.42	29.07	25.81	11.66	22.09	26.4	31.14	3.0	12.37	23.85	11.05	31.95	28.43	20.62	22.83	
33.12	29.15	15.3	3.61	20.52	5.0	17.0	29.12	15.0	7.28	35.85	8.0	0.0	24.21	18.03	26.68	22.8	20.59	31.58	23.6	10.05	15.65	27.51	14.87	21.93	28.65	10.2	15.65	13.42	35.78	14.14	25.0	6.32	31.38	27.02	29.07	14.04	6.4	27.73	3.61	6.71	15.3	15.03	21.26	30.0	12.65	20.0	26.63	12.08	16.28	22.02	10.82	14.14	31.02	17.03	10.63	13.6	31.38	8.6	10.0	19.85	30.68	19.85	18.97	22.8	24.19	32.89	11.0	20.22	17.69	19.03	35.51	24.17	20.22	27.59	
14.32	21.26	38.47	23.35	5.0	29.07	8.06	17.03	10.44	17.69	16.03	18.6	24.21	0.0	9.0	17.03	25.96	5.1	20.62	33.24	18.36	12.04	14.87	29.27	35.0	11.18	21.59	9.43	11.4	38.91	29.43	34.37	28.18	15.65	6.32	12.53	36.67	25.08	32.57	27.66	27.73	36.06	37.58	3.16	9.06	13.04	35.13	8.06	31.62	16.03	2.24	25.71	21.02	33.11	8.25	13.89	10.63	12.37	16.12	17.49	34.06	16.64	32.0	9.06	14.76	23.77	17.89	17.0	18.03	31.06	16.0	15.0	29.83	16.76	5.0	
15.23	15.65	30.81	18.38	4.0	23.02	8.6	13.15	3.16	13.34	17.89	15.13	18.03	9.0	0.0	11.7	17.46	9.43	16.49	24.33	16.0	3.16	11.05	20.4	26.0	10.77	13.0	8.94	9.22	31.06	20.62	25.5	20.62	14.14	9.22	11.4	28.84	17.2	24.17	21.63	20.0	27.73	29.68	6.08	12.04	11.18	26.17	8.6	23.26	7.07	7.07	17.09	12.04	25.24	2.24	7.62	7.07	13.42	9.43	15.0	25.08	14.0	23.0	12.04	8.06	15.81	16.03	15.03	20.59	22.09	18.36	17.49	21.19	8.6	10.3	
10.44	4.24	35.81	28.16	13.6	31.32	20.12	2.83	14.32	24.02	13.0	26.08	26.68	17.03	11.7	0.0	12.65	20.0	5.0	21.19	27.29	12.04	3.0	21.93	24.6	8.06	17.89	20.62	20.88	22.8	22.63	21.84	26.83	6.71	12.08	7.0	33.6	23.26	18.03	30.08	25.94	31.14	34.21	15.62	12.17	22.8	26.08	9.85	27.02	10.44	16.28	20.81	14.42	17.26	13.93	18.03	18.68	10.05	19.03	26.31	24.7	5.0	21.95	23.32	4.0	9.22	7.07	26.48	32.2	22.2	29.97	13.6	16.49	6.71	14.32	
23.09	11.4	26.57	25.63	21.19	26.17	25.24	15.23	18.03	23.85	25.63	26.08	22.8	25.96	17.46	12.65	0.0	26.83	15.0	8.54	28.02	15.26	15.52	11.7	12.21	20.22	12.65	25.0	24.08	14.14	12.65	9.22	20.0	19.31	23.02	19.42	24.35	17.12	6.71	25.32	19.0	21.02	24.7	23.41	24.08	25.46	14.14	21.0	17.72	10.82	24.35	13.0	8.94	8.6	19.24	19.1	22.02	22.56	18.6	27.2	12.73	17.46	9.9	28.84	12.0	3.61	19.24	27.8	36.07	10.82	33.97	26.25	4.0	9.22	25.08	
19.1	24.21	35.47	19.21	6.4	25.24	3.61	20.59	9.22	13.6	21.0	14.14	20.59	5.1	9.43	20.0	26.83	0.0	24.19	33.24	13.6	11.7	18.36	28.02	34.37	15.52	20.0	5.0	7.21	40.5	28.0	34.48	25.3	19.92	11.05	16.76	33.84	22.56	33.54	23.85	25.0	33.73	34.79	4.47	14.0	8.49	34.06	12.37	29.43	16.16	4.12	24.02	20.4	34.67	7.62	11.18	7.28	17.12	13.34	12.81	33.14	20.62	31.4	4.0	16.97	25.24	22.14	12.21	13.15	30.15	11.05	20.02	30.46	18.03	10.05	
10.2	3.61	39.96	33.14	17.89	36.14	24.7	3.61	19.24	29.02	12.0	31.06	31.58	20.62	16.49	5.0	15.0	24.19	0.0	23.32	32.25	17.03	5.83	25.61	27.2	10.0	22.47	25.3	25.71	22.02	26.4	23.71	31.38	6.32	14.87	8.6	37.74	27.86	18.97	34.93	30.46	35.0	38.28	19.72	13.89	27.66	29.07	12.73	31.06	15.3	20.25	25.06	18.79	17.12	18.68	23.02	23.54	10.77	24.02	31.26	27.66	4.47	24.84	27.73	9.0	11.4	5.0	31.4	36.77	25.46	34.54	13.04	18.36	11.4	17.03	
31.62	19.72	22.02	27.02	28.28	25.5	31.02	23.77	24.04	27.02	34.18	29.07	23.6	33.24	24.33	21.19	8.54	33.24	23.32	0.0	31.24	21.59	24.04	8.94	4.47	28.64	15.0	30.46	29.07	13.15	9.85	1.41	18.79	27.86	31.06	27.89	20.0	17.2	6.32	25.06	17.89	16.03	20.02	30.41	32.39	30.02	7.28	29.15	14.32	17.26	31.4	12.81	13.0	10.44	25.71	23.71	27.31	31.05	22.47	30.61	6.08	26.0	4.12	34.54	20.22	12.08	27.73	31.4	40.5	6.32	38.59	34.79	5.0	17.03	33.02	
30.59	30.81	25.08	7.07	16.49	13.34	10.3	29.07	13.04	4.24	32.98	2.24	10.05	18.36	16.0	27.29	28.02	13.6	32.25	31.24	0.0	15.3	27.02	23.32	30.53	26.31	16.28	8.94	7.28	42.01	22.83	32.65	16.28	30.07	23.09	27.17	24.0	15.23	34.06	12.17	16.49	25.32	25.0	16.16	26.25	5.39	29.07	23.54	21.84	18.38	16.55	18.87	19.21	36.62	14.04	9.49	9.06	28.64	9.43	1.0	28.65	30.0	28.02	10.63	23.35	28.18	32.02	1.41	10.2	26.08	9.0	32.28	30.48	22.14	22.85	
17.49	15.52	27.8	16.49	7.07	20.59	10.0	14.04	2.83	12.0	20.25	14.04	15.65	12.04	3.16	12.04	15.26	11.7	17.03	21.59	15.3	0.0	12.17	17.26	23.02	13.04	9.85	9.9	9.43	29.21	17.46	22.8	17.69	15.81	12.21	13.42	25.81	14.21	21.95	19.24	17.03	24.6	26.63	9.0	14.87	11.18	23.09	11.31	20.12	4.47	10.0	13.93	9.0	23.43	4.12	6.0	7.21	15.81	7.28	14.32	22.02	15.3	20.02	13.6	8.06	14.14	17.46	14.56	21.4	19.03	19.21	20.0	18.79	7.21	13.42	
7.62	6.71	37.64	28.64	12.08	32.31	18.97	2.24	14.0	24.08	10.3	26.02	27.51	14.87	11.05	3.0	15.52	18.36	5.83	24.04	27.02	12.17	0.0	24.21	27.31	5.1	19.42	19.65	20.22	25.71	24.84	24.74	28.3	4.24	9.43	4.0	35.47	24.7	21.02	31.02	27.46	33.24	36.12	13.89	9.22	22.2	28.65	7.21	29.0	11.66	14.42	22.67	16.28	20.22	13.15	18.11	18.11	7.07	19.42	26.02	27.29	3.16	24.6	21.93	5.0	12.17	5.39	26.08	31.02	24.7	28.79	10.77	19.42	8.49	11.66	
31.62	22.2	14.87	18.38	24.33	16.55	25.18	24.76	19.03	19.24	34.41	21.1	14.87	29.27	20.4	21.93	11.7	28.02	25.61	8.94	23.32	17.26	24.21	0.0	7.21	27.78	8.06	24.33	22.56	21.84	1.0	10.3	9.85	28.43	28.79	27.46	12.65	8.49	14.14	16.12	8.94	9.43	13.0	26.17	30.87	23.09	6.08	27.31	6.08	13.93	27.17	4.47	8.54	18.03	21.1	17.26	21.21	30.53	15.52	22.83	5.39	26.91	5.0	28.44	19.42	14.76	29.0	23.71	33.11	2.83	31.38	34.67	11.0	15.81	30.36	
34.93	23.6	18.03	25.5	30.0	23.02	31.78	27.29	25.18	26.42	37.58	28.3	21.93	35.0	26.0	24.6	12.21	34.37	27.2	4.47	30.53	23.02	27.31	7.21	0.0	31.62	14.87	31.05	29.41	17.0	7.81	5.1	16.4	31.3	33.54	31.02	16.12	15.62	10.77	22.8	15.62	12.04	16.03	32.02	35.17	30.08	3.0	31.78	11.18	19.03	33.02	11.66	14.04	14.87	27.07	24.04	27.89	34.18	22.47	30.02	2.24	29.53	3.0	35.17	23.09	15.81	31.38	30.89	40.25	4.47	38.48	38.08	9.22	19.65	35.36	
4.47	11.7	40.31	29.15	10.0	33.62	17.03	6.71	13.93	24.04	7.21	25.71	28.65	11.18	10.77	8.06	20.22	15.52	10.0	28.64	26.31	13.04	5.1	27.78	31.62	0.0	21.93	18.0	19.1	30.81	28.3	29.43	30.48	4.47	5.0	1.41	38.21	26.91	26.0	32.25	29.73	36.4	38.95	11.18	4.12	21.1	32.7	3.16	32.02	14.21	11.4	25.61	19.42	25.32	12.37	18.38	17.26	2.83	20.12	25.32	31.38	5.66	28.79	19.42	8.54	17.03	6.71	25.18	28.64	28.64	26.48	7.07	24.19	12.08	7.07	
26.17	19.65	18.38	13.0	16.76	14.04	17.12	20.59	11.18	12.04	29.0	14.14	10.2	21.59	13.0	17.89	12.65	20.0	22.47	15.0	16.28	9.85	19.42	8.06	14.87	21.93	0.0	16.28	14.56	26.08	8.0	16.4	8.94	23.6	21.95	21.93	16.28	5.39	18.03	13.0	8.06	14.76	17.03	18.44	24.41	15.23	14.14	20.81	10.3	7.81	19.42	4.12	4.0	21.02	13.34	9.22	13.15	24.76	7.62	15.62	13.34	22.47	12.08	20.4	14.42	14.04	24.7	16.4	25.55	10.44	23.71	29.0	14.42	11.18	23.26	
22.09	24.6	30.68	14.21	8.0	20.25	1.41	21.84	7.07	8.6	24.33	9.22	15.65	9.43	8.94	20.62	25.0	5.0	25.3	30.46	8.94	9.9	19.65	24.33	31.05	18.0	16.28	0.0	2.24	39.05	24.19	31.78	20.62	22.09	14.32	19.03	29.12	18.11	31.62	18.87	20.4	29.27	30.08	7.28	17.46	3.61	30.41	15.03	25.08	14.21	7.62	20.1	17.46	33.3	6.71	7.07	3.16	20.1	9.0	8.06	29.61	22.36	28.16	4.12	17.0	24.04	24.19	7.62	11.66	26.68	9.43	23.54	28.3	17.03	13.93	
23.35	24.7	28.46	12.04	9.22	18.03	3.61	22.36	6.71	6.4	25.71	7.21	13.42	11.4	9.22	20.88	24.08	7.21	25.71	29.07	7.28	9.43	20.22	22.56	29.41	19.1	14.56	2.24	0.0	38.21	22.36	30.41	18.44	23.0	15.81	20.02	26.93	16.03	30.61	16.64	18.25	27.17	27.89	8.94	18.97	2.0	28.64	16.28	23.02	13.45	9.43	18.25	16.12	32.53	7.07	5.39	2.24	21.38	7.07	6.32	27.89	23.09	26.57	6.0	17.09	23.43	25.02	6.08	12.04	25.0	9.9	25.0	27.2	16.64	15.65	
32.14	19.24	35.01	38.95	34.48	38.28	39.2	24.33	32.02	37.8	34.01	40.0	35.78	38.91	31.06	22.8	14.14	40.5	22.02	13.15	42.01	29.21	25.71	21.84	17.0	30.81	26.08	39.05	38.21	0.0	22.8	12.04	31.62	28.16	34.79	29.61	33.06	29.55	8.06	37.7	30.68	29.02	33.02	36.72	34.93	39.6	20.0	32.57	27.46	24.84	37.59	25.08	22.8	5.83	33.02	33.24	36.12	32.39	32.65	41.23	19.03	26.17	17.26	42.8	24.17	15.26	27.02	41.87	50.21	19.42	48.1	35.06	11.66	22.47	37.0	
32.2	23.02	13.93	17.69	24.52	15.65	25.08	25.46	19.1	18.79	35.0	20.59	14.14	29.43	20.62	22.63	12.65	28.0	26.4	9.85	22.83	17.46	24.84	1.0	7.81	28.3	8.0	24.19	22.36	22.8	0.0	11.18	8.94	29.07	29.15	28.02	11.7	7.81	15.13	15.26	8.06	8.6	12.08	26.31	31.3	22.8	6.32	27.73	5.1	14.32	27.29	4.12	8.94	19.03	21.21	17.12	21.1	31.06	15.3	22.36	5.83	27.59	5.83	28.28	20.0	15.65	29.7	23.26	32.7	3.61	31.02	35.23	12.0	16.4	30.68	
32.28	20.12	23.0	28.43	29.43	26.83	32.31	24.35	25.3	28.43	34.79	30.48	25.0	34.37	25.5	21.84	9.22	34.48	23.71	1.41	32.65	22.8	24.74	10.3	5.1	29.43	16.4	31.78	30.41	12.04	11.18	0.0	20.12	28.46	32.02	28.64	21.02	18.6	5.83	26.42	19.24	17.0	21.0	31.58	33.24	31.38	8.06	30.07	15.52	18.44	32.56	14.21	14.32	9.85	26.93	25.06	28.64	31.78	23.85	32.02	7.0	26.57	5.39	35.85	21.1	12.65	28.23	32.8	41.88	7.62	39.96	35.44	5.39	18.0	34.0	
34.83	28.46	10.3	9.85	23.85	6.71	21.84	29.53	18.03	13.0	37.64	14.14	6.32	28.18	20.62	26.83	20.0	25.3	31.38	18.79	16.28	17.69	28.3	9.85	16.4	30.48	8.94	20.62	18.44	31.62	8.94	20.12	0.0	32.45	29.83	30.61	8.54	3.61	23.77	6.4	1.0	9.06	9.49	25.06	32.56	18.11	14.14	29.0	5.83	16.64	25.94	7.0	12.65	27.46	20.25	14.32	18.03	33.3	12.08	16.12	14.21	31.38	14.76	24.33	23.32	22.2	33.62	17.12	26.48	12.53	25.18	37.54	20.4	20.12	30.81	
4.0	9.0	41.87	32.28	14.14	36.25	21.21	4.12	17.26	27.46	6.32	29.27	31.38	15.65	14.14	6.71	19.31	19.92	6.32	27.86	30.07	15.81	4.24	28.43	31.3	4.47	23.6	22.09	23.0	28.16	29.07	28.46	32.45	0.0	9.43	3.16	39.7	28.84	24.33	34.93	31.62	37.48	40.36	15.52	7.81	25.0	32.76	7.62	33.24	15.81	15.81	26.91	20.52	23.0	16.03	21.59	21.02	4.47	23.09	29.07	31.38	2.0	28.65	23.77	9.22	15.81	2.24	29.02	32.98	28.84	30.81	7.07	23.09	12.73	11.4	
8.06	16.12	40.0	26.93	6.71	32.02	13.15	11.4	12.04	21.47	10.05	22.85	27.02	6.32	9.22	12.08	23.02	11.05	14.87	31.06	23.09	12.21	9.43	28.79	33.54	5.0	21.95	14.32	15.81	34.79	29.15	32.02	29.83	9.43	0.0	6.4	38.01	26.4	29.27	30.61	29.21	36.72	38.83	7.07	3.16	17.72	34.21	2.24	32.25	14.87	7.0	25.94	20.25	29.12	10.0	16.4	14.32	6.08	18.44	22.14	32.98	10.63	30.59	15.03	11.05	20.22	11.66	21.84	24.19	30.08	22.09	9.22	27.02	14.04	2.24	
4.24	10.44	40.31	29.73	11.05	34.0	18.11	5.39	14.56	24.74	7.07	26.48	29.07	12.53	11.4	7.0	19.42	16.76	8.6	27.89	27.17	13.42	4.0	27.46	31.02	1.41	21.93	19.03	20.02	29.61	28.02	28.64	30.61	3.16	6.4	0.0	38.18	27.02	25.02	32.65	29.83	36.24	38.9	12.37	5.39	22.02	32.2	4.47	31.89	14.14	12.65	25.5	19.21	24.19	13.15	18.97	18.11	3.16	20.62	26.17	30.87	4.24	28.23	20.62	8.06	16.12	5.39	26.08	29.83	28.18	27.66	7.21	23.35	11.66	8.49	
42.43	34.48	2.24	17.03	32.25	11.4	30.36	36.4	26.42	21.21	45.25	22.02	14.04	36.67	28.84	33.6	24.35	33.84	37.74	20.0	24.0	25.81	35.47	12.65	16.12	38.21	16.28	29.12	26.93	33.06	11.7	21.02	8.54	39.7	38.01	38.18	0.0	11.66	26.08	12.17	8.94	4.12	1.0	33.54	40.61	26.48	13.15	37.01	6.71	24.04	34.44	12.81	19.21	30.15	28.65	22.85	26.57	41.04	20.62	24.02	14.04	38.42	16.03	32.76	30.48	27.31	40.61	25.02	34.06	14.14	33.0	45.28	23.35	27.02	39.12	
31.24	25.0	13.6	9.9	20.59	9.06	19.24	25.94	14.76	11.4	34.06	13.0	6.4	25.08	17.2	23.26	17.12	22.56	27.86	17.2	15.23	14.21	24.7	8.49	15.62	26.91	5.39	18.11	16.03	29.55	7.81	18.6	3.61	28.84	26.4	27.02	11.66	0.0	21.54	8.25	2.83	11.18	12.53	21.93	29.07	16.03	13.89	25.5	7.0	13.04	22.85	4.47	9.22	25.0	17.0	11.4	15.3	29.73	9.22	14.87	13.6	27.78	13.45	22.02	19.72	19.03	30.02	15.81	25.3	11.31	23.77	33.97	18.03	16.55	27.46	
28.28	15.52	28.16	30.89	27.86	30.36	31.91	20.22	24.7	29.83	30.59	32.02	27.73	32.57	24.17	18.03	6.71	33.54	18.97	6.32	34.06	21.95	21.02	14.14	10.77	26.0	18.03	31.62	30.61	8.06	15.13	5.83	23.77	24.33	29.27	25.02	26.08	21.54	0.0	29.73	22.8	22.2	26.17	30.08	30.02	31.89	13.6	27.17	20.02	17.49	31.02	17.09	14.87	4.12	25.94	25.5	28.6	28.07	24.76	33.3	12.37	22.36	10.05	35.51	18.25	9.06	23.77	33.97	42.52	12.0	40.46	31.4	3.61	15.81	31.4	
36.72	32.39	13.0	5.1	24.08	1.41	20.25	32.57	18.6	10.3	39.45	10.44	3.61	27.66	21.63	30.08	25.32	23.85	34.93	25.06	12.17	19.24	31.02	16.12	22.8	32.25	13.0	18.87	16.64	37.7	15.26	26.42	6.4	34.93	30.61	32.65	12.17	8.25	29.73	0.0	7.21	14.32	13.15	24.76	33.6	15.65	20.52	30.23	12.04	19.65	25.5	12.65	17.0	33.24	20.62	14.21	17.03	34.99	12.21	12.37	20.62	34.18	21.1	21.93	26.25	27.02	36.4	13.34	22.0	18.87	21.1	39.12	26.25	23.54	31.14	
34.06	27.51	10.82	10.3	23.32	7.62	21.59	28.65	17.49	13.04	36.88	14.32	6.71	27.73	20.0	25.94	19.0	25.0	30.46	17.89	16.49	17.03	27.46	8.94	15.62	29.73	8.06	20.4	18.25	30.68	8.06	19.24	1.0	31.62	29.21	29.83	8.94	2.83	22.8	7.21	0.0	9.0	9.85	24.6	31.89	18.03	13.45	28.32	5.39	15.81	25.5	6.0	11.7	26.48	19.72	13.93	17.72	32.56	11.7	16.28	13.45	30.53	13.89	24.19	22.47	21.21	32.76	17.26	26.68	11.66	25.32	36.8	19.42	19.24	30.23	
40.46	31.62	6.0	18.68	31.38	13.89	30.41	33.97	25.63	22.02	43.28	23.19	15.3	36.06	27.73	31.14	21.02	33.73	35.0	16.03	25.32	24.6	33.24	9.43	12.04	36.4	14.76	29.27	27.17	29.02	8.6	17.0	9.06	37.48	36.72	36.24	4.12	11.18	22.2	14.32	9.0	0.0	4.0	32.89	39.12	27.02	9.06	35.51	4.47	22.2	33.84	10.82	17.03	26.31	27.86	22.56	26.48	39.2	20.4	25.18	10.0	36.07	12.17	33.14	28.32	24.19	38.21	26.17	35.51	10.44	34.23	43.42	19.65	24.76	38.01	
43.14	34.99	2.0	18.03	33.12	12.37	31.32	37.01	27.29	22.2	45.97	23.02	15.03	37.58	29.68	34.21	24.7	34.79	38.28	20.02	25.0	26.63	36.12	13.0	16.03	38.95	17.03	30.08	27.89	33.02	12.08	21.0	9.49	40.36	38.83	38.9	1.0	12.53	26.17	13.15	9.85	4.0	0.0	34.44	41.4	27.46	13.04	37.8	7.21	24.76	35.34	13.45	19.85	30.27	29.53	23.77	27.51	41.77	21.54	25.02	14.0	39.05	16.12	33.73	31.14	27.73	41.23	26.02	35.06	14.32	34.0	46.01	23.54	27.66	39.96	
15.0	19.85	35.36	20.62	2.24	26.17	6.08	16.12	7.28	15.0	17.12	16.12	21.26	3.16	6.08	15.62	23.41	4.47	19.72	30.41	16.16	9.0	13.89	26.17	32.02	11.18	18.44	7.28	8.94	36.72	26.31	31.58	25.06	15.52	7.07	12.37	33.54	21.93	30.08	24.76	24.6	32.89	34.44	0.0	10.2	10.77	32.06	8.06	28.46	13.15	1.0	22.56	18.0	30.89	5.1	10.82	7.81	13.0	13.04	15.23	31.02	16.16	29.02	8.25	12.81	21.47	17.72	14.87	17.46	28.02	15.3	16.28	27.2	14.32	6.71	
5.39	15.81	42.64	30.02	9.85	35.0	16.28	10.77	15.0	24.6	7.0	26.0	30.0	9.06	12.04	12.17	24.08	14.0	13.89	32.39	26.25	14.87	9.22	30.87	35.17	4.12	24.41	17.46	18.97	34.93	31.3	33.24	32.56	7.81	3.16	5.39	40.61	29.07	30.02	33.6	31.89	39.12	41.4	10.2	0.0	20.88	36.06	3.61	34.67	17.0	10.05	28.3	22.36	29.43	13.04	19.42	17.46	3.61	21.4	25.3	34.79	9.43	32.28	18.0	12.17	21.0	9.9	25.0	27.07	31.95	25.02	6.08	28.07	15.52	4.12	
25.32	26.57	27.89	10.82	11.18	17.0	5.0	24.33	8.54	5.39	27.66	5.66	12.65	13.04	11.18	22.8	25.46	8.49	27.66	30.02	5.39	11.18	22.2	23.09	30.08	21.1	15.23	3.61	2.0	39.6	22.8	31.38	18.11	25.0	17.72	22.02	26.48	16.03	31.89	15.65	18.03	27.02	27.46	10.77	20.88	0.0	29.12	18.25	23.02	15.0	11.18	18.68	17.2	33.97	9.06	6.4	4.12	23.35	7.62	4.47	28.46	25.08	27.31	6.32	18.97	25.0	27.02	4.12	10.63	25.63	8.6	26.93	28.43	18.36	17.46	
36.24	25.5	15.03	23.6	30.15	20.62	31.26	28.84	25.0	25.08	38.95	26.83	20.0	35.13	26.17	26.08	14.14	34.06	29.07	7.28	29.07	23.09	28.65	6.08	3.0	32.7	14.14	30.41	28.64	20.0	6.32	8.06	14.14	32.76	34.21	32.2	13.15	13.89	13.6	20.52	13.45	9.06	13.04	32.06	36.06	29.12	0.0	32.57	8.6	19.42	33.06	10.44	14.14	17.72	27.02	23.35	27.29	35.34	21.59	28.64	1.41	31.06	4.24	34.53	24.17	17.69	33.02	29.55	39.0	4.12	37.34	39.36	11.66	20.62	35.9	
7.07	13.89	39.05	26.83	7.07	31.62	14.0	9.22	11.66	21.54	9.49	23.09	26.63	8.06	8.6	9.85	21.0	12.37	12.73	29.15	23.54	11.31	7.21	27.31	31.78	3.16	20.81	15.03	16.28	32.57	27.73	30.07	29.0	7.62	2.24	4.47	37.01	25.5	27.17	30.23	28.32	35.51	37.8	8.06	3.61	18.25	32.57	0.0	31.06	13.42	8.25	24.7	18.79	26.93	9.85	16.12	14.56	5.1	18.03	22.56	31.32	8.6	28.86	16.28	9.0	18.11	9.85	22.36	25.5	28.46	23.35	8.94	25.0	12.17	4.47	
36.12	27.78	8.94	15.65	26.93	12.04	26.17	29.83	21.19	18.25	38.95	19.65	12.08	31.62	23.26	27.02	17.72	29.43	31.06	14.32	21.84	20.12	29.0	6.08	11.18	32.02	10.3	25.08	23.02	27.46	5.1	15.52	5.83	33.24	32.25	31.89	6.71	7.0	20.02	12.04	5.39	4.47	7.21	28.46	34.67	23.02	8.6	31.06	0.0	17.8	29.41	6.4	12.73	24.0	23.41	18.25	22.2	34.83	16.12	21.59	8.94	31.89	10.2	29.02	24.04	20.62	34.06	22.56	32.02	8.06	30.59	39.05	17.03	20.52	33.54	
18.38	13.0	26.17	18.0	11.05	20.88	14.42	13.0	7.21	14.56	21.21	16.76	16.28	16.03	7.07	10.44	10.82	16.16	15.3	17.26	18.38	4.47	11.66	13.93	19.03	14.21	7.81	14.21	13.45	24.84	14.32	18.44	16.64	15.81	14.87	14.14	24.04	13.04	17.49	19.65	15.81	22.2	24.76	13.15	17.0	15.0	19.42	13.42	17.8	0.0	14.14	11.4	5.39	19.1	8.54	8.94	11.31	17.03	9.22	17.46	18.25	14.76	16.03	18.03	6.71	10.0	17.0	17.89	25.5	15.3	23.35	21.26	14.32	4.0	16.49	
15.03	20.52	36.24	21.26	3.16	26.91	6.32	16.64	8.25	15.62	17.03	16.64	22.02	2.24	7.07	16.28	24.35	4.12	20.25	31.4	16.55	10.0	14.42	27.17	33.02	11.4	19.42	7.62	9.43	37.59	27.29	32.56	25.94	15.81	7.0	12.65	34.44	22.85	31.02	25.5	25.5	33.84	35.34	1.0	10.05	11.18	33.06	8.25	29.41	14.14	0.0	23.54	19.0	31.76	6.08	11.66	8.49	13.04	13.89	15.65	32.02	16.55	30.02	8.06	13.6	22.36	18.03	15.23	17.26	29.02	15.13	16.12	28.16	15.23	6.32	
29.73	21.93	15.0	14.21	20.88	13.34	21.02	23.6	15.3	14.76	32.56	16.64	10.82	25.71	17.09	20.81	13.0	24.02	25.06	12.81	18.87	13.93	22.67	4.47	11.66	25.61	4.12	20.1	18.25	25.08	4.12	14.21	7.0	26.91	25.94	25.5	12.81	4.47	17.09	12.65	6.0	10.82	13.45	22.56	28.3	18.68	10.44	24.7	6.4	11.4	23.54	0.0	6.4	20.62	17.46	13.04	17.03	28.43	11.18	18.36	9.85	25.61	9.22	24.19	17.69	15.3	27.8	19.24	28.64	7.21	26.93	32.65	13.6	14.21	27.31	
23.43	15.81	21.4	16.76	16.03	18.03	18.03	17.2	11.18	15.0	26.25	17.2	14.14	21.02	12.04	14.42	8.94	20.4	18.79	13.0	19.21	9.0	16.28	8.54	14.04	19.42	4.0	17.46	16.12	22.8	8.94	14.32	12.65	20.52	20.25	19.21	19.21	9.22	14.87	17.0	11.7	17.03	19.85	18.0	22.36	17.2	14.14	18.79	12.73	5.39	19.0	6.4	0.0	17.49	13.04	10.82	14.32	22.2	9.9	18.44	13.04	19.21	11.05	21.54	11.31	10.05	21.4	19.1	27.8	10.05	25.81	26.4	11.31	7.81	21.84	
27.0	14.0	32.25	34.01	28.65	33.96	33.42	19.03	26.25	32.45	29.07	34.67	31.02	33.11	25.24	17.26	8.6	34.67	17.12	10.44	36.62	23.43	20.22	18.03	14.87	25.32	21.02	33.3	32.53	5.83	19.03	9.85	27.46	23.0	29.12	24.19	30.15	25.0	4.12	33.24	26.48	26.31	30.27	30.89	29.43	33.97	17.72	26.93	24.0	19.1	31.76	20.62	17.49	0.0	27.2	27.66	30.41	27.07	27.2	35.81	16.49	21.0	14.14	37.01	18.38	9.43	22.09	36.4	44.55	16.03	42.43	30.02	7.07	16.64	31.32	
16.76	17.89	30.53	17.0	3.61	22.02	6.4	15.3	2.24	11.7	19.31	13.34	17.03	8.25	2.24	13.93	19.24	7.62	18.68	25.71	14.04	4.12	13.15	21.1	27.07	12.37	13.34	6.71	7.07	33.02	21.21	26.93	20.25	16.03	10.0	13.15	28.65	17.0	25.94	20.62	19.72	27.86	29.53	5.1	13.04	9.06	27.02	9.85	23.41	8.54	6.08	17.46	13.04	27.2	0.0	6.4	5.0	14.87	8.49	13.04	26.0	16.03	24.08	9.9	10.3	17.8	18.0	13.0	18.36	23.0	16.12	18.79	22.85	10.63	10.63	
22.85	21.38	24.6	10.77	9.9	15.62	8.0	20.02	4.47	6.0	25.5	8.06	10.63	13.89	7.62	18.03	19.1	11.18	23.02	23.71	9.49	6.0	18.11	17.26	24.04	18.38	9.22	7.07	5.39	33.24	17.12	25.06	14.32	21.59	16.4	18.97	22.85	11.4	25.5	14.21	13.93	22.56	23.77	10.82	19.42	6.4	23.35	16.12	18.25	8.94	11.66	13.04	10.82	27.66	6.4	0.0	4.0	21.02	2.24	8.54	22.56	21.21	21.19	11.18	14.04	18.87	23.35	8.94	17.03	19.65	15.0	25.06	22.02	12.65	16.97	
21.59	22.47	28.23	12.81	7.62	18.44	4.0	20.22	4.47	7.21	24.04	8.54	13.6	10.63	7.07	18.68	22.02	7.28	23.54	27.31	9.06	7.21	18.11	21.21	27.89	17.26	13.15	3.16	2.24	36.12	21.1	28.64	18.03	21.02	14.32	18.11	26.57	15.3	28.6	17.03	17.72	26.48	27.51	7.81	17.46	4.12	27.29	14.56	22.2	11.31	8.49	17.03	14.32	30.41	5.0	4.0	0.0	19.65	6.08	8.06	26.48	21.02	25.0	7.28	14.87	21.26	23.0	8.0	14.21	23.54	12.04	23.41	25.24	14.42	14.42	
2.0	13.15	43.14	31.78	12.17	36.36	19.03	8.06	16.55	26.57	4.47	28.16	31.38	12.37	13.42	10.05	22.56	17.12	10.77	31.05	28.64	15.81	7.07	30.53	34.18	2.83	24.76	20.1	21.38	32.39	31.06	31.78	33.3	4.47	6.08	3.16	41.04	29.73	28.07	34.99	32.56	39.2	41.77	13.0	3.61	23.35	35.34	5.1	34.83	17.03	13.04	28.43	22.2	27.07	14.87	21.02	19.65	0.0	22.83	27.66	34.01	6.32	31.38	21.1	11.18	19.24	6.4	27.46	30.27	31.3	28.16	4.24	26.48	14.76	7.62	
24.6	22.09	22.36	9.22	12.04	13.6	10.05	21.21	6.4	5.39	27.29	7.62	8.6	16.12	9.43	19.03	18.6	13.34	24.02	22.47	9.43	7.28	19.42	15.52	22.47	20.12	7.62	9.0	7.07	32.65	15.3	23.85	12.08	23.09	18.44	20.62	20.62	9.22	24.76	12.21	11.7	20.4	21.54	13.04	21.4	7.62	21.59	18.03	16.12	9.22	13.89	11.18	9.9	27.2	8.49	2.24	6.08	22.83	0.0	8.6	20.88	22.56	19.7	13.04	15.03	18.79	24.74	9.22	18.03	18.03	16.12	26.93	21.21	13.15	19.1	
29.61	29.83	25.18	7.28	15.52	13.6	9.43	28.07	12.04	3.61	32.02	2.0	10.0	17.49	15.0	26.31	27.2	12.81	31.26	30.61	1.0	14.32	26.02	22.83	30.02	25.32	15.62	8.06	6.32	41.23	22.36	32.02	16.12	29.07	22.14	26.17	24.02	14.87	33.3	12.37	16.28	25.18	25.02	15.23	25.3	4.47	28.64	22.56	21.59	17.46	15.65	18.36	18.44	35.81	13.04	8.54	8.06	27.66	8.6	0.0	28.18	29.0	27.46	10.0	22.36	27.29	31.02	1.0	10.44	25.55	9.06	31.32	29.73	21.19	21.93	
34.89	24.08	16.0	23.43	29.07	20.81	30.41	27.46	24.02	24.6	37.59	26.42	19.85	34.06	25.08	24.7	12.73	33.14	27.66	6.08	28.65	22.02	27.29	5.39	2.24	31.38	13.34	29.61	27.89	19.03	5.83	7.0	14.21	31.38	32.98	30.87	14.04	13.6	12.37	20.62	13.45	10.0	14.0	31.02	34.79	28.46	1.41	31.32	8.94	18.25	32.02	9.85	13.04	16.49	26.0	22.56	26.48	34.01	20.88	28.18	0.0	29.68	2.83	33.73	22.85	16.28	31.62	29.07	38.48	3.0	36.77	38.01	10.3	19.31	34.71	
6.0	7.0	40.61	31.78	14.56	35.47	21.59	2.24	17.03	27.17	8.25	29.07	30.68	16.64	14.0	5.0	17.46	20.62	4.47	26.0	30.0	15.3	3.16	26.91	29.53	5.66	22.47	22.36	23.09	26.17	27.59	26.57	31.38	2.0	10.63	4.24	38.42	27.78	22.36	34.18	30.53	36.07	39.05	16.16	9.43	25.08	31.06	8.6	31.89	14.76	16.55	25.61	19.21	21.0	16.03	21.21	21.02	6.32	22.56	29.0	29.68	0.0	26.93	24.35	8.06	13.93	2.24	29.02	33.53	27.2	31.32	9.06	21.19	11.4	12.73	
32.2	21.26	18.11	23.35	27.0	21.47	28.86	24.7	22.2	23.85	34.89	25.81	19.85	32.0	23.0	21.95	9.9	31.4	24.84	4.12	28.02	20.02	24.6	5.0	3.0	28.79	12.08	28.16	26.57	17.26	5.83	5.39	14.76	28.65	30.59	28.23	16.03	13.45	10.05	21.1	13.89	12.17	16.12	29.02	32.28	27.31	4.24	28.86	10.2	16.03	30.02	9.22	11.05	14.14	24.08	21.19	25.0	31.38	19.7	27.46	2.83	26.93	0.0	32.28	20.25	13.45	28.84	28.3	37.59	2.24	35.78	35.34	7.62	16.76	32.39	
23.09	27.46	34.21	17.0	9.85	23.26	3.61	24.17	10.82	11.7	25.0	11.66	18.97	9.06	12.04	23.32	28.84	4.0	27.73	34.54	10.63	13.6	21.93	28.44	35.17	19.42	20.4	4.12	6.0	42.8	28.28	35.85	24.33	23.77	15.03	20.62	32.76	22.02	35.51	21.93	24.19	33.14	33.73	8.25	18.0	6.32	34.53	16.28	29.02	18.03	8.06	24.19	21.54	37.01	9.9	11.18	7.28	21.1	13.04	10.0	33.73	24.35	32.28	0.0	20.0	27.66	25.96	9.22	9.22	30.81	7.07	24.02	32.25	20.52	14.04	
12.21	7.62	32.65	24.19	10.63	27.51	16.64	6.32	10.44	20.02	15.0	22.09	22.8	14.76	8.06	4.0	12.0	16.97	9.0	20.22	23.35	8.06	5.0	19.42	23.09	8.54	14.42	17.0	17.09	24.17	20.0	21.1	23.32	9.22	11.05	8.06	30.48	19.72	18.25	26.25	22.47	28.32	31.14	12.81	12.17	18.97	24.17	9.0	24.04	6.71	13.6	17.69	11.31	18.38	10.3	14.04	14.87	11.18	15.03	22.36	22.85	8.06	20.25	20.0	0.0	9.22	10.3	22.56	28.65	20.12	26.42	15.26	16.0	3.61	13.15	
19.65	7.81	29.55	26.68	19.24	28.0	24.08	11.7	16.97	24.17	22.14	26.4	24.19	23.77	15.81	9.22	3.61	25.24	11.4	12.08	28.18	14.14	12.17	14.76	15.81	17.03	14.04	24.04	23.43	15.26	15.65	12.65	22.2	15.81	20.22	16.12	27.31	19.03	9.06	27.02	21.21	24.19	27.73	21.47	21.0	25.0	17.69	18.11	20.62	10.0	22.36	15.3	10.05	9.43	17.8	18.87	21.26	19.24	18.79	27.29	16.28	13.93	13.45	27.66	9.22	0.0	15.65	27.78	35.47	14.21	33.3	22.8	7.28	7.21	22.36	
5.39	8.25	42.8	33.96	16.28	37.7	23.35	4.24	19.1	29.27	7.0	31.14	32.89	17.89	16.03	7.07	19.24	22.14	5.0	27.73	32.02	17.46	5.39	29.0	31.38	6.71	24.7	24.19	25.02	27.02	29.7	28.23	33.62	2.24	11.66	5.39	40.61	30.02	23.77	36.4	32.76	38.21	41.23	17.72	9.9	27.02	33.02	9.85	34.06	17.0	18.03	27.8	21.4	22.09	18.0	23.35	23.0	6.4	24.74	31.02	31.62	2.24	28.84	25.96	10.3	15.65	0.0	31.0	35.17	29.21	32.98	8.06	22.85	13.6	13.6	
29.43	30.08	26.17	8.25	15.3	14.56	8.94	28.16	12.17	4.47	31.78	3.0	11.0	17.0	15.03	26.48	27.8	12.21	31.4	31.4	1.41	14.56	26.08	23.71	30.89	25.18	16.4	7.62	6.08	41.87	23.26	32.8	17.12	29.02	21.84	26.08	25.02	15.81	33.97	13.34	17.26	26.17	26.02	14.87	25.0	4.12	29.55	22.36	22.56	17.89	15.23	19.24	19.1	36.4	13.0	8.94	8.0	27.46	9.22	1.0	29.07	29.02	28.3	9.22	22.56	27.78	31.0	0.0	9.49	26.42	8.06	31.05	30.41	21.54	21.54	
32.25	36.24	35.0	17.03	18.97	23.02	12.08	33.24	18.6	13.93	34.06	12.37	20.22	18.03	20.59	32.2	36.07	13.15	36.77	40.5	10.2	21.4	31.02	33.11	40.25	28.64	25.55	11.66	12.04	50.21	32.7	41.88	26.48	32.98	24.19	29.83	34.06	25.3	42.52	22.0	26.68	35.51	35.06	17.46	27.07	10.63	39.0	25.5	32.02	25.5	17.26	28.64	27.8	44.55	18.36	17.03	14.21	30.27	18.03	10.44	38.48	33.53	37.59	9.22	28.65	35.47	35.17	9.49	0.0	35.78	2.24	33.02	39.05	28.6	23.02	
32.25	21.93	16.28	21.21	26.08	19.24	27.46	25.0	21.02	21.95	34.99	23.85	17.69	31.06	22.09	22.2	10.82	30.15	25.46	6.32	26.08	19.03	24.7	2.83	4.47	28.64	10.44	26.68	25.0	19.42	3.61	7.62	12.53	28.84	30.08	28.18	14.14	11.31	12.0	18.87	11.66	10.44	14.32	28.02	31.95	25.63	4.12	28.46	8.06	15.3	29.02	7.21	10.05	16.03	23.0	19.65	23.54	31.3	18.03	25.55	3.0	27.2	2.24	30.81	20.12	14.21	29.21	26.42	35.78	0.0	34.01	35.36	9.22	16.55	31.78	
30.15	34.0	34.06	16.03	16.76	22.2	9.85	31.02	16.4	12.37	32.02	11.05	19.03	16.0	18.36	29.97	33.97	11.05	34.54	38.59	9.0	19.21	28.79	31.38	38.48	26.48	23.71	9.43	9.9	48.1	31.02	39.96	25.18	30.81	22.09	27.66	33.0	23.77	40.46	21.1	25.32	34.23	34.0	15.3	25.02	8.6	37.34	23.35	30.59	23.35	15.13	26.93	25.81	42.43	16.12	15.0	12.04	28.16	16.12	9.06	36.77	31.32	35.78	7.07	26.42	33.3	32.98	8.06	2.24	34.01	0.0	31.0	37.01	26.4	21.0	
3.16	16.03	47.38	35.78	15.81	40.5	22.36	11.18	20.59	30.46	1.41	31.95	35.51	15.0	17.49	13.6	26.25	20.02	13.04	34.79	32.28	20.0	10.77	34.67	38.08	7.07	29.0	23.54	25.0	35.06	35.23	35.44	37.54	7.07	9.22	7.21	45.28	33.97	31.4	39.12	36.8	43.42	46.01	16.28	6.08	26.93	39.36	8.94	39.05	21.26	16.12	32.65	26.4	30.02	18.79	25.06	23.41	4.24	26.93	31.32	38.01	9.06	35.34	24.02	15.26	22.8	8.06	31.05	33.02	35.36	31.0	0.0	30.08	18.87	10.0	
26.93	14.76	25.5	27.29	25.0	26.93	28.65	18.97	21.47	26.25	29.41	28.43	24.17	29.83	21.19	16.49	4.0	30.46	18.36	5.0	30.48	18.79	19.42	11.0	9.22	24.19	14.42	28.3	27.2	11.66	12.0	5.39	20.4	23.09	27.02	23.35	23.35	18.03	3.61	26.25	19.42	19.65	23.54	27.2	28.07	28.43	11.66	25.0	17.03	14.32	28.16	13.6	11.31	7.07	22.85	22.02	25.24	26.48	21.21	29.73	10.3	21.19	7.62	32.25	16.0	7.28	22.85	30.41	39.05	9.22	37.01	30.08	0.0	13.15	29.07	
15.81	9.0	29.21	22.0	12.08	24.74	16.97	9.43	10.0	18.44	18.6	20.62	20.22	16.76	8.6	6.71	9.22	18.03	11.4	17.03	22.14	7.21	8.49	15.81	19.65	12.08	11.18	17.03	16.64	22.47	16.4	18.0	20.12	12.73	14.04	11.66	27.02	16.55	15.81	23.54	19.24	24.76	27.66	14.32	15.52	18.36	20.62	12.17	20.52	4.0	15.23	14.21	7.81	16.64	10.63	12.65	14.42	14.76	13.15	21.19	19.31	11.4	16.76	20.52	3.61	7.21	13.6	21.54	28.6	16.55	26.4	18.87	13.15	0.0	16.0	
9.49	18.36	41.05	27.2	7.07	32.56	12.65	13.6	12.81	21.63	11.05	22.83	27.59	5.0	10.3	14.32	25.08	10.05	17.03	33.02	22.85	13.42	11.66	30.36	35.36	7.07	23.26	13.93	15.65	37.0	30.68	34.0	30.81	11.4	2.24	8.49	39.12	27.46	31.4	31.14	30.23	38.01	39.96	6.71	4.12	17.46	35.9	4.47	33.54	16.49	6.32	27.31	21.84	31.32	10.63	16.97	14.42	7.62	19.1	21.93	34.71	12.73	32.39	14.04	13.15	22.36	13.6	21.54	23.02	31.78	21.0	10.0	29.07	16.0	0.0	
