80
0.0	33.0	5.0	33.06	25.24	19.24	5.0	8.49	21.21	30.36	12.81	16.28	39.36	27.29	7.62	29.83	7.62	22.36	28.0	10.63	24.21	34.53	27.66	28.43	15.81	7.0	33.6	30.68	25.71	33.54	26.4	20.88	17.2	10.82	11.05	26.63	19.03	32.45	14.21	20.81	35.01	24.21	15.65	12.37	26.4	23.35	1.0	21.54	30.08	31.02	23.71	19.0	30.41	39.45	15.0	34.79	8.0	11.66	3.0	16.03	18.38	17.26	31.38	12.65	28.64	26.17	21.93	32.02	5.0	35.9	16.4	34.23	35.23	32.02	31.4	7.07	15.81	30.46	20.62	12.65	
33.0	0.0	33.38	2.0	18.44	14.32	37.12	27.66	12.37	9.85	26.93	17.26	18.11	7.21	36.67	8.06	30.81	16.4	5.0	25.96	26.17	6.08	8.49	21.1	18.68	33.73	20.88	10.77	10.0	6.0	20.0	33.6	21.47	24.74	35.74	18.6	14.04	18.97	26.4	20.0	2.24	20.52	20.25	32.31	20.0	22.63	33.02	15.26	12.08	11.7	16.28	38.08	15.23	20.02	26.83	11.0	33.96	23.77	36.0	17.03	17.46	16.28	17.09	31.38	7.81	22.8	15.81	8.25	29.15	8.25	26.42	4.12	4.47	21.54	5.39	34.71	27.29	13.0	13.93	38.9	
5.0	33.38	0.0	33.14	28.32	20.62	4.47	12.53	21.1	29.27	9.43	17.89	37.34	27.02	3.61	29.07	12.37	20.62	28.44	14.42	28.3	35.74	29.15	25.55	15.0	2.0	30.89	29.43	27.31	34.79	23.71	16.16	14.87	14.21	16.03	24.17	19.42	29.97	10.82	18.38	35.51	21.47	18.44	7.62	29.7	27.02	6.0	23.85	28.64	33.12	26.4	24.0	33.02	37.16	19.24	36.67	3.0	14.87	5.83	16.49	20.81	17.12	29.15	17.46	30.08	23.02	20.4	33.62	4.47	35.13	12.81	35.17	35.01	29.15	31.0	2.24	12.04	32.76	20.0	17.46	
33.06	2.0	33.14	0.0	20.0	14.87	37.01	28.16	12.04	8.06	26.25	17.72	16.12	6.32	36.35	6.4	31.32	15.26	5.39	26.57	27.66	8.06	10.0	19.42	18.25	33.38	18.97	8.94	11.31	8.0	18.44	32.45	20.62	25.3	36.4	17.03	14.04	17.09	25.63	18.87	3.61	19.1	21.02	31.62	21.63	24.08	33.14	16.4	10.3	13.6	17.69	39.12	17.09	18.03	27.78	13.0	33.54	24.35	36.06	17.03	18.36	16.03	15.23	32.2	9.43	21.26	14.76	10.2	29.02	6.32	25.5	6.08	2.83	19.7	3.61	34.37	26.4	14.87	13.34	39.56	
25.24	18.44	28.32	20.0	0.0	11.18	30.23	17.0	17.0	24.35	27.29	12.08	34.93	18.97	31.89	22.47	19.31	24.02	15.65	14.76	7.81	15.26	10.0	32.02	19.92	29.7	34.53	25.3	8.94	14.42	30.0	37.16	25.0	14.42	22.2	29.02	15.13	32.56	27.73	26.31	19.1	29.07	9.9	31.62	2.0	4.47	24.7	6.08	25.96	8.54	3.0	21.59	6.0	36.4	12.17	12.37	30.41	13.6	27.78	15.81	8.06	17.46	30.59	17.12	10.63	32.06	23.02	11.66	24.04	26.08	29.15	16.4	22.8	34.23	21.47	30.41	29.55	7.28	19.03	25.08	
19.24	14.32	20.62	14.87	11.18	0.0	23.77	13.34	6.32	15.62	17.03	3.0	26.4	10.63	24.17	14.14	16.49	13.04	9.49	11.7	16.49	15.3	8.54	21.21	8.94	21.47	24.35	16.4	6.71	14.32	19.1	26.42	13.93	10.44	21.54	18.25	4.0	22.47	17.2	15.13	16.12	18.0	6.4	21.93	13.15	13.15	19.1	5.1	16.64	12.81	8.25	24.84	13.6	27.46	13.45	16.12	21.95	9.49	22.2	5.0	4.47	6.32	20.62	17.49	9.49	21.0	12.04	13.0	16.16	19.42	18.36	15.03	17.46	23.77	14.42	22.36	18.87	12.73	8.06	24.7	
5.0	37.12	4.47	37.01	30.23	23.77	0.0	13.45	25.0	33.54	13.89	20.88	41.79	31.02	4.12	33.24	12.21	25.0	32.14	15.62	29.07	39.05	32.28	30.02	19.1	5.66	35.36	33.73	30.36	38.08	28.18	19.72	19.31	15.81	14.32	28.64	23.09	34.44	15.26	22.85	39.2	25.94	20.59	11.4	31.4	28.32	5.66	26.4	32.98	35.85	28.65	22.36	35.36	41.63	19.85	39.56	6.4	16.64	3.16	20.1	23.26	21.0	33.62	17.0	33.24	27.46	24.74	36.69	8.0	39.32	17.2	38.64	39.01	33.62	35.06	5.0	16.4	35.34	24.08	15.0	
8.49	27.66	12.53	28.16	17.0	13.34	13.45	0.0	17.49	27.46	16.12	10.44	37.64	23.26	15.81	26.42	3.16	21.26	22.8	2.24	15.81	28.0	21.0	28.84	14.21	14.32	33.42	28.02	19.0	27.0	26.63	26.0	17.89	3.0	8.6	26.4	14.76	31.89	17.26	21.1	29.43	24.7	8.06	18.25	18.03	14.87	7.81	14.14	27.8	23.54	15.81	14.32	22.47	38.21	6.71	27.46	15.23	4.0	10.82	12.21	11.05	14.21	30.41	6.32	22.0	27.29	20.52	25.08	9.22	32.2	19.42	28.07	30.68	32.2	27.31	14.76	19.24	22.8	17.8	11.66	
21.21	12.37	21.1	12.04	17.0	6.32	25.0	17.49	0.0	10.0	14.76	7.81	20.52	6.08	24.33	8.94	20.59	7.07	7.62	16.4	22.8	15.81	10.82	15.03	6.32	21.38	18.03	10.63	9.85	15.0	13.0	22.67	9.9	15.0	26.08	12.04	2.83	16.16	14.42	9.85	14.56	12.17	12.21	20.12	19.0	19.42	21.38	11.05	10.63	16.12	14.0	30.41	18.03	21.4	19.21	18.44	21.59	14.21	24.19	5.39	10.77	4.0	14.32	22.67	11.4	15.13	6.08	14.87	17.0	14.87	14.87	14.76	14.04	17.46	10.2	22.36	15.62	16.55	2.24	29.15	
30.36	9.85	29.27	8.06	24.35	15.62	33.54	27.46	10.0	0.0	21.02	17.69	10.82	5.39	32.06	2.0	30.53	9.06	9.06	26.4	31.3	15.81	15.13	11.4	14.56	29.07	11.18	1.0	15.52	15.52	10.63	25.5	15.03	25.0	36.06	9.22	12.81	9.22	20.1	12.37	11.66	11.66	21.93	26.17	26.25	27.73	30.68	19.24	2.24	20.0	21.54	40.31	23.09	12.08	29.0	20.4	29.02	24.21	33.24	15.26	20.0	13.42	7.28	32.65	15.03	13.45	9.0	17.12	25.71	6.08	19.42	13.93	7.81	11.7	4.47	30.07	20.4	21.02	9.85	39.12	
12.81	26.93	9.43	26.25	27.29	17.03	13.89	16.12	14.76	21.02	0.0	15.26	28.16	19.92	11.4	21.21	17.72	12.0	22.36	17.0	29.83	30.53	24.84	16.12	8.6	8.54	21.47	21.0	23.35	29.68	14.32	10.2	6.0	16.03	22.85	14.87	14.21	20.62	1.41	9.22	29.15	12.08	18.03	5.39	29.07	27.51	13.6	21.63	20.02	29.7	24.7	30.08	30.61	27.86	22.02	32.65	8.25	16.12	14.87	12.04	19.24	11.4	19.92	22.36	25.61	13.6	12.04	29.21	8.06	27.07	3.61	29.53	27.66	19.72	23.54	9.49	3.16	29.73	13.0	25.06	
16.28	17.26	17.89	17.72	12.08	3.0	20.88	10.44	7.81	17.69	15.26	0.0	28.32	13.04	21.47	16.4	13.6	13.6	12.37	8.94	16.03	18.25	11.4	21.84	8.06	18.87	25.5	18.38	9.49	17.26	19.65	25.08	13.15	7.62	18.79	18.97	5.0	23.71	15.65	15.03	19.1	18.25	4.47	19.85	13.93	13.04	16.12	6.4	18.44	15.26	9.43	22.63	15.56	29.21	11.4	18.79	19.42	6.71	19.24	4.0	4.12	6.08	21.95	15.0	12.37	21.21	12.65	15.81	13.42	21.95	17.09	18.03	20.25	24.7	17.0	19.72	17.46	15.0	8.94	21.93	
39.36	18.11	37.34	16.12	34.93	26.4	41.79	37.64	20.52	10.82	28.16	28.32	0.0	16.12	39.56	12.53	40.61	17.0	19.31	36.8	42.06	24.02	25.3	13.0	23.85	36.69	8.25	10.0	26.0	24.08	14.14	29.07	22.47	35.38	46.23	13.34	23.35	8.0	26.93	18.97	19.0	16.28	32.65	32.56	36.77	38.47	39.82	30.02	9.9	29.61	32.2	50.93	32.98	2.24	39.7	29.07	36.4	34.66	42.05	25.5	30.81	23.43	8.25	43.14	25.0	16.0	17.49	26.31	34.44	10.0	25.5	22.02	14.0	10.2	13.6	37.64	26.48	30.81	19.85	49.2	
27.29	7.21	27.02	6.32	18.97	10.63	31.02	23.26	6.08	5.39	19.92	13.04	16.12	0.0	30.15	3.61	26.4	9.22	4.12	21.95	25.94	12.21	10.0	14.87	12.04	27.17	16.0	6.32	10.2	11.66	13.42	26.4	14.32	20.59	31.76	12.08	8.54	14.0	19.31	12.81	9.43	13.6	17.03	25.3	20.88	22.36	27.46	13.89	7.07	15.13	16.16	35.47	18.0	17.46	24.08	16.16	27.29	19.72	30.27	11.4	14.87	10.05	12.0	28.02	10.05	16.12	8.6	12.65	23.02	8.94	19.24	10.63	8.0	16.12	4.12	28.16	20.12	16.03	7.07	34.89	
7.62	36.67	3.61	36.35	31.89	24.17	4.12	15.81	24.33	32.06	11.4	21.47	39.56	30.15	0.0	32.0	15.23	23.19	31.78	17.8	31.62	39.22	32.7	27.31	18.11	3.0	32.7	32.14	30.87	38.28	25.63	15.81	17.26	17.69	18.11	26.25	22.8	31.95	12.65	20.62	38.83	23.41	22.02	7.81	33.24	30.48	8.54	27.46	31.26	36.72	30.0	26.17	36.62	39.22	22.47	40.25	3.16	18.38	7.0	19.92	24.41	20.4	31.32	20.25	33.62	24.6	23.09	37.16	8.06	38.01	14.32	38.6	38.12	30.87	34.06	2.0	13.42	36.36	23.09	19.03	
29.83	8.06	29.07	6.4	22.47	14.14	33.24	26.42	8.94	2.0	21.21	16.4	12.53	3.61	32.0	0.0	29.53	9.49	7.07	25.24	29.53	13.93	13.15	13.04	14.14	29.0	13.15	3.0	13.6	13.6	12.04	26.42	15.3	23.85	34.99	10.63	11.66	11.18	20.4	13.0	10.0	12.81	20.52	26.48	24.35	25.94	30.08	17.49	4.12	18.0	19.7	38.95	21.1	13.93	27.59	18.44	29.02	23.02	32.76	14.32	18.44	12.65	9.22	31.4	13.04	14.87	9.22	15.13	25.32	6.08	19.92	12.08	6.71	13.6	2.83	30.0	20.88	19.03	9.22	38.08	
7.62	30.81	12.37	31.32	19.31	16.49	12.21	3.16	20.59	30.53	17.72	13.6	40.61	26.4	15.23	29.53	0.0	24.04	25.96	5.0	16.97	31.02	24.02	31.4	16.97	14.32	36.12	31.06	22.02	30.02	29.21	27.17	20.25	6.08	5.66	29.07	17.89	34.66	18.97	23.6	32.56	27.2	11.0	19.0	20.12	16.64	6.71	17.03	30.81	26.31	18.44	12.37	25.0	41.11	7.81	30.27	15.3	7.07	9.22	15.26	14.0	17.2	33.24	5.1	25.02	29.68	23.35	28.02	10.05	35.34	21.19	31.14	33.84	34.83	30.46	14.56	20.88	25.5	20.81	8.6	
22.36	16.4	20.62	15.26	24.02	13.04	25.0	21.26	7.07	9.06	12.0	13.6	17.0	9.22	23.19	9.49	24.04	0.0	12.81	20.81	29.43	21.26	17.46	8.25	7.07	20.22	12.21	9.0	16.76	20.62	6.08	17.2	6.0	19.42	29.7	5.39	9.06	10.63	11.05	3.61	18.6	5.1	18.03	17.12	26.02	26.17	22.83	18.0	8.06	22.85	21.02	35.23	25.0	17.2	24.6	24.7	20.1	18.87	25.08	9.85	17.26	7.62	9.22	27.2	17.89	8.06	1.0	21.1	17.46	15.13	10.44	19.8	16.16	11.18	12.08	21.21	11.4	23.41	5.0	32.56	
28.0	5.0	28.44	5.39	15.65	9.49	32.14	22.8	7.62	9.06	22.36	12.37	19.31	4.12	31.78	7.07	25.96	12.81	0.0	21.19	23.02	8.49	6.08	18.97	13.93	28.86	20.02	10.05	6.71	7.81	17.46	29.73	17.2	19.92	31.02	16.16	9.06	18.03	21.95	16.28	7.07	17.49	15.65	27.73	17.46	19.42	28.02	11.31	11.0	11.05	13.04	33.84	14.04	20.88	22.47	12.08	29.12	18.97	31.0	12.04	13.04	11.4	16.03	26.83	6.0	20.12	12.04	8.54	24.19	10.63	22.2	7.21	8.06	20.22	5.83	29.83	23.02	12.0	9.43	34.18	
10.63	25.96	14.42	26.57	14.76	11.7	15.62	2.24	16.4	26.4	17.0	8.94	36.8	21.95	17.8	25.24	5.0	20.81	21.19	0.0	13.89	26.02	19.03	28.65	13.89	16.12	33.02	27.02	17.03	25.02	26.42	27.07	18.03	1.41	9.85	26.08	13.6	31.4	18.03	21.02	27.66	24.6	6.0	19.65	15.81	12.73	10.0	12.04	26.91	21.38	13.6	14.42	20.25	37.48	5.1	25.32	17.0	2.24	13.04	11.31	9.0	13.45	29.83	6.4	20.02	27.31	20.0	23.02	10.77	30.89	20.1	26.17	29.15	31.91	25.94	16.64	20.02	20.62	16.97	13.0	
24.21	26.17	28.3	27.66	7.81	16.49	29.07	15.81	22.8	31.3	29.83	16.03	42.06	25.94	31.62	29.53	16.97	29.43	23.02	13.89	0.0	23.02	17.69	37.66	24.0	30.02	40.8	32.2	16.4	22.2	35.51	40.02	29.02	14.32	17.89	34.71	20.4	38.9	30.59	31.06	26.91	34.23	12.04	33.24	6.71	3.61	23.43	12.08	32.7	16.12	10.0	15.0	13.0	43.38	9.22	19.7	30.89	13.93	26.17	20.02	12.17	22.09	37.0	13.04	18.38	37.22	28.44	19.42	24.6	33.6	32.39	24.21	30.48	40.26	28.84	30.53	32.56	14.76	24.52	20.25	
34.53	6.08	35.74	8.06	15.26	15.3	39.05	28.0	15.81	15.81	30.53	18.25	24.02	12.21	39.22	13.93	31.02	21.26	8.49	26.02	23.02	0.0	7.0	26.83	21.95	36.4	26.93	16.76	9.0	1.0	25.55	38.21	25.61	25.0	35.36	24.19	16.55	25.0	30.23	24.76	5.1	25.81	20.02	35.85	16.4	19.72	34.37	14.14	18.03	7.07	13.93	36.4	10.63	26.0	25.71	5.1	36.77	24.0	37.48	19.31	17.03	19.24	23.09	30.59	6.0	28.3	20.52	3.61	31.32	14.04	30.61	2.0	10.05	27.51	11.4	37.34	31.4	8.49	17.8	38.47	
27.66	8.49	29.15	10.0	10.0	8.54	32.28	21.0	10.82	15.13	24.84	11.4	25.3	10.0	32.7	13.15	24.02	17.46	6.08	19.03	17.69	7.0	0.0	24.52	16.28	29.97	26.0	16.12	2.0	6.0	22.8	33.42	20.62	18.0	28.44	21.59	10.63	24.0	24.76	20.59	9.43	22.47	13.04	30.0	11.66	14.14	27.46	7.28	17.03	5.39	7.81	29.97	8.0	26.93	18.97	7.81	30.41	17.0	30.59	13.04	10.05	13.45	22.0	23.77	1.0	25.3	16.55	4.47	24.7	16.12	25.5	7.28	12.81	26.08	11.7	30.87	26.17	6.08	13.04	31.58	
28.43	21.1	25.55	19.42	32.02	21.21	30.02	28.84	15.03	11.4	16.12	21.84	13.0	14.87	27.31	13.04	31.4	8.25	18.97	28.65	37.66	26.83	24.52	0.0	14.76	24.6	5.39	10.63	24.19	26.4	2.24	16.12	11.31	27.29	37.01	3.0	17.26	5.0	14.76	7.81	23.02	4.24	26.25	19.92	34.01	34.37	29.07	26.08	9.22	29.83	29.02	43.05	32.39	12.17	32.7	31.02	24.17	26.83	30.81	18.03	25.5	15.81	5.39	34.99	24.74	3.0	9.22	27.51	23.43	16.4	13.0	25.06	19.1	3.61	15.81	25.5	13.93	30.59	13.15	39.7	
15.81	18.68	15.0	18.25	19.92	8.94	19.1	14.21	6.32	14.56	8.6	8.06	23.85	12.04	18.11	14.14	16.97	7.07	13.93	13.89	24.0	21.95	16.28	14.76	0.0	15.13	19.21	14.87	14.87	21.1	12.53	17.49	5.1	12.53	22.63	12.21	5.66	17.69	8.49	7.28	20.88	10.77	12.04	13.89	21.84	21.1	16.16	13.93	14.32	21.26	17.09	28.3	22.47	24.21	18.03	24.08	15.3	12.08	18.68	4.12	12.17	2.83	16.28	20.25	17.03	13.6	6.4	20.62	11.18	20.22	9.43	21.02	20.02	18.03	16.0	16.12	10.0	21.4	5.0	25.5	
7.0	33.73	2.0	33.38	29.7	21.47	5.66	14.32	21.38	29.07	8.54	18.87	36.69	27.17	3.0	29.0	14.32	20.22	28.86	16.12	30.02	36.4	29.97	24.6	15.13	0.0	29.97	29.15	28.18	35.47	22.85	14.32	14.32	15.81	18.03	23.41	19.92	29.15	9.85	17.72	35.9	20.62	19.8	5.83	31.14	28.6	8.0	25.0	28.28	34.13	27.66	26.0	34.21	36.4	21.02	37.59	1.0	16.4	7.62	17.09	22.02	17.46	28.46	19.42	30.87	21.95	20.1	34.44	5.66	35.01	11.66	35.74	35.13	28.18	31.06	1.0	10.82	33.84	20.1	19.42	
33.6	20.88	30.89	18.97	34.53	24.35	35.36	33.42	18.03	11.18	21.47	25.5	8.25	16.0	32.7	13.15	36.12	12.21	20.02	33.02	40.8	26.93	26.0	5.39	19.21	29.97	0.0	10.2	26.08	26.68	7.21	21.0	16.4	31.62	41.77	7.07	20.62	2.0	20.12	12.81	22.47	9.43	29.97	25.3	36.5	37.36	34.21	28.86	9.06	31.06	31.58	47.43	34.0	7.0	36.72	31.58	29.55	31.06	36.06	21.95	28.79	19.72	4.0	39.41	26.02	8.25	13.04	28.28	28.6	14.42	18.38	25.0	17.89	2.0	15.52	30.87	19.31	32.02	16.55	44.55	
30.68	10.77	29.43	8.94	25.3	16.4	33.73	28.02	10.63	1.0	21.0	18.38	10.0	6.32	32.14	3.0	31.06	9.0	10.05	27.02	32.2	16.76	16.12	10.63	14.87	29.15	10.2	0.0	16.49	16.49	10.0	25.08	15.0	25.61	36.62	8.6	13.45	8.25	20.02	12.17	12.53	11.18	22.67	26.08	27.2	28.64	31.02	20.12	1.41	21.0	22.47	41.01	24.08	11.18	29.73	21.38	29.07	24.84	33.53	15.81	20.81	13.89	6.32	33.3	16.03	12.81	9.06	18.11	25.96	6.32	19.24	14.87	8.49	10.77	5.39	30.15	20.22	22.02	10.3	39.66	
25.71	10.0	27.31	11.31	8.94	6.71	30.36	19.0	9.85	15.52	23.35	9.49	26.0	10.2	30.87	13.6	22.02	16.76	6.71	17.03	16.4	9.0	2.0	24.19	14.87	28.18	26.08	16.49	0.0	8.0	22.36	32.2	19.42	16.0	26.48	21.21	9.22	24.08	23.35	19.7	11.18	21.84	11.05	28.43	10.77	12.81	25.5	5.39	17.26	6.4	6.4	28.18	8.25	27.51	17.09	9.43	28.65	15.0	28.64	11.4	8.06	12.04	22.09	21.84	3.0	24.74	15.81	6.32	22.85	17.2	24.21	9.22	14.14	26.0	12.53	29.07	24.84	6.71	12.08	29.61	
33.54	6.0	34.79	8.0	14.42	14.32	38.08	27.0	15.0	15.52	29.68	17.26	24.08	11.66	38.28	13.6	30.02	20.62	7.81	25.02	22.2	1.0	6.0	26.4	21.1	35.47	26.68	16.49	8.0	0.0	25.06	37.48	24.84	24.0	34.37	23.71	15.65	24.74	29.41	24.08	5.39	25.24	19.03	34.99	15.62	18.87	33.38	13.15	17.72	6.4	13.0	35.47	10.0	26.02	24.74	5.0	35.85	23.0	36.5	18.38	16.03	18.36	22.8	29.61	5.0	27.78	19.85	2.83	30.36	14.14	29.83	2.24	10.2	27.2	11.18	36.4	30.61	7.81	17.03	37.48	
26.4	20.0	23.71	18.44	30.0	19.1	28.18	26.63	13.0	10.63	14.32	19.65	14.14	13.42	25.63	12.04	29.21	6.08	17.46	26.42	35.51	25.55	22.8	2.24	12.53	22.85	7.21	10.0	22.36	25.06	0.0	15.52	9.22	25.06	34.83	1.41	15.13	6.32	13.0	5.66	22.02	2.24	24.04	18.44	32.0	32.25	27.02	24.02	8.6	28.16	27.0	40.82	30.59	13.6	30.46	29.55	22.47	24.6	28.84	15.81	23.35	13.6	6.0	32.76	23.09	2.83	7.07	26.0	21.4	16.12	11.4	23.85	18.44	5.66	14.87	23.77	12.37	28.86	11.05	37.54	
20.88	33.6	16.16	32.45	37.16	26.42	19.72	26.0	22.67	25.5	10.2	25.08	29.07	26.4	15.81	26.42	27.17	17.2	29.73	27.07	40.02	38.21	33.42	16.12	17.49	14.32	21.0	25.08	32.2	37.48	15.52	0.0	12.81	26.17	31.78	16.76	23.02	21.1	9.49	13.6	35.81	13.93	28.16	8.54	39.0	37.64	21.84	31.3	23.77	38.6	34.44	39.46	39.96	28.0	32.14	41.11	13.42	26.31	21.93	21.47	29.15	20.25	21.38	32.06	34.06	13.15	17.8	37.54	17.12	31.38	8.06	36.88	33.12	19.0	29.15	14.76	7.62	38.83	20.52	33.53	
17.2	21.47	14.87	20.62	25.0	13.93	19.31	17.89	9.9	15.03	6.0	13.15	22.47	14.32	17.26	15.3	20.25	6.0	17.2	18.03	29.02	25.61	20.62	11.31	5.1	14.32	16.4	15.0	19.42	24.84	9.22	12.81	0.0	16.76	25.81	9.43	10.3	15.26	5.1	3.61	23.71	7.07	17.0	11.18	26.93	26.17	17.8	18.97	14.04	25.81	22.14	32.2	27.29	22.36	22.56	28.32	14.14	16.49	19.72	9.22	17.26	7.62	14.32	24.17	21.26	9.43	6.08	24.76	12.21	21.1	5.0	24.41	21.84	14.87	17.72	15.3	5.83	26.08	7.81	28.43	
10.82	24.74	14.21	25.3	14.42	10.44	15.81	3.0	15.0	25.0	16.03	7.62	35.38	20.59	17.69	23.85	6.08	19.42	19.92	1.41	14.32	25.0	18.0	27.29	12.53	15.81	31.62	25.61	16.0	24.0	25.06	26.17	16.76	0.0	11.18	24.7	12.21	30.0	17.0	19.7	26.48	23.26	5.1	18.97	15.62	12.81	10.3	11.18	25.5	20.62	13.0	15.81	19.7	36.07	6.0	24.52	16.64	1.0	13.42	9.9	8.06	12.04	28.43	7.81	19.0	26.0	18.6	22.09	10.3	29.53	19.03	25.08	27.86	30.53	24.6	16.4	19.0	19.92	15.56	14.32	
11.05	35.74	16.03	36.4	22.2	21.54	14.32	8.6	26.08	36.06	22.85	18.79	46.23	31.76	18.11	34.99	5.66	29.7	31.02	9.85	17.89	35.36	28.44	37.01	22.63	18.03	41.77	36.62	26.48	34.37	34.83	31.78	25.81	11.18	0.0	34.71	23.32	40.31	24.17	29.21	37.36	32.8	15.52	23.35	22.56	18.68	10.05	21.21	36.4	30.0	22.0	8.06	28.16	46.75	10.05	34.0	19.03	12.08	11.18	20.81	18.44	22.8	38.9	5.1	29.43	35.23	29.0	32.14	14.87	40.71	26.4	35.69	39.0	40.46	35.78	18.0	26.0	29.02	26.4	3.16	
26.63	18.6	24.17	17.03	29.02	18.25	28.64	26.4	12.04	9.22	14.87	18.97	13.34	12.08	26.25	10.63	29.07	5.39	16.16	26.08	34.71	24.19	21.59	3.0	12.21	23.41	7.07	8.6	21.21	23.71	1.41	16.76	9.43	24.7	34.71	0.0	14.32	5.83	13.6	5.83	20.62	3.0	23.41	19.24	31.02	31.4	27.2	23.09	7.21	26.93	26.02	40.5	29.43	13.0	29.97	28.23	23.09	24.19	29.15	15.23	22.56	13.0	5.1	32.45	21.84	4.24	6.32	24.7	21.63	14.76	12.17	22.47	17.03	5.83	13.45	24.35	13.15	27.66	10.2	37.48	
19.03	14.04	19.42	14.04	15.13	4.0	23.09	14.76	2.83	12.81	14.21	5.0	23.35	8.54	22.8	11.66	17.89	9.06	9.06	13.6	20.4	16.55	10.63	17.26	5.66	19.92	20.62	13.45	9.22	15.65	15.13	23.02	10.3	12.21	23.32	14.32	0.0	18.79	14.14	11.18	16.12	14.0	9.43	19.42	17.12	17.12	19.1	9.06	13.45	15.62	12.17	27.59	17.0	24.21	16.4	18.44	20.25	11.4	22.02	3.0	8.25	2.83	17.0	19.85	11.4	17.0	8.06	15.0	15.13	17.46	15.0	15.81	16.28	19.92	12.65	20.88	15.62	15.81	4.12	26.42	
32.45	18.97	29.97	17.09	32.56	22.47	34.44	31.89	16.16	9.22	20.62	23.71	8.0	14.0	31.95	11.18	34.66	10.63	18.03	31.4	38.9	25.0	24.0	5.0	17.69	29.15	2.0	8.25	24.08	24.74	6.32	21.1	15.26	30.0	40.31	5.83	18.79	0.0	19.31	11.66	20.62	8.54	28.18	24.74	34.53	35.44	33.02	26.93	7.07	29.07	29.61	45.8	32.0	7.28	34.99	29.61	28.79	29.41	34.99	20.25	26.93	18.03	2.0	37.8	24.02	8.0	11.4	26.31	27.46	12.81	17.72	23.09	16.12	2.83	13.6	30.08	18.68	30.02	14.76	43.14	
14.21	26.4	10.82	25.63	27.73	17.2	15.26	17.26	14.42	20.1	1.41	15.65	26.93	19.31	12.65	20.4	18.97	11.05	21.95	18.03	30.59	30.23	24.76	14.76	8.49	9.85	20.12	20.02	23.35	29.41	13.0	9.49	5.1	17.0	24.17	13.6	14.14	19.31	0.0	8.06	28.64	10.77	18.68	6.08	29.55	28.16	15.0	21.95	19.0	29.73	25.06	31.32	30.81	26.57	23.0	32.56	9.49	17.03	16.28	12.21	19.7	11.31	18.68	23.54	25.5	12.21	11.18	29.07	9.43	26.17	2.24	29.15	26.93	18.36	22.8	10.77	2.0	29.83	12.53	26.42	
20.81	20.0	18.38	18.87	26.31	15.13	22.85	21.1	9.85	12.37	9.22	15.03	18.97	12.81	20.62	13.0	23.6	3.61	16.28	21.02	31.06	24.76	20.59	7.81	7.28	17.72	12.81	12.17	19.7	24.08	5.66	13.6	3.61	19.7	29.21	5.83	11.18	11.66	8.06	0.0	22.2	3.61	19.24	14.0	28.28	28.0	21.4	20.22	11.05	25.94	23.35	35.36	27.86	18.79	25.3	28.02	17.46	19.31	23.32	11.05	19.0	9.0	10.77	27.29	21.1	6.32	4.24	24.41	15.81	18.44	7.07	23.35	19.7	11.31	15.65	18.68	8.06	26.4	7.62	31.89	
35.01	2.24	35.51	3.61	19.1	16.12	39.2	29.43	14.56	11.66	29.15	19.1	19.0	9.43	38.83	10.0	32.56	18.6	7.07	27.66	26.91	5.1	9.43	23.02	20.88	35.9	22.47	12.53	11.18	5.39	22.02	35.81	23.71	26.48	37.36	20.62	16.12	20.62	28.64	22.2	0.0	22.63	21.84	34.54	20.52	23.43	35.0	16.55	13.89	11.66	17.2	39.36	15.26	21.02	28.23	10.2	36.14	25.5	38.01	19.1	18.97	18.44	18.79	32.89	8.6	24.84	18.03	8.06	31.26	9.0	28.65	3.16	5.0	23.26	7.21	36.88	29.53	13.04	16.16	40.52	
24.21	20.52	21.47	19.1	29.07	18.0	25.94	24.7	12.17	11.66	12.08	18.25	16.28	13.6	23.41	12.81	27.2	5.1	17.49	24.6	34.23	25.81	22.47	4.24	10.77	20.62	9.43	11.18	21.84	25.24	2.24	13.93	7.07	23.26	32.8	3.0	14.0	8.54	10.77	3.61	22.63	0.0	22.56	16.28	31.06	31.06	24.84	23.02	9.85	27.86	26.08	38.95	30.08	15.81	28.79	29.53	20.25	22.85	26.63	14.32	22.09	12.17	8.06	30.89	22.85	3.0	6.08	25.94	19.21	17.46	9.22	24.21	19.42	7.81	15.62	21.54	10.2	28.46	10.05	35.47	
15.65	20.25	18.44	21.02	9.9	6.4	20.59	8.06	12.21	21.93	18.03	4.47	32.65	17.03	22.02	20.52	11.0	18.03	15.65	6.0	12.04	20.02	13.04	26.25	12.04	19.8	29.97	22.67	11.05	19.03	24.04	28.16	17.0	5.1	15.52	23.41	9.43	28.18	18.68	19.24	21.84	22.56	0.0	21.95	11.4	9.49	15.23	6.08	22.8	15.52	8.06	18.44	14.76	33.6	7.07	19.42	20.52	4.12	18.38	8.25	3.0	10.44	26.42	11.18	14.04	25.5	17.09	17.03	14.14	25.81	20.4	20.22	23.71	29.15	20.81	20.52	20.62	14.87	13.42	18.68	
12.37	32.31	7.62	31.62	31.62	21.93	11.4	18.25	20.12	26.17	5.39	19.85	32.56	25.3	7.81	26.48	19.0	17.12	27.73	19.65	33.24	35.85	30.0	19.92	13.89	5.83	25.3	26.08	28.43	34.99	18.44	8.54	11.18	18.97	23.35	19.24	19.42	24.74	6.08	14.0	34.54	16.28	21.95	0.0	33.29	31.3	13.34	26.25	25.02	34.71	29.21	31.14	35.38	32.02	24.74	37.8	5.0	19.31	13.42	17.03	23.6	16.64	24.33	24.02	30.81	17.09	17.26	34.41	9.06	32.25	7.07	34.89	32.98	23.41	28.86	6.4	6.08	34.66	18.38	25.0	
26.4	20.0	29.7	21.63	2.0	13.15	31.4	18.03	19.0	26.25	29.07	13.93	36.77	20.88	33.24	24.35	20.12	26.02	17.46	15.81	6.71	16.4	11.66	34.01	21.84	31.14	36.5	27.2	10.77	15.62	32.0	39.0	26.93	15.62	22.56	31.02	17.12	34.53	29.55	28.28	20.52	31.06	11.4	33.29	0.0	4.0	25.81	8.06	27.89	9.43	5.0	21.21	6.32	38.28	12.65	13.0	31.89	14.87	28.84	17.72	9.85	19.42	32.56	17.46	12.21	34.06	25.02	12.81	25.5	27.78	31.02	17.69	24.41	36.22	23.26	31.83	31.38	8.06	21.02	25.32	
23.35	22.63	27.02	24.08	4.47	13.15	28.32	14.87	19.42	27.73	27.51	13.04	38.47	22.36	30.48	25.94	16.64	26.17	19.42	12.73	3.61	19.72	14.14	34.37	21.1	28.6	37.36	28.64	12.81	18.87	32.25	37.64	26.17	12.81	18.68	31.4	17.12	35.44	28.16	28.0	23.43	31.06	9.49	31.3	4.0	0.0	22.67	8.54	29.15	13.0	6.4	17.26	10.2	39.81	8.94	16.76	29.41	12.21	25.61	17.03	9.0	19.0	33.53	13.6	14.87	34.06	25.18	16.12	23.02	30.0	29.83	20.81	26.91	36.88	25.24	29.21	30.08	11.7	21.21	21.38	
1.0	33.02	6.0	33.14	24.7	19.1	5.66	7.81	21.38	30.68	13.6	16.12	39.82	27.46	8.54	30.08	6.71	22.83	28.02	10.0	23.43	34.37	27.46	29.07	16.16	8.0	34.21	31.02	25.5	33.38	27.02	21.84	17.8	10.3	10.05	27.2	19.1	33.02	15.0	21.4	35.0	24.84	15.23	13.34	25.81	22.67	0.0	21.19	30.46	30.68	23.26	18.0	29.97	39.96	14.21	34.48	9.0	11.18	3.16	16.12	18.03	17.46	31.91	11.7	28.44	26.87	22.36	31.78	5.66	36.14	17.2	34.13	35.36	32.65	31.58	8.06	16.64	30.08	20.88	11.7	
21.54	15.26	23.85	16.4	6.08	5.1	26.4	14.14	11.05	19.24	21.63	6.4	30.02	13.89	27.46	17.49	17.03	18.0	11.31	12.04	12.08	14.14	7.28	26.08	13.93	25.0	28.86	20.12	5.39	13.15	24.02	31.3	18.97	11.18	21.21	23.09	9.06	26.93	21.95	20.22	16.55	23.02	6.08	26.25	8.06	8.54	21.19	0.0	20.62	9.49	3.16	22.83	9.22	31.3	11.7	13.34	25.61	10.2	24.35	9.85	3.16	11.4	25.0	16.49	8.25	26.02	17.0	11.0	19.42	21.93	23.26	14.56	19.21	28.44	17.03	25.81	23.71	8.94	13.0	24.33	
30.08	12.08	28.64	10.3	25.96	16.64	32.98	27.8	10.63	2.24	20.02	18.44	9.9	7.07	31.26	4.12	30.81	8.06	11.0	26.91	32.7	18.03	17.03	9.22	14.32	28.28	9.06	1.41	17.26	17.72	8.6	23.77	14.04	25.5	36.4	7.21	13.45	7.07	19.0	11.05	13.89	9.85	22.8	25.02	27.89	29.15	30.46	20.62	0.0	22.02	23.09	41.04	25.02	10.82	29.83	22.56	28.16	24.76	32.89	15.62	21.1	13.6	5.1	33.24	17.0	11.4	8.25	19.24	25.3	7.62	18.11	16.16	9.9	9.49	6.71	29.27	19.1	23.0	10.0	39.41	
31.02	11.7	33.12	13.6	8.54	12.81	35.85	23.54	16.12	20.0	29.7	15.26	29.61	15.13	36.72	18.0	26.31	22.85	11.05	21.38	16.12	7.07	5.39	29.83	21.26	34.13	31.06	21.0	6.4	6.4	28.16	38.6	25.81	20.62	30.0	26.93	15.62	29.07	29.73	25.94	11.66	27.86	15.52	34.71	9.43	13.0	30.68	9.49	22.02	0.0	8.0	30.08	3.61	31.4	20.02	4.0	34.67	19.65	33.84	17.69	12.65	18.44	27.07	25.02	5.1	30.68	21.93	3.61	28.65	19.92	30.61	8.6	16.16	31.26	16.12	34.99	31.24	1.41	18.36	33.02	
23.71	16.28	26.4	17.69	3.0	8.25	28.65	15.81	14.0	21.54	24.7	9.43	32.2	16.16	30.0	19.7	18.44	21.02	13.04	13.6	10.0	13.93	7.81	29.02	17.09	27.66	31.58	22.47	6.4	13.0	27.0	34.44	22.14	13.0	22.0	26.02	12.17	29.61	25.06	23.35	17.2	26.08	8.06	29.21	5.0	6.4	23.26	3.16	23.09	8.0	0.0	22.47	6.71	33.62	12.04	12.0	28.32	12.08	26.4	13.0	5.66	14.56	27.66	17.03	8.6	29.07	20.02	10.44	22.02	23.6	26.4	14.76	20.52	31.26	18.87	28.43	26.83	7.07	16.03	25.02	
19.0	38.08	24.0	39.12	21.59	24.84	22.36	14.32	30.41	40.31	30.08	22.63	50.93	35.47	26.17	38.95	12.37	35.23	33.84	14.42	15.0	36.4	29.97	43.05	28.3	26.0	47.43	41.01	28.18	35.47	40.82	39.46	32.2	15.81	8.06	40.5	27.59	45.8	31.32	35.36	39.36	38.95	18.44	31.14	21.21	17.26	18.0	22.83	41.04	30.08	22.47	0.0	27.46	51.74	11.4	33.96	27.0	16.4	19.24	25.61	20.81	27.8	44.2	8.06	30.87	41.59	34.41	32.89	22.36	44.2	33.53	37.16	41.88	46.32	39.2	26.02	33.24	28.86	31.24	8.06	
30.41	15.23	33.02	17.09	6.0	13.6	35.36	22.47	18.03	23.09	30.61	15.56	32.98	18.0	36.62	21.1	25.0	25.0	14.04	20.25	13.0	10.63	8.0	32.39	22.47	34.21	34.0	24.08	8.25	10.0	30.59	39.96	27.29	19.7	28.16	29.43	17.0	32.0	30.81	27.86	15.26	30.08	14.76	35.38	6.32	10.2	29.97	9.22	25.02	3.61	6.71	27.46	0.0	34.71	18.11	6.71	34.83	18.79	33.11	18.6	12.21	19.72	30.0	23.09	8.06	32.98	24.04	7.21	28.6	23.41	31.91	12.21	19.7	34.06	19.42	35.0	32.45	2.24	20.25	31.06	
39.45	20.02	37.16	18.03	36.4	27.46	41.63	38.21	21.4	12.08	27.86	29.21	2.24	17.46	39.22	13.93	41.11	17.2	20.88	37.48	43.38	26.0	26.93	12.17	24.21	36.4	7.0	11.18	27.51	26.02	13.6	28.0	22.36	36.07	46.75	13.0	24.21	7.28	26.57	18.79	21.02	15.81	33.6	32.02	38.28	39.81	39.96	31.3	10.82	31.4	33.62	51.74	34.71	0.0	40.61	31.02	36.06	35.38	42.06	26.17	31.91	24.04	8.06	43.86	26.68	15.13	17.8	28.16	34.48	12.04	25.0	24.0	16.03	9.0	15.3	37.34	25.96	32.56	20.52	49.68	
15.0	26.83	19.24	27.78	12.17	13.45	19.85	6.71	19.21	29.0	22.02	11.4	39.7	24.08	22.47	27.59	7.81	24.6	22.47	5.1	9.22	25.71	18.97	32.7	18.03	21.02	36.72	29.73	17.09	24.74	30.46	32.14	22.56	6.0	10.05	29.97	16.4	34.99	23.0	25.3	28.23	28.79	7.07	24.74	12.65	8.94	14.21	11.7	29.83	20.02	12.04	11.4	18.11	40.61	0.0	24.02	21.93	6.08	16.97	14.76	9.43	17.0	33.29	5.0	19.92	31.62	23.71	22.36	15.81	32.8	25.02	26.25	30.53	35.78	27.8	21.47	25.0	19.0	20.25	13.0	
34.79	11.0	36.67	13.0	12.37	16.12	39.56	27.46	18.44	20.4	32.65	18.79	29.07	16.16	40.25	18.44	30.27	24.7	12.08	25.32	19.7	5.1	7.81	31.02	24.08	37.59	31.58	21.38	9.43	5.0	29.55	41.11	28.32	24.52	34.0	28.23	18.44	29.61	32.56	28.02	10.2	29.53	19.42	37.8	13.0	16.76	34.48	13.34	22.56	4.0	12.0	33.96	6.71	31.02	24.02	0.0	38.08	23.54	37.64	20.81	16.49	21.26	27.66	29.02	7.07	32.2	23.85	3.61	32.2	19.1	33.24	7.07	15.13	32.02	16.12	38.47	33.94	5.1	20.62	37.01	
8.0	33.96	3.0	33.54	30.41	21.95	6.4	15.23	21.59	29.02	8.25	19.42	36.4	27.29	3.16	29.02	15.3	20.1	29.12	17.0	30.89	36.77	30.41	24.17	15.3	1.0	29.55	29.07	28.65	35.85	22.47	13.42	14.14	16.64	19.03	23.09	20.25	28.79	9.49	17.46	36.14	20.25	20.52	5.0	31.89	29.41	9.0	25.61	28.16	34.67	28.32	27.0	34.83	36.06	21.93	38.08	0.0	17.2	8.54	17.46	22.67	17.72	28.16	20.4	31.3	21.47	20.02	34.89	6.4	35.0	11.18	36.06	35.23	27.73	31.14	1.41	10.3	34.41	20.22	20.4	
11.66	23.77	14.87	24.35	13.6	9.49	16.64	4.0	14.21	24.21	16.12	6.71	34.66	19.72	18.38	23.02	7.07	18.87	18.97	2.24	13.93	24.0	17.0	26.83	12.08	16.4	31.06	24.84	15.0	23.0	24.6	26.31	16.49	1.0	12.08	24.19	11.4	29.41	17.03	19.31	25.5	22.85	4.12	19.31	14.87	12.21	11.18	10.2	24.76	19.65	12.08	16.4	18.79	35.38	6.08	23.54	17.2	0.0	14.32	9.22	7.07	11.4	27.8	8.49	18.0	25.63	18.03	21.1	10.82	28.65	19.0	24.08	26.93	30.02	23.71	17.03	19.03	18.97	14.87	15.23	
3.0	36.0	5.83	36.06	27.78	22.2	3.16	10.82	24.19	33.24	14.87	19.24	42.05	30.27	7.0	32.76	9.22	25.08	31.0	13.04	26.17	37.48	30.59	30.81	18.68	7.62	36.06	33.53	28.64	36.5	28.84	21.93	19.72	13.42	11.18	29.15	22.02	34.99	16.28	23.32	38.01	26.63	18.38	13.42	28.84	25.61	3.16	24.35	32.89	33.84	26.4	19.24	33.11	42.06	16.97	37.64	8.54	14.32	0.0	19.03	21.19	20.22	34.0	13.89	31.58	28.43	24.7	34.93	7.62	38.83	18.38	37.22	38.21	34.41	34.37	7.28	17.69	33.24	23.54	12.04	
16.03	17.03	16.49	17.03	15.81	5.0	20.1	12.21	5.39	15.26	12.04	4.0	25.5	11.4	19.92	14.32	15.26	9.85	12.04	11.31	20.02	19.31	13.04	18.03	4.12	17.09	21.95	15.81	11.4	18.38	15.81	21.47	9.22	9.9	20.81	15.23	3.0	20.25	12.21	11.05	19.1	14.32	8.25	17.03	17.72	17.03	16.12	9.85	15.62	17.69	13.0	25.61	18.6	26.17	14.76	20.81	17.46	9.22	19.03	0.0	8.06	2.24	18.6	17.69	13.89	17.26	8.94	17.49	12.17	20.25	13.42	18.68	19.24	21.02	15.52	18.03	13.89	17.69	5.66	23.85	
18.38	17.46	20.81	18.36	8.06	4.47	23.26	11.05	10.77	20.0	19.24	4.12	30.81	14.87	24.41	18.44	14.0	17.26	13.04	9.0	12.17	17.03	10.05	25.5	12.17	22.02	28.79	20.81	8.06	16.03	23.35	29.15	17.26	8.06	18.44	22.56	8.25	26.93	19.7	19.0	18.97	22.09	3.0	23.6	9.85	9.0	18.03	3.16	21.1	12.65	5.66	20.81	12.21	31.91	9.43	16.49	22.67	7.07	21.19	8.06	0.0	10.0	25.08	13.93	11.05	25.08	16.28	14.04	16.4	23.43	21.19	17.26	21.1	28.16	18.44	22.8	21.54	12.08	12.37	21.59	
17.26	16.28	17.12	16.03	17.46	6.32	21.0	14.21	4.0	13.42	11.4	6.08	23.43	10.05	20.4	12.65	17.2	7.62	11.4	13.45	22.09	19.24	13.45	15.81	2.83	17.46	19.72	13.89	12.04	18.36	13.6	20.25	7.62	12.04	22.8	13.0	2.83	18.03	11.31	9.0	18.44	12.17	10.44	16.64	19.42	19.0	17.46	11.4	13.6	18.44	14.56	27.8	19.72	24.04	17.0	21.26	17.72	11.4	20.22	2.24	10.0	0.0	16.4	19.85	14.21	15.13	6.71	17.8	13.0	18.68	12.21	18.38	18.03	18.79	14.14	18.44	12.81	18.6	3.61	25.81	
31.38	17.09	29.15	15.23	30.59	20.62	33.62	30.41	14.32	7.28	19.92	21.95	8.25	12.0	31.32	9.22	33.24	9.22	16.03	29.83	37.0	23.09	22.0	5.39	16.28	28.46	4.0	6.32	22.09	22.8	6.0	21.38	14.32	28.43	38.9	5.1	17.0	2.0	18.68	10.77	18.79	8.06	26.42	24.33	32.56	33.53	31.91	25.0	5.1	27.07	27.66	44.2	30.0	8.06	33.29	27.66	28.16	27.8	34.0	18.6	25.08	16.4	0.0	36.24	22.02	8.25	9.9	24.33	26.42	11.31	17.26	21.19	14.42	4.47	11.7	29.41	18.25	28.02	13.04	41.77	
12.65	31.38	17.46	32.2	17.12	17.49	17.0	6.32	22.67	32.65	22.36	15.0	43.14	28.02	20.25	31.4	5.1	27.2	26.83	6.4	13.04	30.59	23.77	34.99	20.25	19.42	39.41	33.3	21.84	29.61	32.76	32.06	24.17	7.81	5.1	32.45	19.85	37.8	23.54	27.29	32.89	30.89	11.18	24.02	17.46	13.6	11.7	16.49	33.24	25.02	17.03	8.06	23.09	43.86	5.0	29.02	20.4	8.49	13.89	17.69	13.93	19.85	36.24	0.0	24.74	33.54	26.4	27.29	15.0	36.89	25.71	31.05	34.89	38.28	31.91	19.65	25.5	24.0	23.35	8.0	
28.64	7.81	30.08	9.43	10.63	9.49	33.24	22.0	11.4	15.03	25.61	12.37	25.0	10.05	33.62	13.04	25.02	17.89	6.0	20.02	18.38	6.0	1.0	24.74	17.03	30.87	26.02	16.03	3.0	5.0	23.09	34.06	21.26	19.0	29.43	21.84	11.4	24.02	25.5	21.1	8.6	22.85	14.04	30.81	12.21	14.87	28.44	8.25	17.0	5.1	8.6	30.87	8.06	26.68	19.92	7.07	31.3	18.0	31.58	13.89	11.05	14.21	22.02	24.74	0.0	25.63	17.0	3.61	25.63	15.65	26.17	6.32	12.21	26.17	11.4	31.78	26.87	6.0	13.6	32.56	
26.17	22.8	23.02	21.26	32.06	21.0	27.46	27.29	15.13	13.45	13.6	21.21	16.0	16.12	24.6	14.87	29.68	8.06	20.12	27.31	37.22	28.3	25.3	3.0	13.6	21.95	8.25	12.81	24.74	27.78	2.83	13.15	9.43	26.0	35.23	4.24	17.0	8.0	12.21	6.32	24.84	3.0	25.5	17.09	34.06	34.06	26.87	26.02	11.4	30.68	29.07	41.59	32.98	15.13	31.62	32.2	21.47	25.63	28.43	17.26	25.08	15.13	8.25	33.54	25.63	0.0	9.06	28.64	21.21	18.87	10.3	26.63	21.26	6.32	17.69	22.83	11.18	31.32	13.04	37.8	
21.93	15.81	20.4	14.76	23.02	12.04	24.74	20.52	6.08	9.0	12.04	12.65	17.49	8.6	23.09	9.22	23.35	1.0	12.04	20.0	28.44	20.52	16.55	9.22	6.4	20.1	13.04	9.06	15.81	19.85	7.07	17.8	6.08	18.6	29.0	6.32	8.06	11.4	11.18	4.24	18.03	6.08	17.09	17.26	25.02	25.18	22.36	17.0	8.25	21.93	20.02	34.41	24.04	17.8	23.71	23.85	20.02	18.03	24.7	8.94	16.28	6.71	9.9	26.4	17.0	9.06	0.0	20.25	17.09	15.03	10.77	19.1	15.81	12.08	11.7	21.1	11.7	22.47	4.0	31.89	
32.02	8.25	33.62	10.2	11.66	13.0	36.69	25.08	14.87	17.12	29.21	15.81	26.31	12.65	37.16	15.13	28.02	21.1	8.54	23.02	19.42	3.61	4.47	27.51	20.62	34.44	28.28	18.11	6.32	2.83	26.0	37.54	24.76	22.09	32.14	24.7	15.0	26.31	29.07	24.41	8.06	25.94	17.03	34.41	12.81	16.12	31.78	11.0	19.24	3.61	10.44	32.89	7.21	28.16	22.36	3.61	34.89	21.1	34.93	17.49	14.04	17.8	24.33	27.29	3.61	28.64	20.25	0.0	29.15	16.49	29.7	5.0	12.65	28.64	13.0	35.34	30.41	5.0	17.03	35.23	
5.0	29.15	4.47	29.02	24.04	16.16	8.0	9.22	17.0	25.71	8.06	13.42	34.44	23.02	8.06	25.32	10.05	17.46	24.19	10.77	24.6	31.32	24.7	23.43	11.18	5.66	28.6	25.96	22.85	30.36	21.4	17.12	12.21	10.3	14.87	21.63	15.13	27.46	9.43	15.81	31.26	19.21	14.14	9.06	25.5	23.02	5.66	19.42	25.3	28.65	22.02	22.36	28.6	34.48	15.81	32.2	6.4	10.82	7.62	12.17	16.4	13.0	26.42	15.0	25.63	21.21	17.09	29.15	0.0	31.4	11.66	30.81	31.02	27.02	27.07	6.4	11.18	28.3	16.12	17.0	
35.9	8.25	35.13	6.32	26.08	19.42	39.32	32.2	14.87	6.08	27.07	21.95	10.0	8.94	38.01	6.08	35.34	15.13	10.63	30.89	33.6	14.04	16.12	16.4	20.22	35.01	14.42	6.32	17.2	14.14	16.12	31.38	21.1	29.53	40.71	14.76	17.46	12.81	26.17	18.44	9.0	17.46	25.81	32.25	27.78	30.0	36.14	21.93	7.62	19.92	23.6	44.2	23.41	12.04	32.8	19.1	35.0	28.65	38.83	20.25	23.43	18.68	11.31	36.89	15.65	18.87	15.03	16.49	31.4	0.0	25.5	12.04	4.0	15.62	5.0	36.01	26.48	21.19	15.3	43.83	
16.4	26.42	12.81	25.5	29.15	18.36	17.2	19.42	14.87	19.42	3.61	17.09	25.5	19.24	14.32	19.92	21.19	10.44	22.2	20.1	32.39	30.61	25.5	13.0	9.43	11.66	18.38	19.24	24.21	29.83	11.4	8.06	5.0	19.03	26.4	12.17	15.0	17.72	2.24	7.07	28.65	9.22	20.4	7.07	31.02	29.83	17.2	23.26	18.11	30.61	26.4	33.53	31.91	25.0	25.02	33.24	11.18	19.0	18.38	13.42	21.19	12.21	17.26	25.71	26.17	10.3	10.77	29.7	11.66	25.5	0.0	29.41	26.57	16.55	22.47	12.53	1.0	30.81	12.81	28.65	
34.23	4.12	35.17	6.08	16.4	15.03	38.64	28.07	14.76	13.93	29.53	18.03	22.02	10.63	38.6	12.08	31.14	19.8	7.21	26.17	24.21	2.0	7.28	25.06	21.02	35.74	25.0	14.87	9.22	2.24	23.85	36.88	24.41	25.08	35.69	22.47	15.81	23.09	29.15	23.35	3.16	24.21	20.22	34.89	17.69	20.81	34.13	14.56	16.16	8.6	14.76	37.16	12.21	24.0	26.25	7.07	36.06	24.08	37.22	18.68	17.26	18.38	21.19	31.05	6.32	26.63	19.1	5.0	30.81	12.04	29.41	0.0	8.06	25.63	9.49	36.69	30.23	10.0	16.64	38.83	
35.23	4.47	35.01	2.83	22.8	17.46	39.01	30.68	14.04	7.81	27.66	20.25	14.0	8.0	38.12	6.71	33.84	16.16	8.06	29.15	30.48	10.05	12.81	19.1	20.02	35.13	17.89	8.49	14.14	10.2	18.44	33.12	21.84	27.86	39.0	17.03	16.28	16.12	26.93	19.7	5.0	19.42	23.71	32.98	24.41	26.91	35.36	19.21	9.9	16.16	20.52	41.88	19.7	16.03	30.53	15.13	35.23	26.93	38.21	19.24	21.1	18.03	14.42	34.89	12.21	21.26	15.81	12.65	31.02	4.0	26.57	8.06	0.0	18.87	4.12	36.12	27.51	17.46	15.03	42.15	
32.02	21.54	29.15	19.7	34.23	23.77	33.62	32.2	17.46	11.7	19.72	24.7	10.2	16.12	30.87	13.6	34.83	11.18	20.22	31.91	40.26	27.51	26.08	3.61	18.03	28.18	2.0	10.77	26.0	27.2	5.66	19.0	14.87	30.53	40.46	5.83	19.92	2.83	18.36	11.31	23.26	7.81	29.15	23.41	36.22	36.88	32.65	28.44	9.49	31.26	31.26	46.32	34.06	9.0	35.78	32.02	27.73	30.02	34.41	21.02	28.16	18.79	4.47	38.28	26.17	6.32	12.08	28.64	27.02	15.62	16.55	25.63	18.87	0.0	16.16	29.07	17.46	32.14	15.81	43.19	
31.4	5.39	31.0	3.61	21.47	14.42	35.06	27.31	10.2	4.47	23.54	17.0	13.6	4.12	34.06	2.83	30.46	12.08	5.83	25.94	28.84	11.4	11.7	15.81	16.0	31.06	15.52	5.39	12.53	11.18	14.87	29.15	17.72	24.6	35.78	13.45	12.65	13.6	22.8	15.65	7.21	15.62	20.81	28.86	23.26	25.24	31.58	17.03	6.71	16.12	18.87	39.2	19.42	15.3	27.8	16.12	31.14	23.71	34.37	15.52	18.44	14.14	11.7	31.91	11.4	17.69	11.7	13.0	27.07	5.0	22.47	9.49	4.12	16.16	0.0	32.06	23.41	17.26	11.0	38.91	
7.07	34.71	2.24	34.37	30.41	22.36	5.0	14.76	22.36	30.07	9.49	19.72	37.64	28.16	2.0	30.0	14.56	21.21	29.83	16.64	30.53	37.34	30.87	25.5	16.12	1.0	30.87	30.15	29.07	36.4	23.77	14.76	15.3	16.4	18.0	24.35	20.88	30.08	10.77	18.68	36.88	21.54	20.52	6.4	31.83	29.21	8.06	25.81	29.27	34.99	28.43	26.02	35.0	37.34	21.47	38.47	1.41	17.03	7.28	18.03	22.8	18.44	29.41	19.65	31.78	22.83	21.1	35.34	6.4	36.01	12.53	36.69	36.12	29.07	32.06	0.0	11.66	34.67	21.1	19.24	
15.81	27.29	12.04	26.4	29.55	18.87	16.4	19.24	15.62	20.4	3.16	17.46	26.48	20.12	13.42	20.88	20.88	11.4	23.02	20.02	32.56	31.4	26.17	13.93	10.0	10.82	19.31	20.22	24.84	30.61	12.37	7.62	5.83	19.0	26.0	13.15	15.62	18.68	2.0	8.06	29.53	10.2	20.62	6.08	31.38	30.08	16.64	23.71	19.1	31.24	26.83	33.24	32.45	25.96	25.0	33.94	10.3	19.03	17.69	13.89	21.54	12.81	18.25	25.5	26.87	11.18	11.7	30.41	11.18	26.48	1.0	30.23	27.51	17.46	23.41	11.66	0.0	31.4	13.6	28.18	
30.46	13.0	32.76	14.87	7.28	12.73	35.34	22.8	16.55	21.02	29.73	15.0	30.81	16.03	36.36	19.03	25.5	23.41	12.0	20.62	14.76	8.49	6.08	30.59	21.4	33.84	32.02	22.02	6.71	7.81	28.86	38.83	26.08	19.92	29.02	27.66	15.81	30.02	29.83	26.4	13.04	28.46	14.87	34.66	8.06	11.7	30.08	8.94	23.0	1.41	7.07	28.86	2.24	32.56	19.0	5.1	34.41	18.97	33.24	17.69	12.08	18.6	28.02	24.0	6.0	31.32	22.47	5.0	28.3	21.19	30.81	10.0	17.46	32.14	17.26	34.67	31.4	0.0	18.79	32.0	
20.62	13.93	20.0	13.34	19.03	8.06	24.08	17.8	2.24	9.85	13.0	8.94	19.85	7.07	23.09	9.22	20.81	5.0	9.43	16.97	24.52	17.8	13.04	13.15	5.0	20.1	16.55	10.3	12.08	17.03	11.05	20.52	7.81	15.56	26.4	10.2	4.12	14.76	12.53	7.62	16.16	10.05	13.42	18.38	21.02	21.21	20.88	13.0	10.0	18.36	16.03	31.24	20.25	20.52	20.25	20.62	20.22	14.87	23.54	5.66	12.37	3.61	13.04	23.35	13.6	13.04	4.0	17.03	16.12	15.3	12.81	16.64	15.03	15.81	11.0	21.1	13.6	18.79	0.0	29.41	
12.65	38.9	17.46	39.56	25.08	24.7	15.0	11.66	29.15	39.12	25.06	21.93	49.2	34.89	19.03	38.08	8.6	32.56	34.18	13.0	20.25	38.47	31.58	39.7	25.5	19.42	44.55	39.66	29.61	37.48	37.54	33.53	28.43	14.32	3.16	37.48	26.42	43.14	26.42	31.89	40.52	35.47	18.68	25.0	25.32	21.38	11.7	24.33	39.41	33.02	25.02	8.06	31.06	49.68	13.0	37.01	20.4	15.23	12.04	23.85	21.59	25.81	41.77	8.0	32.56	37.8	31.89	35.23	17.0	43.83	28.65	38.83	42.15	43.19	38.91	19.24	28.18	32.0	29.41	0.0	
