80
0.0	10.3	7.28	18.79	14.87	16.49	16.03	23.26	16.55	18.44	17.89	4.12	24.17	1.0	13.0	15.52	20.52	22.83	1.41	18.44	15.0	22.02	8.6	22.14	19.31	11.18	17.12	5.0	12.73	14.87	12.08	17.89	14.14	22.36	12.81	12.21	24.76	11.18	22.47	12.73	21.93	15.0	10.3	6.71	10.44	13.6	11.7	25.0	13.04	21.59	21.38	16.55	6.08	4.24	13.93	12.53	10.0	10.82	18.36	25.0	15.62	7.21	10.3	16.28	12.65	5.39	11.0	14.56	9.22	7.07	16.16	20.25	10.0	10.63	1.0	7.62	21.63	23.26	4.0	15.3	
10.3	0.0	11.18	27.8	16.64	17.03	9.22	16.03	26.83	17.72	7.62	10.05	34.44	9.85	22.56	23.85	25.63	29.61	11.66	27.02	24.76	31.26	14.14	16.12	29.55	19.0	8.54	9.0	22.8	6.08	21.26	20.25	15.03	32.65	13.04	2.24	34.83	1.0	23.35	14.0	26.4	21.93	18.0	16.28	8.06	13.15	20.62	28.3	2.83	16.49	20.62	13.42	16.16	14.42	22.0	2.24	15.3	21.1	21.1	16.16	17.03	5.1	14.56	17.12	17.72	14.32	18.36	5.1	11.7	4.0	26.4	17.89	17.49	20.81	10.82	8.25	31.91	24.84	9.06	25.3	
7.28	11.18	0.0	24.74	7.62	9.22	19.7	18.44	19.1	24.84	18.03	3.16	26.25	6.32	13.04	22.09	14.76	18.44	8.06	16.28	20.25	20.88	3.0	16.64	21.26	8.25	19.65	2.83	17.46	12.65	18.25	10.82	20.81	24.76	19.21	12.0	28.84	12.17	15.23	19.42	15.81	22.09	7.28	13.04	15.62	19.85	18.11	18.38	13.0	15.65	14.14	22.02	8.94	10.05	11.18	13.04	4.12	14.76	11.4	21.4	22.47	6.08	3.61	23.02	19.92	5.83	18.11	16.28	2.0	7.28	18.38	26.17	17.12	15.23	8.25	13.45	24.84	16.12	3.61	16.4	
18.79	27.8	24.74	0.0	31.14	33.24	28.84	42.05	12.21	22.56	34.66	22.14	15.65	19.7	17.72	4.47	31.78	30.46	17.46	23.26	5.1	22.8	24.19	40.85	14.14	22.09	31.4	23.41	8.06	33.29	6.71	33.0	19.31	13.89	20.12	30.0	10.0	28.43	38.0	18.79	33.73	8.25	22.02	12.08	22.8	21.02	7.21	37.66	30.61	40.16	38.21	25.08	16.12	14.87	22.56	29.83	25.08	11.05	33.02	43.57	18.68	25.94	26.17	19.65	13.0	19.24	10.0	30.41	26.68	25.55	13.04	25.71	10.63	10.0	17.89	20.52	11.18	38.05	22.47	15.65	
14.87	16.64	7.62	31.14	0.0	2.24	25.81	16.55	23.26	32.2	21.84	10.77	29.41	13.93	16.12	29.02	10.0	15.3	15.52	16.4	26.31	21.4	7.0	13.89	24.7	10.3	25.06	10.3	23.35	15.3	25.0	3.61	28.3	28.3	26.63	16.55	33.62	17.49	7.62	26.93	10.2	29.43	9.85	20.1	22.67	27.2	25.02	11.66	17.46	12.21	7.07	29.0	15.03	17.12	12.04	17.89	6.08	20.4	4.47	20.88	30.02	12.04	5.0	30.53	27.51	12.0	25.5	21.47	5.83	13.45	22.36	33.3	24.52	21.21	15.81	20.81	29.07	8.6	11.18	19.72	
16.49	17.03	9.22	33.24	2.24	0.0	26.25	14.87	25.5	33.29	21.54	12.37	31.62	15.52	18.36	31.0	11.18	16.76	17.26	18.44	28.44	23.43	9.06	12.08	26.93	12.53	25.24	11.7	25.5	14.87	27.02	4.0	29.53	30.53	27.78	16.64	35.85	17.8	6.4	28.18	11.0	31.26	12.08	22.02	23.6	28.3	27.0	11.7	17.49	10.3	5.0	29.83	17.12	19.03	14.21	18.03	8.25	22.56	5.0	19.42	31.3	12.81	7.07	31.76	29.12	14.04	27.29	21.63	7.28	14.21	24.6	34.21	26.31	23.35	17.46	21.95	31.3	7.81	12.65	21.95	
16.03	9.22	19.7	28.84	25.81	26.25	0.0	22.8	31.58	11.18	9.0	17.72	39.05	16.12	29.02	24.41	34.44	37.95	17.0	34.37	27.31	38.05	22.47	23.77	34.53	26.68	3.16	17.09	26.25	13.42	23.26	29.41	10.82	37.11	9.22	10.0	37.58	8.49	32.56	10.63	35.36	21.26	25.71	19.65	6.32	8.6	22.36	37.44	9.43	24.6	29.73	6.08	22.0	19.1	29.61	8.6	23.77	25.5	30.23	21.02	12.53	13.89	23.26	12.08	16.28	21.21	18.87	5.39	20.59	12.53	31.4	10.05	18.36	24.74	16.0	9.22	35.74	34.06	16.76	31.06	
23.26	16.03	18.44	42.05	16.55	14.87	22.8	0.0	37.54	33.24	14.32	20.25	44.55	22.36	31.14	38.63	25.96	31.62	24.6	32.76	38.08	37.74	20.52	3.0	39.6	25.61	20.25	18.87	35.51	10.0	35.34	18.68	31.0	43.14	29.0	14.0	47.2	16.0	18.0	30.02	25.5	37.36	24.84	29.97	24.0	29.02	34.93	25.02	14.04	5.0	14.0	28.44	27.2	27.29	28.02	15.03	20.62	33.02	19.65	5.1	33.0	16.16	19.21	33.02	33.54	24.21	33.53	17.46	16.97	16.76	36.8	32.76	32.57	33.29	24.17	24.19	43.28	20.0	19.72	34.66	
16.55	26.83	19.1	12.21	23.26	25.5	31.58	37.54	0.0	29.43	34.44	17.8	7.62	17.0	7.28	13.6	21.0	18.68	15.23	11.4	7.81	10.63	17.2	35.61	3.0	13.0	33.24	19.21	6.32	30.81	10.77	24.04	25.18	5.83	25.02	28.65	10.44	27.73	28.86	24.08	23.0	17.0	13.42	12.04	25.32	26.02	11.7	27.0	29.53	34.41	30.08	30.0	10.82	12.65	12.17	29.07	17.49	6.08	23.77	40.36	25.5	23.02	18.87	26.48	19.65	13.45	15.52	31.02	20.62	23.32	1.0	32.25	15.3	7.0	16.16	22.36	5.83	28.44	18.6	4.0	
18.44	17.72	24.84	22.56	32.2	33.29	11.18	33.24	29.43	0.0	20.1	21.93	36.06	19.1	29.55	18.25	38.95	41.05	18.6	35.78	23.0	38.28	26.87	33.73	32.39	29.41	14.32	22.02	23.19	23.35	19.03	35.61	4.47	34.06	5.66	19.42	32.39	17.46	39.66	5.83	40.31	14.32	28.6	18.03	9.85	5.0	18.03	43.19	19.24	34.21	37.59	5.1	22.83	19.24	31.91	18.25	28.28	23.77	36.24	32.02	4.0	20.59	28.32	3.0	10.0	23.6	14.04	16.0	26.4	19.24	29.61	3.16	14.14	22.56	17.8	11.4	32.0	40.8	21.26	30.36	
17.89	7.62	18.03	34.66	21.84	21.54	9.0	14.32	34.44	20.1	0.0	17.46	42.05	17.46	30.08	30.48	31.58	36.12	19.24	34.23	32.02	38.64	21.02	15.81	37.16	26.17	6.08	16.28	30.23	6.71	28.32	25.3	18.97	40.25	17.09	6.08	42.2	6.71	27.29	18.38	32.02	28.02	25.18	23.6	12.53	16.76	27.59	33.24	5.1	17.03	23.85	15.03	23.77	21.95	29.15	5.39	22.0	28.65	26.25	12.04	20.88	12.17	21.02	20.62	23.32	21.84	24.84	4.47	18.03	11.4	34.01	19.03	24.08	28.3	18.36	14.21	39.45	29.07	16.49	32.89	
4.12	10.05	3.16	22.14	10.77	12.37	17.72	20.25	17.8	21.93	17.46	0.0	25.24	3.16	12.65	19.24	17.2	20.25	5.0	17.0	17.89	21.21	5.0	18.79	20.25	9.06	18.11	1.41	15.26	13.04	15.52	13.89	17.8	23.6	16.28	11.4	27.02	11.05	18.38	16.4	18.44	19.03	8.06	10.2	13.04	16.97	15.3	21.26	12.37	18.03	17.26	19.42	7.07	7.28	12.04	12.17	6.4	12.81	14.42	22.63	19.42	5.39	6.4	20.0	16.76	4.47	15.03	15.0	5.1	6.08	17.2	23.43	14.04	13.04	5.1	10.63	23.35	19.24	1.0	15.65	
24.17	34.44	26.25	15.65	29.41	31.62	39.05	44.55	7.62	36.06	42.05	25.24	0.0	24.6	13.45	18.68	25.0	21.1	22.85	14.56	13.15	11.0	24.04	42.45	5.0	19.21	40.8	26.63	13.04	38.28	17.03	29.53	32.0	2.0	32.06	36.24	8.06	35.34	34.01	31.02	26.93	22.56	19.85	19.42	32.76	33.06	18.03	30.81	37.12	41.11	35.85	37.12	18.36	20.25	17.49	36.67	24.08	13.6	29.07	47.63	32.06	30.53	25.5	33.06	26.08	20.81	22.02	38.63	27.59	30.89	8.06	39.01	22.0	14.32	23.77	29.83	4.47	33.24	26.08	9.9	
1.0	9.85	6.32	19.7	13.93	15.52	16.12	22.36	17.0	19.1	17.46	3.16	24.6	0.0	13.04	16.49	19.85	22.36	2.24	18.25	15.81	22.0	7.81	21.19	19.7	10.77	17.03	4.0	13.45	14.14	13.0	17.0	14.87	22.83	13.45	11.66	25.46	10.77	21.54	13.45	21.21	16.0	9.85	7.62	10.77	14.21	12.65	24.21	12.53	20.62	20.4	17.0	6.32	5.0	13.6	12.08	9.22	11.4	17.49	24.21	16.4	6.4	9.43	17.03	13.6	5.1	12.0	14.32	8.25	6.4	16.55	20.81	11.0	11.31	2.0	8.06	22.2	22.36	3.0	15.52	
13.0	22.56	13.04	17.72	16.12	18.36	29.02	31.14	7.28	29.55	30.08	12.65	13.45	13.04	0.0	17.49	14.14	13.04	12.04	6.4	12.65	9.06	10.63	29.0	8.6	5.83	30.07	13.93	9.85	25.5	13.6	16.76	25.08	12.21	24.35	24.04	17.72	23.54	21.59	23.77	16.12	19.85	6.4	11.66	23.19	25.3	14.21	20.1	25.0	27.66	22.85	28.86	7.07	10.44	5.0	24.74	10.63	7.21	16.49	34.41	25.94	18.03	12.04	26.83	20.81	8.25	17.03	27.29	14.21	18.68	6.32	31.95	16.4	8.6	13.04	20.22	13.0	21.21	13.6	3.61	
15.52	23.85	22.09	4.47	29.02	31.0	24.41	38.63	13.6	18.25	30.48	19.24	18.68	16.49	17.49	0.0	31.02	30.53	14.32	23.6	5.83	24.08	22.02	37.64	16.12	20.88	27.02	20.4	7.81	29.53	4.12	31.26	14.87	16.76	15.65	26.08	14.14	24.41	36.22	14.32	32.89	4.0	20.62	9.06	18.44	16.55	4.0	36.69	26.63	37.11	36.0	20.62	14.14	12.04	21.93	25.81	23.09	10.3	31.4	39.82	14.32	22.47	24.02	15.3	8.54	17.03	5.66	26.17	24.08	21.93	14.21	21.38	6.4	8.94	14.56	16.28	14.32	36.5	19.42	16.28	
20.52	25.63	14.76	31.78	10.0	11.18	34.44	25.96	21.0	38.95	31.58	17.2	25.0	19.85	14.14	31.02	0.0	5.83	20.52	10.44	26.68	14.76	12.21	23.09	21.21	10.3	34.18	17.49	23.77	25.18	26.93	7.28	34.66	24.52	33.3	25.96	31.14	26.57	9.9	33.24	2.0	32.65	10.82	23.32	30.23	34.06	27.31	6.0	26.93	21.19	13.04	36.62	17.49	20.81	9.22	27.2	10.82	20.88	6.32	30.59	36.07	20.62	11.18	36.77	32.2	15.62	29.15	30.68	13.93	21.93	20.0	40.61	28.3	22.14	21.21	27.8	26.17	8.6	18.03	17.0	
22.83	29.61	18.44	30.46	15.3	16.76	37.95	31.62	18.68	41.05	36.12	20.25	21.1	22.36	13.04	30.53	5.83	0.0	22.47	7.28	25.5	10.2	15.52	28.79	18.11	11.66	38.08	20.88	22.83	30.0	26.63	13.0	36.62	21.0	35.51	30.27	28.07	30.59	15.62	35.23	7.07	32.8	12.53	24.04	33.11	36.36	27.2	10.3	31.26	26.93	18.87	39.36	18.44	22.02	9.22	31.4	14.32	20.25	12.08	36.14	37.8	24.52	15.13	38.6	33.24	17.49	29.73	34.71	18.11	25.71	17.72	43.05	29.0	21.63	23.32	30.41	23.09	14.14	21.19	14.87	
1.41	11.66	8.06	17.46	15.52	17.26	17.0	24.6	15.23	18.6	19.24	5.0	22.85	2.24	12.04	14.32	20.52	22.47	0.0	17.72	13.6	21.1	8.94	23.41	18.03	10.82	18.25	6.08	11.31	16.28	10.77	18.38	14.21	21.02	13.04	13.6	23.35	12.53	23.09	12.81	22.02	14.04	10.0	5.39	11.18	13.89	10.44	25.24	14.42	22.8	22.2	17.09	5.0	2.83	13.42	13.89	10.3	9.43	18.79	26.4	15.56	8.6	10.77	16.28	12.08	5.0	10.05	15.81	10.05	8.49	14.87	20.59	9.06	9.22	1.0	8.25	20.25	23.77	5.1	14.14	
18.44	27.02	16.28	23.26	16.4	18.44	34.37	32.76	11.4	35.78	34.23	17.0	14.56	18.25	6.4	23.6	10.44	7.28	17.72	0.0	18.36	5.0	13.34	30.23	11.0	8.06	35.06	18.03	15.81	28.86	19.85	15.62	31.3	14.14	30.46	28.16	21.0	28.02	19.72	29.97	12.37	26.17	9.06	18.03	28.86	31.38	20.52	16.28	29.15	28.6	22.02	34.79	13.0	16.55	5.1	29.07	12.65	13.45	15.0	36.67	32.25	22.09	13.93	33.12	27.2	13.15	23.43	32.0	16.76	23.02	10.44	38.08	22.8	14.87	18.68	25.96	16.0	18.79	18.0	7.62	
15.0	24.76	20.25	5.1	26.31	28.44	27.31	38.08	7.81	23.0	32.02	17.89	13.15	15.81	12.65	5.83	26.68	25.5	13.6	18.36	0.0	18.38	19.42	36.67	10.3	17.03	29.53	19.24	3.0	29.83	4.12	28.02	19.1	11.18	19.42	26.87	10.3	25.5	33.02	18.25	28.64	9.49	17.0	8.49	21.02	20.4	5.1	32.56	27.59	35.85	33.38	24.52	11.4	10.82	17.46	26.91	20.22	6.0	28.0	40.0	19.0	22.2	21.38	20.0	13.0	14.56	9.06	28.02	22.14	22.02	8.49	26.02	9.22	5.1	14.21	18.36	9.0	33.02	18.36	10.82	
22.02	31.26	20.88	22.8	21.4	23.43	38.05	37.74	10.63	38.28	38.64	21.21	11.0	22.0	9.06	24.08	14.76	10.2	21.1	5.0	18.38	0.0	18.03	35.23	8.94	12.65	39.01	22.36	16.4	33.53	20.81	20.52	33.84	11.18	33.24	32.56	18.44	32.25	24.41	32.57	16.55	27.2	13.6	20.25	32.25	34.21	21.63	20.25	33.54	33.6	26.91	37.85	16.12	19.42	9.85	33.38	17.46	14.76	19.85	41.59	34.54	26.48	18.79	35.47	29.07	17.03	25.06	36.12	21.54	27.29	9.9	40.8	24.6	16.12	22.09	29.27	13.6	23.32	22.2	8.06	
8.6	14.14	3.0	24.19	7.0	9.06	22.47	20.52	17.2	26.87	21.02	5.0	24.04	7.81	10.63	22.02	12.21	15.52	8.94	13.34	19.42	18.03	0.0	18.44	19.1	5.39	22.56	5.39	16.49	15.52	18.0	9.49	22.67	22.67	21.21	15.0	27.29	15.13	14.32	21.26	13.45	22.56	4.47	13.15	18.03	21.93	18.03	16.4	16.0	17.2	14.04	24.41	8.06	10.2	8.25	16.03	1.41	13.6	9.85	23.85	24.21	9.06	2.0	24.84	21.02	5.0	18.68	19.24	3.61	10.2	16.4	28.43	17.72	14.32	9.43	15.62	23.02	14.87	5.83	14.14	
22.14	16.12	16.64	40.85	13.89	12.08	23.77	3.0	35.61	33.73	15.81	18.79	42.45	21.19	29.0	37.64	23.09	28.79	23.41	30.23	36.67	35.23	18.44	0.0	37.54	23.35	21.47	17.46	34.0	10.44	34.18	15.81	31.14	41.11	29.15	14.32	45.49	16.28	15.0	30.07	22.56	36.67	22.63	28.79	24.19	29.27	33.84	22.02	14.56	2.0	11.0	29.12	25.55	26.0	25.61	15.52	18.38	31.38	16.76	8.06	33.14	15.3	16.97	33.24	33.14	22.47	32.76	18.38	15.0	16.12	34.83	33.53	31.78	31.76	23.09	24.0	41.4	17.0	18.38	32.56	
19.31	29.55	21.26	14.14	24.7	26.93	34.53	39.6	3.0	32.39	37.16	20.25	5.0	19.7	8.6	16.12	21.21	18.11	18.03	11.0	10.3	8.94	19.1	37.54	0.0	14.42	36.14	21.63	9.22	33.29	13.6	25.08	28.16	3.61	28.02	31.3	10.0	30.46	29.73	27.07	23.19	19.7	15.0	15.03	28.28	29.02	14.56	27.17	32.2	36.24	31.3	33.0	13.42	15.52	13.0	31.78	19.21	9.06	24.7	42.64	28.44	25.55	20.62	29.43	22.56	15.81	18.44	33.84	22.63	25.94	3.16	35.23	18.25	10.0	18.97	25.32	5.0	29.12	21.1	5.0	
11.18	19.0	8.25	22.09	10.3	12.53	26.68	25.61	13.0	29.41	26.17	9.06	19.21	10.77	5.83	20.88	10.3	11.66	10.82	8.06	17.03	12.65	5.39	23.35	14.42	0.0	27.17	10.0	14.04	20.88	16.76	11.18	25.0	18.03	23.85	20.1	23.41	20.0	16.12	23.6	12.08	22.36	1.0	13.04	21.54	24.7	17.09	15.81	21.1	21.93	17.09	27.73	7.21	10.63	3.0	21.02	5.0	11.05	11.05	29.15	26.25	14.04	6.4	27.02	22.02	5.83	18.87	24.02	8.94	15.0	12.08	31.38	18.03	12.17	11.66	18.79	18.79	16.0	10.05	9.43	
17.12	8.54	19.65	31.4	25.06	25.24	3.16	20.25	33.24	14.32	6.08	18.11	40.8	17.03	30.07	27.02	34.18	38.08	18.25	35.06	29.53	39.01	22.56	21.47	36.14	27.17	0.0	17.26	28.23	11.4	25.55	28.65	13.89	38.9	12.21	8.6	39.82	7.62	31.4	13.6	34.93	24.04	26.17	21.54	8.6	11.66	24.7	36.72	7.81	22.47	28.32	9.22	23.19	20.62	30.15	7.21	23.77	27.2	29.53	18.11	15.65	13.6	23.09	15.23	19.1	22.0	21.4	3.61	20.25	12.37	32.98	13.0	20.81	26.57	17.26	11.18	37.7	33.02	17.12	32.39	
5.0	9.0	2.83	23.41	10.3	11.7	17.09	18.87	19.21	22.02	16.28	1.41	26.63	4.0	13.93	20.4	17.49	20.88	6.08	18.03	19.24	22.36	5.39	17.46	21.63	10.0	17.26	0.0	16.64	11.66	16.76	13.6	18.03	25.0	16.4	10.2	28.43	10.0	17.89	16.64	18.6	20.0	9.0	11.4	12.81	17.03	16.49	21.21	11.18	16.76	16.49	19.21	8.49	8.54	13.0	11.05	6.71	14.21	14.21	21.21	19.72	4.12	6.4	20.25	17.46	5.83	16.0	14.04	4.47	5.0	18.6	23.35	15.0	14.42	6.0	10.63	24.76	18.87	1.0	17.0	
12.73	22.8	17.46	8.06	23.35	25.5	26.25	35.51	6.32	23.19	30.23	15.26	13.04	13.45	9.85	7.81	23.77	22.83	11.31	15.81	3.0	16.4	16.49	34.0	9.22	14.04	28.23	16.64	0.0	27.59	4.47	25.02	19.03	11.05	19.03	24.84	12.04	23.6	30.02	18.0	25.71	10.82	14.0	6.71	19.92	20.02	5.39	29.61	25.61	33.11	30.41	24.08	8.54	8.49	14.56	25.0	17.26	3.0	25.0	37.64	19.24	19.85	18.44	20.22	13.34	11.7	9.22	26.42	19.31	19.8	6.71	26.08	9.06	2.24	12.04	17.09	9.49	30.02	15.81	8.49	
14.87	6.08	12.65	33.29	15.3	14.87	13.42	10.0	30.81	23.35	6.71	13.04	38.28	14.14	25.5	29.53	25.18	30.0	16.28	28.86	29.83	33.53	15.52	10.44	33.29	20.88	11.4	11.66	27.59	0.0	26.63	18.68	21.0	36.62	19.0	4.0	39.6	6.0	20.59	20.02	25.5	27.86	19.92	21.4	14.0	19.03	26.08	26.57	4.12	11.18	17.2	18.68	20.0	19.1	23.77	5.1	16.28	25.5	19.65	10.3	23.0	7.81	15.13	23.02	23.77	17.49	24.17	8.06	12.17	7.81	30.23	23.09	23.26	25.46	15.62	14.32	36.24	22.36	12.21	28.65	
12.08	21.26	18.25	6.71	25.0	27.02	23.26	35.34	10.77	19.03	28.32	15.52	17.03	13.0	13.6	4.12	26.93	26.63	10.77	19.85	4.12	20.81	18.0	34.18	13.6	16.76	25.55	16.76	4.47	26.63	0.0	27.17	15.03	15.03	15.3	23.43	14.32	21.93	32.14	14.14	28.79	6.4	16.49	5.39	17.0	16.28	1.0	32.57	24.08	33.53	32.02	20.4	10.05	8.25	17.89	23.35	19.03	6.4	27.29	36.89	15.03	19.24	20.0	16.03	9.06	13.0	5.0	24.21	20.22	18.87	11.18	22.0	5.1	5.0	11.18	14.42	13.04	32.39	15.81	12.81	
17.89	20.25	10.82	33.0	3.61	4.0	29.41	18.68	24.04	35.61	25.3	13.89	29.53	17.0	16.76	31.26	7.28	13.0	18.38	15.62	28.02	20.52	9.49	15.81	25.08	11.18	28.65	13.6	25.02	18.68	27.17	0.0	31.62	28.64	30.0	20.12	34.48	21.1	5.0	30.23	7.0	32.02	11.05	22.56	26.17	30.61	27.29	8.06	21.02	13.93	6.4	32.53	17.12	19.65	12.08	21.47	8.25	22.02	1.0	23.35	33.29	15.62	7.62	33.84	30.46	14.32	28.16	25.06	9.22	17.03	23.09	36.8	27.2	23.0	18.79	24.21	29.73	5.39	14.42	20.25	
14.14	15.03	20.81	19.31	28.3	29.53	10.82	31.0	25.18	4.47	18.97	17.8	32.0	14.87	25.08	14.87	34.66	36.62	14.21	31.3	19.1	33.84	22.67	31.14	28.16	25.0	13.89	18.03	19.03	21.0	15.03	31.62	0.0	30.0	2.0	17.0	28.86	15.0	35.85	1.41	36.07	11.18	24.21	13.6	7.0	2.24	14.04	39.05	17.03	31.4	34.01	5.83	18.36	14.76	27.46	16.03	24.08	19.42	32.2	30.41	2.0	17.09	24.21	2.24	6.32	19.21	10.05	14.56	22.47	15.81	25.32	7.07	10.0	18.25	13.45	7.62	28.07	36.89	17.2	25.96	
22.36	32.65	24.76	13.89	28.3	30.53	37.11	43.14	5.83	34.06	40.25	23.6	2.0	22.83	12.21	16.76	24.52	21.0	21.02	14.14	11.18	11.18	22.67	41.11	3.61	18.03	38.9	25.0	11.05	36.62	15.03	28.64	30.0	0.0	30.07	34.48	7.28	33.54	33.24	29.02	26.48	20.62	18.6	17.46	30.81	31.06	16.03	30.41	35.36	39.82	34.89	35.13	16.64	18.38	16.55	34.89	22.8	11.7	28.23	46.1	30.07	28.84	24.21	31.06	24.08	19.21	20.02	36.77	26.17	29.15	6.4	37.01	20.0	12.37	21.93	27.89	2.83	32.57	24.41	8.6	
12.81	13.04	19.21	20.12	26.63	27.78	9.22	29.0	25.02	5.66	17.09	16.28	32.06	13.45	24.35	15.65	33.3	35.51	13.04	30.46	19.42	33.24	21.21	29.15	28.02	23.85	12.21	16.4	19.03	19.0	15.3	30.0	2.0	30.07	0.0	15.0	29.41	13.0	34.13	1.41	34.66	12.21	23.02	13.15	5.0	1.0	14.32	37.54	15.03	29.43	32.2	5.1	17.46	13.93	26.42	14.04	22.63	19.1	30.61	28.44	4.0	15.23	22.67	4.12	7.21	18.03	10.44	12.65	20.81	13.93	25.08	7.62	10.2	18.03	12.21	5.83	28.28	35.23	15.62	25.5	
12.21	2.24	12.0	30.0	16.55	16.64	10.0	14.0	28.65	19.42	6.08	11.4	36.24	11.66	24.04	26.08	25.96	30.27	13.6	28.16	26.87	32.56	15.0	14.32	31.3	20.1	8.6	10.2	24.84	4.0	23.43	20.12	17.0	34.48	15.0	0.0	36.88	2.0	22.8	16.03	26.57	24.17	19.1	18.38	10.0	15.03	22.8	28.18	1.0	14.87	19.8	14.87	17.89	16.4	23.09	1.41	16.03	23.02	21.02	13.93	19.0	6.08	15.13	19.03	19.92	15.81	20.59	5.0	12.17	5.39	28.18	19.31	19.72	22.8	12.81	10.44	33.84	24.41	10.44	26.93	
24.76	34.83	28.84	10.0	33.62	35.85	37.58	47.2	10.44	32.39	42.2	27.02	8.06	25.46	17.72	14.14	31.14	28.07	23.35	21.0	10.3	18.44	27.29	45.49	10.0	23.41	39.82	28.43	12.04	39.6	14.32	34.48	28.86	7.28	29.41	36.88	0.0	35.61	39.29	28.16	33.14	18.11	23.77	18.6	31.3	30.36	15.23	37.12	37.64	44.42	40.5	34.48	20.0	20.52	22.56	37.01	27.73	14.21	34.21	49.58	28.44	31.83	29.07	29.43	22.56	23.02	18.97	38.28	30.53	31.83	11.4	35.51	19.31	14.14	24.08	28.65	5.0	38.83	27.66	14.32	
11.18	1.0	12.17	28.43	17.49	17.8	8.49	16.0	27.73	17.46	6.71	11.05	35.34	10.77	23.54	24.41	26.57	30.59	12.53	28.02	25.5	32.25	15.13	16.28	30.46	20.0	7.62	10.0	23.6	6.0	21.93	21.1	15.0	33.54	13.0	2.0	35.61	0.0	24.08	14.04	27.31	22.36	19.0	17.03	8.0	13.04	21.26	29.15	2.24	16.76	21.26	13.0	17.09	15.26	23.0	1.41	16.28	21.95	21.95	15.81	17.0	6.08	15.52	17.03	18.03	15.3	18.87	4.12	12.65	5.0	27.31	17.46	18.03	21.63	11.66	8.54	32.76	25.61	10.05	26.25	
22.47	23.35	15.23	38.0	7.62	6.4	32.56	18.0	28.86	39.66	27.29	18.38	34.01	21.54	21.59	36.22	9.9	15.62	23.09	19.72	33.02	24.41	14.32	15.0	29.73	16.12	31.4	17.89	30.02	20.59	32.14	5.0	35.85	33.24	34.13	22.8	39.29	24.08	0.0	34.48	8.6	36.88	16.03	27.46	30.0	34.67	32.25	7.07	23.6	13.0	4.0	36.24	22.09	24.52	16.76	24.21	13.15	27.02	5.1	23.02	37.59	19.21	12.37	38.08	35.11	19.24	32.98	27.8	13.42	20.62	27.89	40.61	32.02	28.0	23.41	28.3	34.48	2.0	18.79	25.0	
12.73	14.0	19.42	18.79	26.93	28.18	10.63	30.02	24.08	5.83	18.38	16.4	31.02	13.45	23.77	14.32	33.24	35.23	12.81	29.97	18.25	32.57	21.26	30.07	27.07	23.6	13.6	16.64	18.0	20.02	14.14	30.23	1.41	29.02	1.41	16.03	28.16	14.04	34.48	0.0	34.66	10.82	22.8	12.37	6.08	2.24	13.15	37.64	16.12	30.27	32.7	6.32	17.0	13.42	26.08	15.13	22.67	18.25	30.81	29.61	3.16	15.81	22.8	3.61	5.83	17.8	9.22	13.93	21.1	14.56	24.19	8.25	9.06	17.12	12.04	6.32	27.17	35.51	15.81	24.74	
21.93	26.4	15.81	33.73	10.2	11.0	35.36	25.5	23.0	40.31	32.02	18.44	26.93	21.21	16.12	32.89	2.0	7.07	22.02	12.37	28.64	16.55	13.45	22.56	23.19	12.08	34.93	18.6	25.71	25.5	28.79	7.0	36.07	26.48	34.66	26.57	33.14	27.31	8.6	34.66	0.0	34.44	12.53	25.06	31.4	35.38	29.15	4.0	27.51	20.62	12.08	37.8	19.24	22.47	11.18	27.86	12.04	22.8	6.0	30.27	37.54	21.47	12.21	38.21	33.84	17.2	30.89	31.38	14.76	22.83	22.0	41.87	30.02	24.04	22.67	29.07	28.16	7.07	19.21	19.0	
15.0	21.93	22.09	8.25	29.43	31.26	21.26	37.36	17.0	14.32	28.02	19.03	22.56	16.0	19.85	4.0	32.65	32.8	14.04	26.17	9.49	27.2	22.56	36.67	19.7	22.36	24.04	20.0	10.82	27.86	6.4	32.02	11.18	20.62	12.21	24.17	18.11	22.36	36.88	10.82	34.44	0.0	21.93	9.49	15.62	13.04	5.66	38.08	24.6	36.35	36.22	17.0	15.23	12.37	23.85	23.71	23.77	12.73	32.28	38.08	10.44	21.38	24.52	11.4	5.0	17.72	4.0	23.6	24.08	20.62	17.49	17.46	5.0	11.31	14.0	13.89	18.25	37.36	19.0	19.21	
10.3	18.0	7.28	22.02	9.85	12.08	25.71	24.84	13.42	28.6	25.18	8.06	19.85	9.85	6.4	20.62	10.82	12.53	10.0	9.06	17.0	13.6	4.47	22.63	15.0	1.0	26.17	9.0	14.0	19.92	16.49	11.05	24.21	18.6	23.02	19.1	23.77	19.0	16.03	22.8	12.53	21.93	0.0	12.53	20.62	23.85	16.76	16.16	20.1	21.26	16.76	26.83	6.71	10.0	4.0	20.02	4.24	11.0	11.0	28.3	25.5	13.04	5.66	26.25	21.4	5.0	18.36	23.02	8.06	14.0	12.53	30.53	17.49	12.04	10.82	17.89	19.24	16.03	9.06	10.0	
6.71	16.28	13.04	12.08	20.1	22.02	19.65	29.97	12.04	18.03	23.6	10.2	19.42	7.62	11.66	9.06	23.32	24.04	5.39	18.03	8.49	20.25	13.15	28.79	15.03	13.04	21.54	11.4	6.71	21.4	5.39	22.56	13.6	17.46	13.15	18.38	18.6	17.03	27.46	12.37	25.06	9.49	12.53	0.0	13.34	14.14	5.1	28.64	19.1	28.16	27.02	18.03	5.83	3.0	14.87	18.44	14.32	6.0	22.8	31.62	14.32	13.89	15.13	15.23	9.22	8.25	5.83	19.72	15.03	13.6	12.0	20.62	5.0	5.1	5.83	10.44	16.16	27.89	10.44	12.37	
10.44	8.06	15.62	22.8	22.67	23.6	6.32	24.0	25.32	9.85	12.53	13.04	32.76	10.77	23.19	18.44	30.23	33.11	11.18	28.86	21.02	32.25	18.03	24.19	28.28	21.54	8.6	12.81	19.92	14.0	17.0	26.17	7.0	30.81	5.0	10.0	31.3	8.0	30.0	6.08	31.4	15.62	20.62	13.34	0.0	5.1	16.12	33.97	10.05	24.52	27.78	6.4	16.12	13.0	24.35	9.06	19.42	19.24	26.87	23.54	9.0	10.82	19.21	9.06	10.82	15.81	12.81	8.06	16.97	9.43	25.18	10.63	12.21	18.44	10.2	3.0	29.41	31.24	12.21	25.0	
13.6	13.15	19.85	21.02	27.2	28.3	8.6	29.02	26.02	5.0	16.76	16.97	33.06	14.21	25.3	16.55	34.06	36.36	13.89	31.38	20.4	34.21	21.93	29.27	29.02	24.7	11.66	17.03	20.02	19.03	16.28	30.61	2.24	31.06	1.0	15.03	30.36	13.04	34.67	2.24	35.38	13.04	23.85	14.14	5.1	0.0	15.3	38.21	15.0	29.61	32.65	4.12	18.38	14.87	27.29	14.0	23.35	20.1	31.24	28.28	4.12	15.65	23.35	4.0	8.06	18.87	11.4	12.37	21.4	14.32	26.08	6.71	11.18	19.03	13.04	6.4	29.27	35.81	16.28	26.48	
11.7	20.62	18.11	7.21	25.02	27.0	22.36	34.93	11.7	18.03	27.59	15.3	18.03	12.65	14.21	4.0	27.31	27.2	10.44	20.52	5.1	21.63	18.03	33.84	14.56	17.09	24.7	16.49	5.39	26.08	1.0	27.29	14.04	16.03	14.32	22.8	15.23	21.26	32.25	13.15	29.15	5.66	16.76	5.1	16.12	15.3	0.0	32.89	23.43	33.24	32.0	19.42	10.2	8.06	18.36	22.67	19.1	7.07	27.46	36.36	14.04	18.79	20.02	15.03	8.06	13.04	4.0	23.43	20.1	18.36	12.08	21.0	4.12	5.66	10.77	13.6	14.04	32.56	15.52	13.6	
25.0	28.3	18.38	37.66	11.66	11.7	37.44	25.02	27.0	43.19	33.24	21.26	30.81	24.21	20.1	36.69	6.0	10.3	25.24	16.28	32.56	20.25	16.4	22.02	27.17	15.81	36.72	21.21	29.61	26.57	32.57	8.06	39.05	30.41	37.54	28.18	37.12	29.15	7.07	37.64	4.0	38.08	16.16	28.64	33.97	38.21	32.89	0.0	29.07	20.02	11.05	40.36	22.85	25.94	15.13	29.53	15.0	26.68	7.21	30.0	40.61	23.6	14.87	41.23	37.22	20.59	34.44	33.12	17.03	25.0	26.0	44.55	33.54	27.89	25.81	31.83	32.14	5.1	21.93	23.0	
13.04	2.83	13.0	30.61	17.46	17.49	9.43	14.04	29.53	19.24	5.1	12.37	37.12	12.53	25.0	26.63	26.93	31.26	14.42	29.15	27.59	33.54	16.0	14.56	32.2	21.1	7.81	11.18	25.61	4.12	24.08	21.02	17.03	35.36	15.03	1.0	37.64	2.24	23.6	16.12	27.51	24.6	20.1	19.1	10.05	15.0	23.43	29.07	0.0	15.23	20.52	14.56	18.79	17.2	24.08	1.0	17.03	23.85	21.93	13.6	19.03	7.07	16.12	19.0	20.25	16.76	21.1	4.24	13.15	6.32	29.07	18.97	20.25	23.6	13.6	10.77	34.67	25.24	11.4	27.86	
21.59	16.49	15.65	40.16	12.21	10.3	24.6	5.0	34.41	34.21	17.03	18.03	41.11	20.62	27.66	37.11	21.19	26.93	22.8	28.6	35.85	33.6	17.2	2.0	36.24	21.93	22.47	16.76	33.11	11.18	33.53	13.93	31.4	39.82	29.43	14.87	44.42	16.76	13.0	30.27	20.62	36.35	21.26	28.16	24.52	29.61	33.24	20.02	15.23	0.0	9.0	29.73	24.6	25.3	24.08	16.16	17.03	30.41	14.87	10.05	33.38	15.03	15.62	33.54	33.02	21.47	32.39	19.24	13.89	16.0	33.6	34.18	31.4	30.87	22.56	24.08	40.22	15.0	17.72	31.24	
21.38	20.62	14.14	38.21	7.07	5.0	29.73	14.0	30.08	37.59	23.85	17.26	35.85	20.4	22.85	36.0	13.04	18.87	22.2	22.02	33.38	26.91	14.04	11.0	31.3	17.09	28.32	16.49	30.41	17.2	32.02	6.4	34.01	34.89	32.2	19.8	40.5	21.26	4.0	32.7	12.08	36.22	16.76	27.02	27.78	32.65	32.0	11.05	20.52	9.0	0.0	33.84	22.09	24.02	18.36	21.21	13.15	27.46	7.07	19.03	35.85	17.0	12.04	36.25	33.96	19.03	32.25	24.76	12.17	18.36	29.15	38.28	31.26	28.28	22.36	26.4	35.85	6.0	17.46	26.4	
16.55	13.42	22.02	25.08	29.0	29.83	6.08	28.44	30.0	5.1	15.03	19.42	37.12	17.0	28.86	20.62	36.62	39.36	17.09	34.79	24.52	37.85	24.41	29.12	33.0	27.73	9.22	19.21	24.08	18.68	20.4	32.53	5.83	35.13	5.1	14.87	34.48	13.0	36.24	6.32	37.8	17.0	26.83	18.03	6.4	4.12	19.42	40.36	14.56	29.73	33.84	0.0	21.84	18.44	30.46	13.6	25.81	24.02	33.24	27.0	7.07	17.03	25.61	6.4	12.08	21.93	15.52	11.05	23.35	15.62	30.02	4.47	15.3	23.0	16.16	8.94	33.38	37.54	18.6	30.27	
6.08	16.16	8.94	16.12	15.03	17.12	22.0	27.2	10.82	22.83	23.77	7.07	18.36	6.32	7.07	14.14	17.49	18.44	5.0	13.0	11.4	16.12	8.06	25.55	13.42	7.21	23.19	8.49	8.54	20.0	10.05	17.12	18.36	16.64	17.46	17.89	20.0	17.09	22.09	17.0	19.24	15.23	6.71	5.83	16.12	18.38	10.2	22.85	18.79	24.6	22.09	21.84	0.0	3.61	9.22	18.38	9.0	5.83	17.26	29.7	19.42	12.21	10.05	20.25	14.87	3.16	11.66	20.62	10.77	12.53	10.3	25.08	10.82	6.32	6.0	13.15	16.28	22.36	7.81	9.22	
4.24	14.42	10.05	14.87	17.12	19.03	19.1	27.29	12.65	19.24	21.95	7.28	20.25	5.0	10.44	12.04	20.81	22.02	2.83	16.55	10.82	19.42	10.2	26.0	15.52	10.63	20.62	8.54	8.49	19.1	8.25	19.65	14.76	18.38	13.93	16.4	20.52	15.26	24.52	13.42	22.47	12.37	10.0	3.0	13.0	14.87	8.06	25.94	17.2	25.3	24.02	18.44	3.61	0.0	12.81	16.64	11.4	6.71	19.92	29.21	15.81	11.4	12.17	16.64	11.4	5.39	8.54	18.38	12.04	11.31	12.37	21.54	7.62	6.4	3.61	10.0	17.49	25.0	7.62	12.0	
13.93	22.0	11.18	22.56	12.04	14.21	29.61	28.02	12.17	31.91	29.15	12.04	17.49	13.6	5.0	21.93	9.22	9.22	13.42	5.1	17.46	9.85	8.25	25.61	13.0	3.0	30.15	13.0	14.56	23.77	17.89	12.08	27.46	16.55	26.42	23.09	22.56	23.0	16.76	26.08	11.18	23.85	4.0	14.87	24.35	27.29	18.36	15.13	24.08	24.08	18.36	30.46	9.22	12.81	0.0	24.02	7.62	11.7	11.7	31.76	28.6	17.03	8.94	29.41	24.04	8.54	20.62	27.02	11.7	18.0	11.18	34.0	19.85	13.0	14.32	21.54	17.72	16.28	13.04	8.25	
12.53	2.24	13.04	29.83	17.89	18.03	8.6	15.03	29.07	18.25	5.39	12.17	36.67	12.08	24.74	25.81	27.2	31.4	13.89	29.07	26.91	33.38	16.03	15.52	31.78	21.02	7.21	11.05	25.0	5.1	23.35	21.47	16.03	34.89	14.04	1.41	37.01	1.41	24.21	15.13	27.86	23.71	20.02	18.44	9.06	14.0	22.67	29.53	1.0	16.16	21.21	13.6	18.38	16.64	24.02	0.0	17.12	23.32	22.36	14.56	18.03	7.0	16.28	18.0	19.31	16.49	20.25	3.61	13.34	6.08	28.64	18.03	19.42	23.02	13.04	9.85	34.13	25.81	11.18	27.51	
10.0	15.3	4.12	25.08	6.08	8.25	23.77	20.62	17.49	28.28	22.0	6.4	24.08	9.22	10.63	23.09	10.82	14.32	10.3	12.65	20.22	17.46	1.41	18.38	19.21	5.0	23.77	6.71	17.26	16.28	19.03	8.25	24.08	22.8	22.63	16.03	27.73	16.28	13.15	22.67	12.04	23.77	4.24	14.32	19.42	23.35	19.1	15.0	17.03	17.03	13.15	25.81	9.0	11.4	7.62	17.12	0.0	14.32	8.54	24.19	25.61	10.2	1.41	26.25	22.36	6.08	19.92	20.4	4.12	11.4	16.64	29.83	18.97	15.13	10.82	17.03	23.32	13.6	7.21	14.21	
10.82	21.1	14.76	11.05	20.4	22.56	25.5	33.02	6.08	23.77	28.65	12.81	13.6	11.4	7.21	10.3	20.88	20.25	9.43	13.45	6.0	14.76	13.6	31.38	9.06	11.05	27.2	14.21	3.0	25.5	6.4	22.02	19.42	11.7	19.1	23.02	14.21	21.95	27.02	18.25	22.8	12.73	11.0	6.0	19.24	20.1	7.07	26.68	23.85	30.41	27.46	24.02	5.83	6.71	11.7	23.32	14.32	0.0	22.0	35.38	19.92	17.69	15.52	20.88	14.32	8.94	10.3	25.08	16.55	17.8	6.0	26.48	9.85	1.41	10.3	16.28	10.82	27.02	13.45	6.71	
18.36	21.1	11.4	33.02	4.47	5.0	30.23	19.65	23.77	36.24	26.25	14.42	29.07	17.49	16.49	31.4	6.32	12.08	18.79	15.0	28.0	19.85	9.85	16.76	24.7	11.05	29.53	14.21	25.0	19.65	27.29	1.0	32.2	28.23	30.61	21.02	34.21	21.95	5.1	30.81	6.0	32.28	11.0	22.8	26.87	31.24	27.46	7.21	21.93	14.87	7.07	33.24	17.26	19.92	11.7	22.36	8.54	22.0	0.0	24.33	33.84	16.4	8.06	34.41	30.87	14.56	28.46	25.94	9.9	17.8	22.8	37.48	27.51	23.02	19.24	24.84	29.41	5.1	15.0	19.92	
25.0	16.16	21.4	43.57	20.88	19.42	21.02	5.1	40.36	32.02	12.04	22.63	47.63	24.21	34.41	39.82	30.59	36.14	26.4	36.67	40.0	41.59	23.85	8.06	42.64	29.15	18.11	21.21	37.64	10.3	36.89	23.35	30.41	46.1	28.44	13.93	49.58	15.81	23.02	29.61	30.27	38.08	28.3	31.62	23.54	28.28	36.36	30.0	13.6	10.05	19.03	27.0	29.7	29.21	31.76	14.56	24.19	35.38	24.33	0.0	32.39	17.8	22.83	32.25	33.84	26.91	34.44	16.03	20.25	18.03	39.7	31.06	33.54	35.47	25.81	24.35	45.97	25.02	21.93	37.8	
15.62	17.03	22.47	18.68	30.02	31.3	12.53	33.0	25.5	4.0	20.88	19.42	32.06	16.4	25.94	14.32	36.07	37.8	15.56	32.25	19.0	34.54	24.21	33.14	28.44	26.25	15.65	19.72	19.24	23.0	15.03	33.29	2.0	30.07	4.0	19.0	28.44	17.0	37.59	3.16	37.54	10.44	25.5	14.32	9.0	4.12	14.04	40.61	19.03	33.38	35.85	7.07	19.42	15.81	28.6	18.03	25.61	19.92	33.84	32.39	0.0	18.97	25.81	1.0	6.0	20.52	10.05	16.49	24.19	17.72	25.71	7.07	10.2	18.68	14.87	9.49	28.0	38.59	18.87	26.57	
7.21	5.1	6.08	25.94	12.04	12.81	13.89	16.16	23.02	20.59	12.17	5.39	30.53	6.4	18.03	22.47	20.62	24.52	8.6	22.09	22.2	26.48	9.06	15.3	25.55	14.04	13.6	4.12	19.85	7.81	19.24	15.62	17.09	28.84	15.23	6.08	31.83	6.08	19.21	15.81	21.47	21.38	13.04	13.89	10.82	15.65	18.79	23.6	7.07	15.03	17.0	17.03	12.21	11.4	17.03	7.0	10.2	17.69	16.4	17.8	18.97	0.0	9.49	19.31	18.0	9.85	17.46	10.2	6.71	1.41	22.47	21.4	16.49	17.69	8.06	9.49	28.43	20.52	4.47	21.02	
10.3	14.56	3.61	26.17	5.0	7.07	23.26	19.21	18.87	28.32	21.02	6.4	25.5	9.43	12.04	24.02	11.18	15.13	10.77	13.93	21.38	18.79	2.0	16.97	20.62	6.4	23.09	6.4	18.44	15.13	20.0	7.62	24.21	24.21	22.67	15.13	29.07	15.52	12.37	22.8	12.21	24.52	5.66	15.13	19.21	23.35	20.02	14.87	16.12	15.62	12.04	25.61	10.05	12.17	8.94	16.28	1.41	15.52	8.06	22.83	25.81	9.49	0.0	26.4	22.85	7.0	20.62	19.65	3.0	10.77	18.03	29.73	19.65	16.28	11.18	16.97	24.7	13.0	7.07	15.62	
16.28	17.12	23.02	19.65	30.53	31.76	12.08	33.02	26.48	3.0	20.62	20.0	33.06	17.03	26.83	15.3	36.77	38.6	16.28	33.12	20.0	35.47	24.84	33.24	29.43	27.02	15.23	20.25	20.22	23.02	16.03	33.84	2.24	31.06	4.12	19.03	29.43	17.03	38.08	3.61	38.21	11.4	26.25	15.23	9.06	4.0	15.03	41.23	19.0	33.54	36.25	6.4	20.25	16.64	29.41	18.0	26.25	20.88	34.41	32.25	1.0	19.31	26.4	0.0	7.0	21.26	11.05	16.28	24.7	18.03	26.68	6.08	11.18	19.65	15.56	9.85	29.0	39.12	19.42	27.51	
12.65	17.72	19.92	13.0	27.51	29.12	16.28	33.54	19.65	10.0	23.32	16.76	26.08	13.6	20.81	8.54	32.2	33.24	12.08	27.2	13.0	29.07	21.02	33.14	22.56	22.02	19.1	17.46	13.34	23.77	9.06	30.46	6.32	24.08	7.21	19.92	22.56	18.03	35.11	5.83	33.84	5.0	21.4	9.22	10.82	8.06	8.06	37.22	20.25	33.02	33.96	12.08	14.87	11.4	24.04	19.31	22.36	14.32	30.87	33.84	6.0	18.0	22.85	7.0	0.0	16.64	4.12	18.87	21.84	17.03	19.92	13.04	4.47	13.0	11.7	9.49	22.0	35.85	16.49	21.02	
5.39	14.32	5.83	19.24	12.0	14.04	21.21	24.21	13.45	23.6	21.84	4.47	20.81	5.1	8.25	17.03	15.62	17.49	5.0	13.15	14.56	17.03	5.0	22.47	15.81	5.83	22.0	5.83	11.7	17.49	13.0	14.32	19.21	19.21	18.03	15.81	23.02	15.3	19.24	17.8	17.2	17.72	5.0	8.25	15.81	18.87	13.04	20.59	16.76	21.47	19.03	21.93	3.16	5.39	8.54	16.49	6.08	8.94	14.56	26.91	20.52	9.85	7.0	21.26	16.64	0.0	13.93	19.1	7.62	10.44	12.81	25.55	13.0	9.49	5.83	13.0	19.1	19.65	5.39	11.18	
11.0	18.36	18.11	10.0	25.5	27.29	18.87	33.53	15.52	14.04	24.84	15.03	22.02	12.0	17.03	5.66	29.15	29.73	10.05	23.43	9.06	25.06	18.68	32.76	18.44	18.87	21.4	16.0	9.22	24.17	5.0	28.16	10.05	20.02	10.44	20.59	18.97	18.87	32.98	9.22	30.89	4.0	18.36	5.83	12.81	11.4	4.0	34.44	21.1	32.39	32.25	15.52	11.66	8.54	20.62	20.25	19.92	10.3	28.46	34.44	10.05	17.46	20.62	11.05	4.12	13.93	0.0	20.52	20.1	16.76	15.81	17.0	1.0	8.94	10.0	10.63	18.03	33.53	15.0	17.0	
14.56	5.1	16.28	30.41	21.47	21.63	5.39	17.46	31.02	16.0	4.47	15.0	38.63	14.32	27.29	26.17	30.68	34.71	15.81	32.0	28.02	36.12	19.24	18.38	33.84	24.02	3.61	14.04	26.42	8.06	24.21	25.06	14.56	36.77	12.65	5.0	38.28	4.12	27.8	13.93	31.38	23.6	23.02	19.72	8.06	12.37	23.43	33.12	4.24	19.24	24.76	11.05	20.62	18.38	27.02	3.61	20.4	25.08	25.94	16.03	16.49	10.2	19.65	16.28	18.87	19.1	20.52	0.0	16.76	9.06	30.68	15.3	19.8	24.6	14.87	9.9	35.78	29.41	14.0	29.83	
9.22	11.7	2.0	26.68	5.83	7.28	20.59	16.97	20.62	26.4	18.03	5.1	27.59	8.25	14.21	24.08	13.93	18.11	10.05	16.76	22.14	21.54	3.61	15.0	22.63	8.94	20.25	4.47	19.31	12.17	20.22	9.22	22.47	26.17	20.81	12.17	30.53	12.65	13.42	21.1	14.76	24.08	8.06	15.03	16.97	21.4	20.1	17.03	13.15	13.89	12.17	23.35	10.77	12.04	11.7	13.34	4.12	16.55	9.9	20.25	24.19	6.71	3.0	24.7	21.84	7.62	20.1	16.76	0.0	8.06	19.85	27.59	19.1	17.09	10.2	15.0	26.4	14.42	5.39	17.69	
7.07	4.0	7.28	25.55	13.45	14.21	12.53	16.76	23.32	19.24	11.4	6.08	30.89	6.4	18.68	21.93	21.93	25.71	8.49	23.02	22.02	27.29	10.2	16.12	25.94	15.0	12.37	5.0	19.8	7.81	18.87	17.03	15.81	29.15	13.93	5.39	31.83	5.0	20.62	14.56	22.83	20.62	14.0	13.6	9.43	14.32	18.36	25.0	6.32	16.0	18.36	15.62	12.53	11.31	18.0	6.08	11.4	17.8	17.8	18.03	17.72	1.41	10.77	18.03	17.03	10.44	16.76	9.06	8.06	0.0	22.83	20.0	15.81	17.69	7.81	8.25	28.6	21.93	5.1	21.54	
16.16	26.4	18.38	13.04	22.36	24.6	31.4	36.8	1.0	29.61	34.01	17.2	8.06	16.55	6.32	14.21	20.0	17.72	14.87	10.44	8.49	9.9	16.4	34.83	3.16	12.08	32.98	18.6	6.71	30.23	11.18	23.09	25.32	6.4	25.08	28.18	11.4	27.31	27.89	24.19	22.0	17.49	12.53	12.0	25.18	26.08	12.08	26.0	29.07	33.6	29.15	30.02	10.3	12.37	11.18	28.64	16.64	6.0	22.8	39.7	25.71	22.47	18.03	26.68	19.92	12.81	15.81	30.68	19.85	22.83	0.0	32.39	15.52	7.07	15.81	22.2	6.71	27.46	18.03	3.0	
20.25	17.89	26.17	25.71	33.3	34.21	10.05	32.76	32.25	3.16	19.03	23.43	39.01	20.81	31.95	21.38	40.61	43.05	20.59	38.08	26.02	40.8	28.43	33.53	35.23	31.38	13.0	23.35	26.08	23.09	22.0	36.8	7.07	37.01	7.62	19.31	35.51	17.46	40.61	8.25	41.87	17.46	30.53	20.62	10.63	6.71	21.0	44.55	18.97	34.18	38.28	4.47	25.08	21.54	34.0	18.03	29.83	26.48	37.48	31.06	7.07	21.4	29.73	6.08	13.04	25.55	17.0	15.3	27.59	20.0	32.39	0.0	17.03	25.32	19.72	12.81	35.01	41.87	22.67	32.98	
10.0	17.49	17.12	10.63	24.52	26.31	18.36	32.57	15.3	14.14	24.08	14.04	22.0	11.0	16.4	6.4	28.3	29.0	9.06	22.8	9.22	24.6	17.72	31.78	18.25	18.03	20.81	15.0	9.06	23.26	5.1	27.2	10.0	20.0	10.2	19.72	19.31	18.03	32.02	9.06	30.02	5.0	17.49	5.0	12.21	11.18	4.12	33.54	20.25	31.4	31.26	15.3	10.82	7.62	19.85	19.42	18.97	9.85	27.51	33.54	10.2	16.49	19.65	11.18	4.47	13.0	1.0	19.8	19.1	15.81	15.52	17.03	0.0	8.54	9.0	9.9	18.11	32.57	14.0	16.55	
10.63	20.81	15.23	10.0	21.21	23.35	24.74	33.29	7.0	22.56	28.3	13.04	14.32	11.31	8.6	8.94	22.14	21.63	9.22	14.87	5.1	16.12	14.32	31.76	10.0	12.17	26.57	14.42	2.24	25.46	5.0	23.0	18.25	12.37	18.03	22.8	14.14	21.63	28.0	17.12	24.04	11.31	12.04	5.1	18.44	19.03	5.66	27.89	23.6	30.87	28.28	23.0	6.32	6.4	13.0	23.02	15.13	1.41	23.02	35.47	18.68	17.69	16.28	19.65	13.0	9.49	8.94	24.6	17.09	17.69	7.07	25.32	8.54	0.0	10.0	15.52	11.18	28.07	13.6	8.06	
1.0	10.82	8.25	17.89	15.81	17.46	16.0	24.17	16.16	17.8	18.36	5.1	23.77	2.0	13.04	14.56	21.21	23.32	1.0	18.68	14.21	22.09	9.43	23.09	18.97	11.66	17.26	6.0	12.04	15.62	11.18	18.79	13.45	21.93	12.21	12.81	24.08	11.66	23.41	12.04	22.67	14.0	10.82	5.83	10.2	13.04	10.77	25.81	13.6	22.56	22.36	16.16	6.0	3.61	14.32	13.04	10.82	10.3	19.24	25.81	14.87	8.06	11.18	15.56	11.7	5.83	10.0	14.87	10.2	7.81	15.81	19.72	9.0	10.0	0.0	7.28	21.1	24.17	5.0	15.13	
7.62	8.25	13.45	20.52	20.81	21.95	9.22	24.19	22.36	11.4	14.21	10.63	29.83	8.06	20.22	16.28	27.8	30.41	8.25	25.96	18.36	29.27	15.62	24.0	25.32	18.79	11.18	10.63	17.09	14.32	14.42	24.21	7.62	27.89	5.83	10.44	28.65	8.54	28.3	6.32	29.07	13.89	17.89	10.44	3.0	6.4	13.6	31.83	10.77	24.08	26.4	8.94	13.15	10.0	21.54	9.85	17.03	16.28	24.84	24.35	9.49	9.49	16.97	9.85	9.49	13.0	10.63	9.9	15.0	8.25	22.2	12.81	9.9	15.52	7.28	0.0	26.57	29.41	9.9	22.0	
21.63	31.91	24.84	11.18	29.07	31.3	35.74	43.28	5.83	32.0	39.45	23.35	4.47	22.2	13.0	14.32	26.17	23.09	20.25	16.0	9.0	13.6	23.02	41.4	5.0	18.79	37.7	24.76	9.49	36.24	13.04	29.73	28.07	2.83	28.28	33.84	5.0	32.76	34.48	27.17	28.16	18.25	19.24	16.16	29.41	29.27	14.04	32.14	34.67	40.22	35.85	33.38	16.28	17.49	17.72	34.13	23.32	10.82	29.41	45.97	28.0	28.43	24.7	29.0	22.0	19.1	18.03	35.78	26.4	28.6	6.71	35.01	18.11	11.18	21.1	26.57	0.0	33.96	24.08	9.49	
23.26	24.84	16.12	38.05	8.6	7.81	34.06	20.0	28.44	40.8	29.07	19.24	33.24	22.36	21.21	36.5	8.6	14.14	23.77	18.79	33.02	23.32	14.87	17.0	29.12	16.0	33.02	18.87	30.02	22.36	32.39	5.39	36.89	32.57	35.23	24.41	38.83	25.61	2.0	35.51	7.07	37.36	16.03	27.89	31.24	35.81	32.56	5.1	25.24	15.0	6.0	37.54	22.36	25.0	16.28	25.81	13.6	27.02	5.1	25.02	38.59	20.52	13.0	39.12	35.85	19.65	33.53	29.41	14.42	21.93	27.46	41.87	32.57	28.07	24.17	29.41	33.96	0.0	19.72	24.52	
4.0	9.06	3.61	22.47	11.18	12.65	16.76	19.72	18.6	21.26	16.49	1.0	26.08	3.0	13.6	19.42	18.03	21.19	5.1	18.0	18.36	22.2	5.83	18.38	21.1	10.05	17.12	1.0	15.81	12.21	15.81	14.42	17.2	24.41	15.62	10.44	27.66	10.05	18.79	15.81	19.21	19.0	9.06	10.44	12.21	16.28	15.52	21.93	11.4	17.72	17.46	18.6	7.81	7.62	13.04	11.18	7.21	13.45	15.0	21.93	18.87	4.47	7.07	19.42	16.49	5.39	15.0	14.0	5.39	5.1	18.03	22.67	14.0	13.6	5.0	9.9	24.08	19.72	0.0	16.55	
15.3	25.3	16.4	15.65	19.72	21.95	31.06	34.66	4.0	30.36	32.89	15.65	9.9	15.52	3.61	16.28	17.0	14.87	14.14	7.62	10.82	8.06	14.14	32.56	5.0	9.43	32.39	17.0	8.49	28.65	12.81	20.25	25.96	8.6	25.5	26.93	14.32	26.25	25.0	24.74	19.0	19.21	10.0	12.37	25.0	26.48	13.6	23.0	27.86	31.24	26.4	30.27	9.22	12.0	8.25	27.51	14.21	6.71	19.92	37.8	26.57	21.02	15.62	27.51	21.02	11.18	17.0	29.83	17.69	21.54	3.0	32.98	16.55	8.06	15.13	22.0	9.49	24.52	16.55	0.0	
