80
0.0	18.36	20.22	28.64	34.21	36.14	14.21	25.32	28.65	23.54	21.4	23.35	13.04	35.06	5.39	16.0	7.28	13.0	28.3	21.54	33.06	6.4	17.12	12.0	10.82	27.2	32.06	34.0	10.63	28.84	11.4	23.6	8.94	33.02	7.0	3.61	32.2	33.0	21.21	42.05	29.15	27.66	27.31	8.25	35.51	9.22	6.71	15.03	16.64	37.12	14.32	13.6	38.91	27.07	28.65	19.42	32.25	28.07	31.02	26.93	18.11	8.54	7.62	8.0	36.06	15.0	27.07	16.12	29.61	9.49	41.63	35.51	23.35	25.32	21.93	25.08	35.9	31.91	35.81	38.63	
18.36	0.0	7.21	19.21	31.95	19.0	21.19	10.3	24.7	15.65	8.54	8.0	21.93	20.25	13.04	9.0	21.26	9.49	25.3	17.46	20.25	17.03	29.53	16.28	7.62	25.71	19.42	20.12	19.24	10.63	17.46	23.19	15.26	19.72	12.73	15.23	13.93	19.24	24.02	23.77	22.83	11.4	21.93	10.63	19.24	9.9	13.34	10.05	24.04	18.79	26.42	21.54	32.2	13.04	10.3	5.83	20.62	13.89	23.85	8.6	16.64	13.04	10.82	12.04	18.25	9.06	15.56	28.65	13.34	9.22	34.06	24.21	26.0	15.81	7.07	14.21	19.03	13.6	32.7	20.62	
20.22	7.21	0.0	12.04	25.0	16.16	17.8	5.1	17.72	8.54	15.65	14.56	19.1	15.03	15.03	5.0	20.59	7.62	18.44	11.0	13.93	16.55	26.91	21.93	11.4	19.1	13.0	14.32	17.03	13.6	14.87	17.03	13.89	13.6	13.34	18.0	14.21	13.34	18.68	23.43	15.65	7.62	14.87	12.04	15.3	11.05	17.26	6.4	20.25	19.1	24.04	18.44	25.0	7.07	12.08	1.41	13.89	8.06	16.64	11.4	23.43	17.72	13.0	12.37	16.64	5.83	8.6	26.17	9.49	11.0	26.91	17.49	20.4	8.6	13.93	7.07	15.81	15.65	25.63	19.42	
28.64	19.21	12.04	0.0	15.03	16.55	19.65	10.44	8.54	5.1	27.46	25.94	21.59	10.63	24.35	13.42	26.02	16.16	9.85	8.25	6.4	23.09	28.23	33.29	22.47	11.66	5.66	8.49	21.1	22.36	19.03	12.04	20.1	7.07	21.84	27.51	20.02	7.81	15.81	26.0	5.1	12.04	5.83	21.54	13.89	20.62	27.73	13.93	20.62	23.54	26.25	20.62	13.04	8.06	20.22	13.45	4.47	8.0	5.1	20.62	35.38	28.65	22.85	20.88	18.97	14.32	4.12	27.86	12.04	21.02	14.87	7.0	16.28	3.61	25.55	5.0	15.65	23.02	15.03	21.54	
34.21	31.95	25.0	15.03	0.0	31.05	20.59	25.08	7.28	16.49	40.5	39.56	22.36	24.35	31.83	23.71	28.65	25.24	6.71	14.76	19.92	27.8	25.32	42.64	32.45	7.07	19.65	22.14	23.85	37.12	22.8	10.63	25.5	20.88	29.0	34.66	35.06	21.84	13.42	40.52	10.0	27.0	10.2	29.83	28.16	29.21	36.12	23.32	19.31	38.47	25.0	21.47	8.94	23.0	35.06	26.25	17.72	23.02	10.2	35.23	46.32	37.64	31.24	28.32	33.73	24.19	19.0	25.5	27.07	30.0	11.7	17.0	11.7	17.12	38.9	19.1	30.08	38.0	2.0	36.14	
36.14	19.0	16.16	16.55	31.05	0.0	32.8	11.18	25.08	18.44	23.41	20.62	34.41	7.0	30.81	21.02	36.67	23.77	26.4	22.67	11.18	32.7	42.01	35.13	26.17	28.18	11.4	9.06	32.76	13.04	30.53	28.02	29.97	10.2	29.41	33.54	7.81	9.22	31.24	9.49	21.54	8.54	22.36	27.89	3.0	26.93	32.14	22.36	34.71	8.25	39.41	33.6	26.0	10.63	11.18	16.76	13.34	9.9	20.88	13.0	34.21	32.02	28.64	28.46	3.16	21.93	13.6	41.4	6.71	26.68	26.17	15.0	32.2	16.4	21.19	14.87	1.0	11.31	30.59	5.1	
14.21	21.19	17.8	19.65	20.59	32.8	0.0	21.93	16.28	15.23	28.28	28.86	2.0	29.07	13.6	13.04	8.06	11.7	15.52	11.4	25.63	8.06	9.22	24.7	17.0	13.93	24.7	27.31	3.61	30.89	4.0	10.44	7.07	26.0	11.18	15.65	32.02	26.4	7.21	41.01	18.0	24.76	16.0	13.04	31.06	13.0	18.03	11.66	3.0	36.88	6.71	1.0	26.68	22.2	29.68	18.03	24.04	23.02	20.0	28.65	29.83	19.92	14.14	11.05	33.97	12.53	20.12	8.6	26.25	14.0	29.61	26.48	9.22	17.46	27.66	18.36	32.2	33.29	22.36	36.8	
25.32	10.3	5.1	10.44	25.08	11.18	21.93	0.0	18.0	9.22	17.69	15.81	23.43	10.2	20.1	9.85	25.5	12.65	19.03	13.0	10.0	21.54	31.14	26.25	16.12	20.22	9.22	9.85	21.63	12.04	19.42	18.97	18.79	9.43	18.44	23.02	10.77	8.94	21.47	19.1	15.13	2.83	15.0	17.12	10.2	16.12	22.09	11.18	24.08	15.26	28.43	22.67	23.26	2.83	10.0	6.0	10.63	3.61	15.52	10.2	26.93	22.36	18.03	17.46	12.04	10.77	6.32	30.48	4.47	16.03	24.7	14.14	22.85	8.0	15.62	6.0	10.77	13.15	25.32	14.87	
28.65	24.7	17.72	8.54	7.28	25.08	16.28	18.0	0.0	9.22	33.24	32.28	18.25	18.87	25.61	16.64	24.04	18.44	1.41	7.81	14.42	22.36	23.19	36.07	25.61	3.61	13.89	16.64	18.97	30.02	17.46	6.0	19.72	15.26	22.8	28.6	28.28	16.12	10.05	34.54	3.61	20.1	3.0	23.35	22.36	22.63	29.73	16.4	16.0	32.02	22.0	17.26	10.44	16.12	28.0	18.97	12.21	16.28	5.0	28.07	39.41	31.11	24.76	22.02	27.51	17.2	12.17	23.09	20.4	23.35	13.34	12.81	9.49	10.0	31.62	12.0	24.17	31.06	8.06	30.08	
23.54	15.65	8.54	5.1	16.49	18.44	15.23	9.22	9.22	0.0	24.17	23.09	17.09	13.89	19.31	8.6	21.1	11.18	10.05	4.24	10.44	18.03	24.19	28.6	17.8	11.05	9.49	12.08	16.28	21.02	14.14	9.85	15.03	10.77	16.76	22.47	19.92	11.18	12.81	27.46	7.21	11.7	6.32	16.55	16.28	15.65	22.83	8.94	16.64	24.17	21.93	16.16	16.97	8.06	19.1	9.85	9.06	8.6	8.49	19.0	31.14	23.85	17.89	15.81	20.25	9.43	5.0	23.71	12.53	16.12	19.21	12.04	13.89	2.24	22.47	3.61	17.69	22.36	17.09	23.02	
21.4	8.54	15.65	27.46	40.5	23.41	28.28	17.69	33.24	24.17	0.0	3.0	28.64	26.63	17.0	17.26	26.4	17.0	33.84	25.96	27.59	22.47	35.74	13.93	11.7	34.21	26.87	27.02	25.71	11.05	24.33	31.58	21.59	26.91	18.03	17.8	16.28	26.25	32.06	25.02	31.3	17.8	30.46	15.81	24.6	15.52	14.87	18.11	31.26	20.0	32.57	28.44	40.5	20.52	12.37	14.32	28.32	21.21	32.25	10.44	11.05	13.45	15.23	17.72	21.59	17.12	23.6	34.79	19.42	14.56	42.2	31.83	34.13	24.19	2.24	22.47	23.77	14.0	41.23	23.19	
23.35	8.0	14.56	25.94	39.56	20.62	28.86	15.81	32.28	23.09	3.0	0.0	29.41	24.21	18.6	17.0	27.78	17.26	32.98	25.32	25.5	23.71	36.77	16.76	13.04	33.54	24.84	24.76	26.57	8.06	25.0	31.14	22.47	24.76	19.24	19.8	13.34	24.04	32.02	22.02	30.08	15.56	29.41	17.0	21.95	16.55	17.03	18.03	31.78	17.0	33.62	29.12	38.95	18.6	9.49	13.34	26.4	19.21	30.87	7.62	14.04	15.81	16.64	18.79	18.68	17.03	21.95	35.85	17.03	15.65	40.5	29.83	34.0	22.85	1.41	21.02	21.02	11.0	40.16	20.22	
13.04	21.93	19.1	21.59	22.36	34.41	2.0	23.43	18.25	17.09	28.64	29.41	0.0	30.87	13.15	14.21	6.4	12.53	17.46	13.34	27.51	7.28	7.81	24.04	17.12	15.81	26.57	29.15	3.0	31.91	4.47	12.37	7.07	27.86	11.0	14.87	33.3	28.23	8.94	42.45	20.0	26.25	18.0	13.04	32.76	13.15	17.46	12.81	3.61	38.21	5.0	1.0	28.64	23.85	30.81	19.21	25.96	24.7	22.0	29.68	29.43	19.42	14.0	11.05	35.47	13.6	21.93	7.07	27.8	14.14	31.58	28.44	10.82	19.31	28.16	20.12	33.84	34.41	24.17	38.29	
35.06	20.25	15.03	10.63	24.35	7.0	29.07	10.2	18.87	13.89	26.63	24.21	30.87	0.0	30.0	19.1	34.21	22.09	20.25	18.03	4.47	30.59	38.08	36.4	26.31	22.2	5.0	2.24	29.73	17.8	27.51	22.63	27.66	3.61	28.07	33.02	13.42	2.83	26.25	16.28	15.26	8.94	16.4	27.0	4.0	26.0	32.25	20.22	30.53	15.13	35.78	29.97	19.0	8.0	15.62	16.12	6.71	7.0	14.32	16.97	36.67	32.56	28.02	27.07	10.05	20.1	8.94	37.59	7.21	26.02	19.24	8.0	26.87	11.66	24.41	10.77	6.0	17.0	23.77	12.04	
5.39	13.04	15.03	24.35	31.83	30.81	13.6	20.1	25.61	19.31	17.0	18.6	13.15	30.0	0.0	11.18	9.49	8.25	25.5	18.03	28.28	6.0	19.24	11.18	5.66	24.76	27.29	29.07	10.2	23.6	9.85	21.26	6.71	28.16	2.83	3.16	26.83	28.07	19.72	36.67	25.55	22.36	23.85	3.0	30.27	4.0	4.47	10.44	16.49	31.76	16.12	13.34	35.51	22.0	23.32	14.14	27.66	23.0	27.29	21.63	16.28	6.32	2.24	3.61	30.68	10.2	22.36	18.25	24.33	4.12	38.08	31.05	21.95	20.88	17.2	20.4	30.59	26.63	33.24	33.24	
16.0	9.0	5.0	13.42	23.71	21.02	13.04	9.85	16.64	8.6	17.26	17.0	14.21	19.1	11.18	0.0	15.65	3.0	17.0	8.94	17.12	11.7	22.02	20.0	9.22	17.09	16.12	18.0	12.04	17.89	9.9	14.32	8.94	17.03	9.0	14.32	19.1	17.0	15.03	28.43	15.56	12.53	14.21	8.25	19.92	7.28	14.32	1.41	15.65	24.04	19.1	13.6	25.5	11.18	16.64	5.0	16.49	12.17	17.03	15.65	22.8	15.26	9.49	8.0	21.63	1.0	11.18	21.26	14.32	7.62	27.8	19.92	17.0	9.85	16.03	9.22	20.62	20.25	24.7	24.41	
7.28	21.26	20.59	26.02	28.65	36.67	8.06	25.5	24.04	21.1	26.4	27.78	6.4	34.21	9.49	15.65	0.0	13.04	23.41	18.03	31.4	4.24	10.0	19.1	14.76	21.93	30.41	32.76	5.1	31.83	7.0	18.38	6.71	31.58	8.6	10.0	34.21	31.78	15.26	43.83	25.32	28.18	23.35	10.82	35.47	11.4	13.04	14.32	9.9	39.2	7.07	7.21	34.48	26.57	31.14	20.25	30.15	27.51	27.29	29.7	25.0	15.03	11.18	9.22	37.22	14.76	25.5	9.0	29.97	12.21	37.36	33.02	17.2	23.19	26.42	23.54	36.25	34.66	30.41	39.96	
13.0	9.49	7.62	16.16	25.24	23.77	11.7	12.65	18.44	11.18	17.0	17.26	12.53	22.09	8.25	3.0	13.04	0.0	18.6	10.63	20.1	8.94	20.25	17.69	7.21	18.36	19.1	21.0	10.0	19.42	8.06	15.23	6.4	20.02	6.0	11.4	21.26	20.0	15.13	30.81	17.8	15.23	16.28	5.39	22.8	4.47	11.66	2.24	14.56	26.25	17.2	12.08	27.8	14.14	18.44	7.21	19.42	15.13	19.42	17.2	21.1	12.81	6.71	5.0	24.19	2.0	14.14	19.42	17.09	5.0	30.23	22.8	17.26	12.65	16.12	12.17	23.41	22.02	26.4	26.93	
28.3	25.3	18.44	9.85	6.71	26.4	15.52	19.03	1.41	10.05	33.84	32.98	17.46	20.25	25.5	17.0	23.41	18.6	0.0	8.06	15.81	21.95	22.09	36.12	25.81	2.24	15.26	18.03	18.38	31.0	17.0	5.1	19.42	16.64	22.67	28.43	29.43	17.49	9.0	35.85	5.0	21.21	4.12	23.35	23.71	22.67	29.7	16.64	15.03	33.24	21.02	16.49	11.18	17.26	29.02	19.65	13.6	17.46	6.4	29.02	39.66	31.14	24.76	21.93	28.79	17.49	13.34	22.02	21.59	23.43	14.14	14.21	8.25	11.05	32.28	13.04	25.5	32.14	7.81	31.38	
21.54	17.46	11.0	8.25	14.76	22.67	11.4	13.0	7.81	4.24	25.96	25.32	13.34	18.03	18.03	8.94	18.03	10.63	8.06	0.0	14.32	15.52	20.12	28.28	17.8	8.25	13.42	16.12	13.0	24.33	11.05	6.08	12.65	14.76	15.26	21.1	23.77	15.26	8.6	31.62	7.62	15.65	5.83	15.62	20.52	14.87	22.02	8.6	12.53	28.18	18.03	12.37	17.49	12.21	22.56	12.04	12.65	12.81	9.49	22.2	31.62	23.35	17.03	14.42	24.41	9.43	9.22	19.7	16.64	15.56	20.12	15.13	9.85	6.4	24.52	7.81	21.93	25.96	15.81	27.2	
33.06	20.25	13.93	6.4	19.92	11.18	25.63	10.0	14.42	10.44	27.59	25.5	27.51	4.47	28.28	17.12	31.4	20.1	15.81	14.32	0.0	28.07	34.44	35.85	25.3	17.8	1.0	2.24	26.68	20.12	24.52	18.44	25.08	1.0	26.08	31.4	16.49	2.0	22.2	20.62	10.82	10.0	12.04	25.32	8.25	24.33	31.05	18.03	26.83	19.0	32.31	26.57	15.13	7.21	17.89	15.23	2.24	6.4	9.85	18.87	36.89	31.62	26.48	25.08	14.04	18.11	6.0	34.01	8.94	24.52	15.81	4.47	22.67	8.25	25.46	8.0	10.2	19.92	19.42	16.28	
6.4	17.03	16.55	23.09	27.8	32.7	8.06	21.54	22.36	18.03	22.47	23.71	7.28	30.59	6.0	11.7	4.24	8.94	21.95	15.52	28.07	0.0	13.34	16.76	10.77	20.81	27.07	29.27	4.47	27.59	5.0	17.2	3.0	28.16	4.47	7.62	30.0	28.28	14.87	39.66	23.09	24.17	21.19	6.71	31.62	7.21	10.2	10.44	10.77	35.0	10.2	7.62	32.7	22.8	26.91	16.12	27.0	23.77	25.0	25.46	22.2	12.17	7.28	5.0	33.12	10.77	22.09	12.37	26.0	8.06	35.47	30.07	17.03	20.0	22.36	20.1	32.31	30.41	29.41	35.85	
17.12	29.53	26.91	28.23	25.32	42.01	9.22	31.14	23.19	24.19	35.74	36.77	7.81	38.08	19.24	22.02	10.0	20.25	22.09	20.12	34.44	13.34	0.0	29.07	24.04	20.02	33.54	36.24	10.3	39.66	12.21	17.26	14.32	34.89	17.72	20.0	41.11	35.36	13.15	50.21	25.71	33.97	23.77	19.92	40.22	20.25	23.02	20.62	7.62	46.01	3.16	8.49	33.0	31.4	38.6	27.02	32.7	32.2	27.66	37.44	35.0	25.02	20.62	18.03	43.19	21.4	29.15	1.0	35.47	21.19	36.0	34.79	14.0	26.42	35.47	27.46	41.4	42.2	27.29	46.01	
12.0	16.28	21.93	33.29	42.64	35.13	24.7	26.25	36.07	28.6	13.93	16.76	24.04	36.4	11.18	20.0	19.1	17.69	36.12	28.28	35.85	16.76	29.07	0.0	10.82	35.61	34.93	36.06	21.19	24.33	21.02	32.2	17.89	35.47	13.89	9.22	29.07	35.11	30.89	38.47	35.47	27.66	33.97	12.81	35.51	13.45	6.71	19.85	27.51	33.38	26.17	24.35	45.45	28.79	25.08	20.62	35.78	29.73	37.01	23.09	6.32	5.0	11.4	14.42	34.0	19.21	30.41	28.07	29.61	12.73	47.8	39.36	33.12	29.68	15.52	28.65	35.23	27.46	43.93	36.06	
10.82	7.62	11.4	22.47	32.45	26.17	17.0	16.12	25.61	17.8	11.7	13.04	17.12	26.31	5.66	9.22	14.76	7.21	25.81	17.8	25.3	10.77	24.04	10.82	0.0	25.55	24.35	25.71	14.14	18.03	13.0	22.36	10.05	25.0	6.32	7.62	21.54	24.74	21.84	31.38	24.76	18.0	23.35	4.12	26.0	4.0	6.0	9.22	20.0	26.4	20.88	17.03	34.71	18.44	17.89	10.2	25.08	19.42	26.25	16.12	13.89	6.32	3.61	6.08	25.71	8.49	19.7	23.09	20.0	3.0	37.01	28.64	24.04	18.87	11.66	17.89	26.08	21.1	33.6	28.16	
27.2	25.71	19.1	11.66	7.07	28.18	13.93	20.22	3.61	11.05	34.21	33.54	15.81	22.2	24.76	17.09	21.93	18.36	2.24	8.25	17.8	20.81	20.02	35.61	25.55	0.0	17.2	20.0	17.0	32.06	15.81	3.61	18.44	18.6	21.93	27.59	30.81	19.42	7.07	37.58	7.07	22.56	5.83	22.8	25.55	22.2	29.07	16.55	13.15	34.79	19.1	14.87	13.04	18.68	30.15	20.22	15.62	18.97	8.6	30.02	39.45	30.61	24.21	21.26	30.46	17.46	14.87	20.0	23.09	23.02	16.03	16.4	6.08	12.37	32.76	14.32	27.29	33.38	8.6	33.11	
32.06	19.42	13.0	5.66	19.65	11.4	24.7	9.22	13.89	9.49	26.87	24.84	26.57	5.0	27.29	16.12	30.41	19.1	15.26	13.42	1.0	27.07	33.54	34.93	24.35	17.2	0.0	2.83	25.71	19.7	23.54	17.69	24.08	1.41	25.08	30.41	16.28	2.24	21.4	20.88	10.3	9.43	11.4	24.33	8.54	23.35	30.08	17.03	25.94	19.03	31.38	25.63	15.3	6.4	17.46	14.32	2.0	5.66	9.49	18.36	36.06	30.68	25.5	24.08	14.14	17.12	5.0	33.11	8.54	23.54	16.16	5.0	21.93	7.28	24.76	7.0	10.44	19.65	19.24	16.49	
34.0	20.12	14.32	8.49	22.14	9.06	27.31	9.85	16.64	12.08	27.02	24.76	29.15	2.24	29.07	18.0	32.76	21.0	18.03	16.12	2.24	29.27	36.24	36.06	25.71	20.0	2.83	0.0	28.16	18.87	25.96	20.52	26.31	1.41	27.0	32.14	14.87	1.0	24.21	18.44	13.04	9.22	14.21	26.08	6.08	25.08	31.58	19.03	28.65	17.03	34.01	28.23	17.03	7.28	16.64	15.52	4.47	6.32	12.08	17.8	36.72	32.02	27.17	26.0	12.0	19.0	7.28	35.78	7.81	25.18	17.46	6.08	24.76	9.85	24.84	9.22	8.06	18.38	21.59	14.14	
10.63	19.24	17.03	21.1	23.85	32.76	3.61	21.63	18.97	16.28	25.71	26.57	3.0	29.73	10.2	12.04	5.1	10.0	18.38	13.0	26.68	4.47	10.3	21.19	14.14	17.0	25.71	28.16	0.0	29.41	2.24	13.42	4.12	26.93	8.0	12.08	31.11	27.2	10.63	40.46	20.22	24.41	18.25	10.05	31.3	10.2	14.56	10.63	6.32	36.07	7.21	3.16	29.41	22.36	28.43	16.97	25.32	23.26	22.2	27.2	26.48	16.49	11.0	8.06	33.6	11.31	20.88	9.43	26.08	11.18	32.28	28.07	12.73	18.44	25.3	18.97	32.25	32.02	25.55	36.4	
28.84	10.63	13.6	22.36	37.12	13.04	30.89	12.04	30.02	21.02	11.05	8.06	31.91	17.8	23.6	17.89	31.83	19.42	31.0	24.33	20.12	27.59	39.66	24.33	18.03	32.06	19.7	18.87	29.41	0.0	27.46	30.41	25.61	19.24	23.35	25.55	5.39	18.36	32.28	14.14	27.17	10.44	27.02	21.26	14.87	20.52	23.26	19.24	33.54	9.06	36.62	31.38	34.79	14.32	2.24	13.0	21.54	14.56	27.46	2.24	22.09	22.47	21.4	22.63	10.77	18.36	18.25	38.83	11.18	19.85	35.85	24.6	33.96	20.02	9.0	18.03	13.6	3.16	37.34	12.17	
11.4	17.46	14.87	19.03	22.8	30.53	4.0	19.42	17.46	14.14	24.33	25.0	4.47	27.51	9.85	9.9	7.0	8.06	17.0	11.05	24.52	5.0	12.21	21.02	13.0	15.81	23.54	25.96	2.24	27.46	0.0	12.21	3.16	24.74	7.28	12.21	29.0	25.0	10.0	38.29	18.44	22.2	16.49	9.06	29.07	9.0	14.32	8.49	7.0	33.94	9.22	4.12	27.86	20.12	26.4	14.87	23.19	21.02	20.4	25.24	25.96	16.16	10.2	7.07	31.4	9.22	18.68	11.4	23.85	10.0	30.68	26.02	12.21	16.28	23.77	16.76	30.02	30.0	24.41	34.21	
23.6	23.19	17.03	12.04	10.63	28.02	10.44	18.97	6.0	9.85	31.58	31.14	12.37	22.63	21.26	14.32	18.38	15.23	5.1	6.08	18.44	17.2	17.26	32.2	22.36	3.61	17.69	20.52	13.42	30.41	12.21	0.0	14.87	19.1	18.44	24.04	29.73	19.8	4.12	37.22	8.54	21.54	6.71	19.42	25.61	18.87	25.61	13.6	10.0	34.01	16.0	11.4	16.28	17.89	28.64	18.0	16.4	18.36	10.44	28.28	36.24	27.2	20.81	17.8	30.02	14.56	14.42	17.12	22.36	19.72	19.24	17.89	4.24	11.66	30.27	13.42	27.2	32.02	12.21	32.76	
8.94	15.26	13.89	20.1	25.5	29.97	7.07	18.79	19.72	15.03	21.59	22.47	7.07	27.66	6.71	8.94	6.71	6.4	19.42	12.65	25.08	3.0	14.32	17.89	10.05	18.44	24.08	26.31	4.12	25.61	3.16	14.87	0.0	25.18	4.12	9.22	27.66	25.32	13.04	37.2	20.25	21.47	18.38	6.0	28.79	6.08	11.18	7.62	10.05	32.65	11.18	7.0	29.97	19.92	24.76	13.6	24.0	20.88	22.14	23.43	22.8	13.0	7.07	4.0	30.53	8.06	19.1	13.42	23.26	7.07	32.7	27.07	15.26	17.0	21.19	17.12	29.55	28.32	27.02	33.29	
33.02	19.72	13.6	7.07	20.88	10.2	26.0	9.43	15.26	10.77	26.91	24.76	27.86	3.61	28.16	17.03	31.58	20.02	16.64	14.76	1.0	28.16	34.89	35.47	25.0	18.6	1.41	1.41	26.93	19.24	24.74	19.1	25.18	0.0	26.02	31.26	15.52	1.0	22.8	19.65	11.66	9.22	12.81	25.18	7.28	24.19	30.81	18.0	27.29	18.0	32.7	26.93	16.12	6.71	17.0	14.87	3.16	5.83	10.77	18.03	36.36	31.32	26.31	25.02	13.04	18.03	6.08	34.44	8.06	24.33	16.76	5.39	23.35	8.54	24.76	8.06	9.22	18.97	20.4	15.3	
7.0	12.73	13.34	21.84	29.0	29.41	11.18	18.44	22.8	16.76	18.03	19.24	11.0	28.07	2.83	9.0	8.6	6.0	22.67	15.26	26.08	4.47	17.72	13.89	6.32	21.93	25.08	27.0	8.0	23.35	7.28	18.44	4.12	26.02	0.0	5.83	26.08	26.0	17.0	35.85	22.83	20.88	21.1	2.24	28.64	2.83	7.21	8.06	14.14	31.06	14.56	11.05	32.76	20.1	22.8	12.65	25.32	21.1	24.6	21.26	18.68	8.94	3.0	1.0	29.55	8.0	20.1	16.76	22.8	3.61	35.36	28.64	19.24	18.44	17.89	18.11	29.12	26.25	30.41	32.2	
3.61	15.23	18.0	27.51	34.66	33.54	15.65	23.02	28.6	22.47	17.8	19.8	14.87	33.02	3.16	14.32	10.0	11.4	28.43	21.1	31.4	7.62	20.0	9.22	7.62	27.59	30.41	32.14	12.08	25.55	12.21	24.04	9.22	31.26	5.83	0.0	29.15	31.14	22.2	39.0	28.65	25.18	26.93	6.08	33.14	7.07	3.16	13.6	18.38	34.01	17.03	15.23	38.59	25.02	25.5	17.03	30.81	26.02	30.41	23.71	15.0	5.1	5.0	6.71	33.24	13.34	25.5	19.0	27.17	7.0	41.18	34.21	24.41	24.04	18.38	23.54	33.38	28.65	36.12	35.74	
32.2	13.93	14.21	20.02	35.06	7.81	32.02	10.77	28.28	19.92	16.28	13.34	33.3	13.42	26.83	19.1	34.21	21.26	29.43	23.77	16.49	30.0	41.11	29.07	21.54	30.81	16.28	14.87	31.11	5.39	29.0	29.73	27.66	15.52	26.08	29.15	0.0	14.56	32.2	9.85	25.08	8.25	25.32	24.19	10.0	23.32	27.2	20.52	34.41	5.0	38.21	32.65	31.58	12.17	4.0	14.14	18.25	12.04	25.0	6.0	27.29	26.68	24.6	25.24	5.39	19.8	16.12	40.36	8.0	22.83	32.28	20.88	33.62	18.44	14.14	16.49	8.49	3.61	35.0	7.0	
33.0	19.24	13.34	7.81	21.84	9.22	26.4	8.94	16.12	11.18	26.25	24.04	28.23	2.83	28.07	17.0	31.78	20.0	17.49	15.26	2.0	28.28	35.36	35.11	24.74	19.42	2.24	1.0	27.2	18.36	25.0	19.8	25.32	1.0	26.0	31.14	14.56	0.0	23.43	18.68	12.53	8.49	13.6	25.08	6.32	24.08	30.59	18.03	27.78	17.0	33.11	27.31	17.12	6.32	16.12	14.56	4.12	5.39	11.7	17.2	35.85	31.05	26.17	25.0	12.04	18.0	6.32	34.89	7.21	24.19	17.72	6.32	24.04	8.94	24.08	8.25	8.25	18.03	21.38	14.32	
21.21	24.02	18.68	15.81	13.42	31.24	7.21	21.47	10.05	12.81	32.06	32.02	8.94	26.25	19.72	15.03	15.26	15.13	9.0	8.6	22.2	14.87	13.15	30.89	21.84	7.07	21.4	24.21	10.63	32.28	10.0	4.12	13.04	22.8	17.0	22.2	32.2	23.43	0.0	40.22	12.65	24.19	10.77	18.38	29.0	18.03	24.19	14.0	6.08	36.72	12.04	8.06	20.1	20.81	30.68	19.42	20.25	21.4	14.56	30.08	35.47	25.94	19.7	16.55	33.02	15.0	17.69	13.04	25.24	18.97	23.09	21.93	2.24	14.87	31.0	16.4	30.48	34.18	15.23	35.81	
42.05	23.77	23.43	26.0	40.52	9.49	41.01	19.1	34.54	27.46	25.02	22.02	42.45	16.28	36.67	28.43	43.83	30.81	35.85	31.62	20.62	39.66	50.21	38.47	31.38	37.58	20.88	18.44	40.46	14.14	38.29	37.22	37.2	19.65	35.85	39.0	9.85	18.68	40.22	0.0	31.02	16.28	31.78	34.0	12.37	33.12	37.0	29.83	43.19	5.1	47.42	41.73	35.13	19.42	13.6	23.6	22.8	18.87	30.36	15.52	36.0	36.4	34.44	34.99	7.21	29.21	22.83	49.52	15.0	32.65	35.0	24.19	41.34	25.55	23.09	23.85	10.44	11.05	40.02	4.47	
29.15	22.83	15.65	5.1	10.0	21.54	18.0	15.13	3.61	7.21	31.3	30.08	20.0	15.26	25.55	15.56	25.32	17.8	5.0	7.62	10.82	23.09	25.71	35.47	24.76	7.07	10.3	13.04	20.22	27.17	18.44	8.54	20.25	11.66	22.83	28.65	25.08	12.53	12.65	31.02	0.0	17.0	2.0	23.02	18.79	22.2	29.41	15.62	18.25	28.64	24.19	19.0	10.0	13.0	25.08	17.0	8.6	13.04	2.0	25.32	38.29	30.61	24.41	21.95	24.04	16.28	9.0	25.5	17.12	22.8	12.53	9.43	12.53	7.28	29.55	9.22	20.62	28.0	10.2	26.57	
27.66	11.4	7.62	12.04	27.0	8.54	24.76	2.83	20.1	11.7	17.8	15.56	26.25	8.94	22.36	12.53	28.18	15.23	21.21	15.65	10.0	24.17	33.97	27.66	18.0	22.56	9.43	9.22	24.41	10.44	22.2	21.54	21.47	9.22	20.88	25.18	8.25	8.49	24.19	16.28	17.0	0.0	17.12	19.42	8.0	18.44	24.0	13.89	26.91	12.53	31.24	25.5	24.35	4.0	8.25	8.25	11.18	4.12	17.12	8.94	27.73	24.08	20.22	19.92	9.22	13.42	8.0	33.3	2.0	18.25	25.5	14.42	25.5	10.2	15.62	8.25	8.25	11.0	27.07	12.04	
27.31	21.93	14.87	5.83	10.2	22.36	16.0	15.0	3.0	6.32	30.46	29.41	18.0	16.4	23.85	14.21	23.35	16.28	4.12	5.83	12.04	21.19	23.77	33.97	23.35	5.83	11.4	14.21	18.25	27.02	16.49	6.71	18.38	12.81	21.1	26.93	25.32	13.6	10.77	31.78	2.0	17.12	0.0	21.4	19.72	20.62	27.8	14.14	16.28	29.12	22.2	17.0	11.66	13.15	25.0	16.16	9.9	13.34	4.0	25.08	37.01	29.07	22.8	20.25	24.7	14.87	9.22	23.54	17.46	21.26	14.32	11.18	10.82	7.0	28.79	9.0	21.47	28.07	10.77	27.31	
8.25	10.63	12.04	21.54	29.83	27.89	13.04	17.12	23.35	16.55	15.81	17.0	13.04	27.0	3.0	8.25	10.82	5.39	23.35	15.62	25.32	6.71	19.92	12.81	4.12	22.8	24.33	26.08	10.05	21.26	9.06	19.42	6.0	25.18	2.24	6.08	24.19	25.08	18.38	34.0	23.02	19.42	21.4	0.0	27.29	1.0	6.4	7.62	16.03	29.15	16.76	13.0	33.02	19.0	20.81	11.18	24.74	20.0	24.7	19.21	17.09	7.81	1.41	2.0	27.86	7.28	19.42	18.97	21.38	1.41	35.51	28.16	20.62	18.03	15.65	17.46	27.66	24.21	31.14	30.46	
35.51	19.24	15.3	13.89	28.16	3.0	31.06	10.2	22.36	16.28	24.6	21.95	32.76	4.0	30.27	19.92	35.47	22.8	23.71	20.52	8.25	31.62	40.22	35.51	26.0	25.55	8.54	6.08	31.3	14.87	29.07	25.61	28.79	7.28	28.64	33.14	10.0	6.32	29.0	12.37	18.79	8.0	19.72	27.29	0.0	26.31	32.0	21.19	32.8	11.18	37.74	31.91	23.0	8.94	12.81	16.12	10.44	8.06	18.03	14.42	35.11	32.06	28.16	27.66	6.08	20.88	11.31	39.66	6.0	26.17	23.19	12.0	29.83	14.14	22.36	12.81	2.0	13.6	27.66	8.06	
9.22	9.9	11.05	20.62	29.21	26.93	13.0	16.12	22.63	15.65	15.52	16.55	13.15	26.0	4.0	7.28	11.4	4.47	22.67	14.87	24.33	7.21	20.25	13.45	4.0	22.2	23.35	25.08	10.2	20.52	9.0	18.87	6.08	24.19	2.83	7.07	23.32	24.08	18.03	33.12	22.2	18.44	20.62	1.0	26.31	0.0	7.21	6.71	16.0	28.3	17.09	13.04	32.2	18.0	20.0	10.2	23.77	19.0	23.85	18.44	17.46	8.49	2.24	2.24	26.93	6.32	18.44	19.31	20.4	1.0	34.67	27.2	20.25	17.09	15.23	16.49	26.68	23.43	30.48	29.55	
6.71	13.34	17.26	27.73	36.12	32.14	18.03	22.09	29.73	22.83	14.87	17.03	17.46	32.25	4.47	14.32	13.04	11.66	29.7	22.02	31.05	10.2	23.02	6.71	6.0	29.07	30.08	31.58	14.56	23.26	14.32	25.61	11.18	30.81	7.21	3.16	27.2	30.59	24.19	37.0	29.41	24.0	27.8	6.4	32.0	7.21	0.0	13.89	20.88	31.95	20.0	17.72	39.41	24.33	23.41	16.12	30.68	25.32	31.06	21.54	12.04	2.0	5.0	7.81	31.58	13.42	25.3	22.02	26.0	6.71	41.88	34.18	26.42	24.17	15.62	23.41	32.06	26.4	37.48	33.96	
15.03	10.05	6.4	13.93	23.32	22.36	11.66	11.18	16.4	8.94	18.11	18.03	12.81	20.22	10.44	1.41	14.32	2.24	16.64	8.6	18.03	10.44	20.62	19.85	9.22	16.55	17.03	19.03	10.63	19.24	8.49	13.6	7.62	18.0	8.06	13.6	20.52	18.03	14.0	29.83	15.62	13.89	14.14	7.62	21.19	6.71	13.89	0.0	14.32	25.46	17.69	12.21	25.61	12.37	18.03	6.4	17.26	13.34	17.2	17.0	23.02	15.0	8.94	7.07	23.02	1.0	12.04	19.85	15.65	7.21	28.02	20.62	16.03	10.44	17.0	10.05	21.93	21.63	24.41	25.81	
16.64	24.04	20.25	20.62	19.31	34.71	3.0	24.08	16.0	16.64	31.26	31.78	3.61	30.53	16.49	15.65	9.9	14.56	15.03	12.53	26.83	10.77	7.62	27.51	20.0	13.15	25.94	28.65	6.32	33.54	7.0	10.0	10.05	27.29	14.14	18.38	34.41	27.78	6.08	43.19	18.25	26.91	16.28	16.03	32.8	16.0	20.88	14.32	0.0	39.2	6.0	3.16	26.17	24.08	32.25	20.59	25.08	24.84	20.22	31.3	32.76	22.8	17.12	14.04	36.07	15.23	21.63	7.28	28.28	17.0	29.15	27.2	7.62	18.87	30.59	20.0	34.06	35.85	21.19	38.9	
37.12	18.79	19.1	23.54	38.47	8.25	36.88	15.26	32.02	24.17	20.0	17.0	38.21	15.13	31.76	24.04	39.2	26.25	33.24	28.18	19.0	35.0	46.01	33.38	26.4	34.79	19.03	17.03	36.07	9.06	33.94	34.01	32.65	18.0	31.06	34.01	5.0	17.0	36.72	5.1	28.64	12.53	29.12	29.15	11.18	28.3	31.95	25.46	39.2	0.0	43.14	37.54	34.06	16.16	8.54	19.1	21.02	15.81	28.28	10.44	31.02	31.32	29.53	30.23	5.1	24.76	19.92	45.28	11.7	27.78	34.37	23.09	38.01	22.47	18.03	20.62	9.22	6.0	38.21	4.24	
14.32	26.42	24.04	26.25	25.0	39.41	6.71	28.43	22.0	21.93	32.57	33.62	5.0	35.78	16.12	19.1	7.07	17.2	21.02	18.03	32.31	10.2	3.16	26.17	20.88	19.1	31.38	34.01	7.21	36.62	9.22	16.0	11.18	32.7	14.56	17.03	38.21	33.11	12.04	47.42	24.19	31.24	22.2	16.76	37.74	17.09	20.0	17.69	6.0	43.14	0.0	5.83	32.14	28.84	35.61	24.08	30.68	29.68	26.17	34.41	32.02	22.0	17.46	14.87	40.46	18.44	26.83	2.24	32.8	18.03	35.13	32.98	13.34	24.17	32.31	25.06	38.83	39.2	26.93	43.28	
13.6	21.54	18.44	20.62	21.47	33.6	1.0	22.67	17.26	16.16	28.44	29.12	1.0	29.97	13.34	13.6	7.21	12.08	16.49	12.37	26.57	7.62	8.49	24.35	17.03	14.87	25.63	28.23	3.16	31.38	4.12	11.4	7.0	26.93	11.05	15.23	32.65	27.31	8.06	41.73	19.0	25.5	17.0	13.0	31.91	13.04	17.72	12.21	3.16	37.54	5.83	0.0	27.66	23.02	30.23	18.6	25.0	23.85	21.0	29.15	29.61	19.65	14.04	11.0	34.71	13.04	21.02	7.81	27.02	14.04	30.59	27.46	10.0	18.38	27.89	19.24	33.02	33.84	23.26	37.54	
38.91	32.2	25.0	13.04	8.94	26.0	26.68	23.26	10.44	16.97	40.5	38.95	28.64	19.0	35.51	25.5	34.48	27.8	11.18	17.49	15.13	32.7	33.0	45.45	34.71	13.04	15.3	17.03	29.41	34.79	27.86	16.28	29.97	16.12	32.76	38.59	31.58	17.12	20.1	35.13	10.0	24.35	11.66	33.02	23.0	32.2	39.41	25.61	26.17	34.06	32.14	27.66	0.0	20.62	32.57	26.4	13.34	20.25	8.49	33.24	48.1	40.61	34.41	31.91	29.02	26.25	17.0	33.02	23.77	32.8	3.0	11.0	19.0	16.4	38.59	18.03	25.0	34.93	7.21	31.02	
27.07	13.04	7.07	8.06	23.0	10.63	22.2	2.83	16.12	8.06	20.52	18.6	23.85	8.0	22.0	11.18	26.57	14.14	17.26	12.21	7.21	22.8	31.4	28.79	18.44	18.68	6.4	7.28	22.36	14.32	20.12	17.89	19.92	6.71	20.1	25.02	12.17	6.32	20.81	19.42	13.0	4.0	13.15	19.0	8.94	18.0	24.33	12.37	24.08	16.16	28.84	23.02	20.62	0.0	12.17	8.25	7.81	1.0	13.15	12.65	29.68	24.74	20.02	19.1	12.21	12.17	4.0	30.81	4.47	18.03	21.95	11.31	21.95	6.32	18.44	4.47	10.0	15.0	23.09	15.0	
28.65	10.3	12.08	20.22	35.06	11.18	29.68	10.0	28.0	19.1	12.37	9.49	30.81	15.62	23.32	16.64	31.14	18.44	29.02	22.56	17.89	26.91	38.6	25.08	17.89	30.15	17.46	16.64	28.43	2.24	26.4	28.64	24.76	17.0	22.8	25.5	4.0	16.12	30.68	13.6	25.08	8.25	25.0	20.81	12.81	20.0	23.41	18.03	32.25	8.54	35.61	30.23	32.57	12.17	0.0	11.66	19.31	12.37	25.32	2.0	23.35	22.8	21.1	22.02	9.22	17.2	16.12	37.8	8.94	19.42	33.62	22.36	32.28	18.0	10.2	16.0	11.66	3.61	35.23	11.0	
19.42	5.83	1.41	13.45	26.25	16.76	18.03	6.0	18.97	9.85	14.32	13.34	19.21	16.12	14.14	5.0	20.25	7.21	19.65	12.04	15.23	16.12	27.02	20.62	10.2	20.22	14.32	15.52	16.97	13.0	14.87	18.0	13.6	14.87	12.65	17.03	14.14	14.56	19.42	23.6	17.0	8.25	16.16	11.18	16.12	10.2	16.12	6.4	20.59	19.1	24.08	18.6	26.4	8.25	11.66	0.0	15.26	9.22	18.03	10.77	22.02	16.49	12.04	11.7	17.0	5.66	10.0	26.25	10.2	10.05	28.32	18.87	21.21	10.0	12.65	8.49	16.49	15.26	26.93	19.72	
32.25	20.62	13.89	4.47	17.72	13.34	24.04	10.63	12.21	9.06	28.32	26.4	25.96	6.71	27.66	16.49	30.15	19.42	13.6	12.65	2.24	27.0	32.7	35.78	25.08	15.62	2.0	4.47	25.32	21.54	23.19	16.4	24.0	3.16	25.32	30.81	18.25	4.12	20.25	22.8	8.6	11.18	9.9	24.74	10.44	23.77	30.68	17.26	25.08	21.02	30.68	25.0	13.34	7.81	19.31	15.26	0.0	7.21	7.62	20.12	37.2	31.38	25.96	24.33	16.12	17.46	5.39	32.31	10.44	24.04	14.32	3.61	20.62	7.0	26.25	7.28	12.37	21.59	17.26	18.44	
28.07	13.89	8.06	8.0	23.02	9.9	23.02	3.61	16.28	8.6	21.21	19.21	24.7	7.0	23.0	12.17	27.51	15.13	17.46	12.81	6.4	23.77	32.2	29.73	19.42	18.97	5.66	6.32	23.26	14.56	21.02	18.36	20.88	5.83	21.1	26.02	12.04	5.39	21.4	18.87	13.04	4.12	13.34	20.0	8.06	19.0	25.32	13.34	24.84	15.81	29.68	23.85	20.25	1.0	12.37	9.22	7.21	0.0	13.04	13.0	30.53	25.71	21.02	20.1	11.66	13.15	4.12	31.62	4.12	19.03	21.47	10.63	22.47	6.71	19.1	5.0	9.22	15.03	23.02	14.42	
31.02	23.85	16.64	5.1	10.2	20.88	20.0	15.52	5.0	8.49	32.25	30.87	22.0	14.32	27.29	17.03	27.29	19.42	6.4	9.49	9.85	25.0	27.66	37.01	26.25	8.6	9.49	12.08	22.2	27.46	20.4	10.44	22.14	10.77	24.6	30.41	25.0	11.7	14.56	30.36	2.0	17.12	4.0	24.7	18.03	23.85	31.06	17.2	20.22	28.28	26.17	21.0	8.49	13.15	25.32	18.03	7.62	13.04	0.0	25.71	39.62	32.2	26.08	23.71	23.54	17.8	9.22	27.46	17.0	24.41	10.82	7.81	14.32	8.06	30.41	9.85	19.92	28.07	10.0	25.96	
26.93	8.6	11.4	20.62	35.23	13.0	28.65	10.2	28.07	19.0	10.44	7.62	29.68	16.97	21.63	15.65	29.7	17.2	29.02	22.2	18.87	25.46	37.44	23.09	16.12	30.02	18.36	17.8	27.2	2.24	25.24	28.28	23.43	18.03	21.26	23.71	6.0	17.2	30.08	15.52	25.32	8.94	25.08	19.21	14.42	18.44	21.54	17.0	31.3	10.44	34.41	29.15	33.24	12.65	2.0	10.77	20.12	13.0	25.71	0.0	21.38	20.88	19.42	20.52	11.18	16.12	16.49	36.62	10.0	17.8	34.44	23.32	31.78	18.11	8.25	16.12	13.42	5.0	35.51	13.0	
18.11	16.64	23.43	35.38	46.32	34.21	29.83	26.93	39.41	31.14	11.05	14.04	29.43	36.67	16.28	22.8	25.0	21.1	39.66	31.62	36.89	22.2	35.0	6.32	13.89	39.45	36.06	36.72	26.48	22.09	25.96	36.24	22.8	36.36	18.68	15.0	27.29	35.85	35.47	36.0	38.29	27.73	37.01	17.09	35.11	17.46	12.04	23.02	32.76	31.02	32.02	29.61	48.1	29.68	23.35	22.02	37.2	30.53	39.62	21.38	0.0	10.05	15.81	18.97	32.56	22.2	32.02	34.0	29.55	16.55	50.21	40.8	37.7	31.83	13.15	30.48	34.48	25.02	47.43	34.23	
8.54	13.04	17.72	28.65	37.64	32.02	19.92	22.36	31.11	23.85	13.45	15.81	19.42	32.56	6.32	15.26	15.03	12.81	31.14	23.35	31.62	12.17	25.02	5.0	6.32	30.61	30.68	32.02	16.49	22.47	16.16	27.2	13.0	31.32	8.94	5.1	26.68	31.05	25.94	36.4	30.61	24.08	29.07	7.81	32.06	8.49	2.0	15.0	22.8	31.32	22.0	19.65	40.61	24.74	22.8	16.49	31.38	25.71	32.2	20.88	10.05	0.0	6.4	9.43	31.26	14.42	26.0	24.02	26.08	7.81	43.01	34.93	28.18	25.06	14.42	24.17	32.0	25.63	38.95	33.54	
7.62	10.82	13.0	22.85	31.24	28.64	14.14	18.03	24.76	17.89	15.23	16.64	14.0	28.02	2.24	9.49	11.18	6.71	24.76	17.03	26.48	7.28	20.62	11.4	3.61	24.21	25.5	27.17	11.0	21.4	10.2	20.81	7.07	26.31	3.0	5.0	24.6	26.17	19.7	34.44	24.41	20.22	22.8	1.41	28.16	2.24	5.0	8.94	17.12	29.53	17.46	14.04	34.41	20.02	21.1	12.04	25.96	21.02	26.08	19.42	15.81	6.4	0.0	3.16	28.46	8.54	20.62	19.65	22.2	2.0	36.89	29.41	21.93	19.31	15.26	18.68	28.44	24.41	32.56	31.02	
8.0	12.04	12.37	20.88	28.32	28.46	11.05	17.46	22.02	15.81	17.72	18.79	11.05	27.07	3.61	8.0	9.22	5.0	21.93	14.42	25.08	5.0	18.03	14.42	6.08	21.26	24.08	26.0	8.06	22.63	7.07	17.8	4.0	25.02	1.0	6.71	25.24	25.0	16.55	34.99	21.95	19.92	20.25	2.0	27.66	2.24	7.81	7.07	14.04	30.23	14.87	11.0	31.91	19.1	22.02	11.7	24.33	20.1	23.71	20.52	18.97	9.43	3.16	0.0	28.64	7.0	19.1	17.09	21.84	3.16	34.48	27.66	18.79	17.46	17.46	17.12	28.16	25.5	29.7	31.3	
36.06	18.25	16.64	18.97	33.73	3.16	33.97	12.04	27.51	20.25	21.59	18.68	35.47	10.05	30.68	21.63	37.22	24.19	28.79	24.41	14.04	33.12	43.19	34.0	25.71	30.46	14.14	12.0	33.6	10.77	31.4	30.02	30.53	13.04	29.55	33.24	5.39	12.04	33.02	7.21	24.04	9.22	24.7	27.86	6.08	26.93	31.58	23.02	36.07	5.1	40.46	34.71	29.02	12.21	9.22	17.0	16.12	11.66	23.54	11.18	32.56	31.26	28.46	28.64	0.0	22.47	15.65	42.52	7.81	26.57	29.27	18.03	34.13	18.36	19.42	16.64	4.12	8.6	33.38	2.83	
15.0	9.06	5.83	14.32	24.19	21.93	12.53	10.77	17.2	9.43	17.12	17.03	13.6	20.1	10.2	1.0	14.76	2.0	17.49	9.43	18.11	10.77	21.4	19.21	8.49	17.46	17.12	19.0	11.31	18.36	9.22	14.56	8.06	18.03	8.0	13.34	19.8	18.0	15.0	29.21	16.28	13.42	14.87	7.28	20.88	6.32	13.42	1.0	15.23	24.76	18.44	13.04	26.25	12.17	17.2	5.66	17.46	13.15	17.8	16.12	22.2	14.42	8.54	7.0	22.47	0.0	12.17	20.62	15.23	6.71	28.6	20.88	17.03	10.77	16.0	10.2	21.54	20.81	25.24	25.24	
27.07	15.56	8.6	4.12	19.0	13.6	20.12	6.32	12.17	5.0	23.6	21.95	21.93	8.94	22.36	11.18	25.5	14.14	13.34	9.22	6.0	22.09	29.15	30.41	19.7	14.87	5.0	7.28	20.88	18.25	18.68	14.42	19.1	6.08	20.1	25.5	16.12	6.32	17.69	22.83	9.0	8.0	9.22	19.42	11.31	18.44	25.3	12.04	21.63	19.92	26.83	21.02	17.0	4.0	16.12	10.0	5.39	4.12	9.22	16.49	32.02	26.0	20.62	19.1	15.65	12.17	0.0	28.65	8.25	18.68	18.6	8.94	18.6	2.83	21.63	2.0	12.81	19.0	19.1	18.36	
16.12	28.65	26.17	27.86	25.5	41.4	8.6	30.48	23.09	23.71	34.79	35.85	7.07	37.59	18.25	21.26	9.0	19.42	22.02	19.7	34.01	12.37	1.0	28.07	23.09	20.0	33.11	35.78	9.43	38.83	11.4	17.12	13.42	34.44	16.76	19.0	40.36	34.89	13.04	49.52	25.5	33.3	23.54	18.97	39.66	19.31	22.02	19.85	7.28	45.28	2.24	7.81	33.02	30.81	37.8	26.25	32.31	31.62	27.46	36.62	34.0	24.02	19.65	17.09	42.52	20.62	28.65	0.0	34.83	20.25	36.01	34.48	14.04	25.94	34.54	26.93	40.8	41.4	27.46	45.34	
29.61	13.34	9.49	12.04	27.07	6.71	26.25	4.47	20.4	12.53	19.42	17.03	27.8	7.21	24.33	14.32	29.97	17.09	21.59	16.64	8.94	26.0	35.47	29.61	20.0	23.09	8.54	7.81	26.08	11.18	23.85	22.36	23.26	8.06	22.8	27.17	8.0	7.21	25.24	15.0	17.12	2.0	17.46	21.38	6.0	20.4	26.0	15.65	28.28	11.7	32.8	27.02	23.77	4.47	8.94	10.2	10.44	4.12	17.0	10.0	29.55	26.08	22.2	21.84	7.81	15.23	8.25	34.83	0.0	20.22	24.7	13.42	26.42	10.77	17.2	8.94	6.32	11.18	27.0	10.63	
9.49	9.22	11.0	21.02	30.0	26.68	14.0	16.03	23.35	16.12	14.56	15.65	14.14	26.02	4.12	7.62	12.21	5.0	23.43	15.56	24.52	8.06	21.19	12.73	3.0	23.02	23.54	25.18	11.18	19.85	10.0	19.72	7.07	24.33	3.61	7.0	22.83	24.19	18.97	32.65	22.8	18.25	21.26	1.41	26.17	1.0	6.71	7.21	17.0	27.78	18.03	14.04	32.8	18.03	19.42	10.05	24.04	19.03	24.41	17.8	16.55	7.81	2.0	3.16	26.57	6.71	18.68	20.25	20.22	0.0	35.23	27.51	21.19	17.46	14.32	16.76	26.48	22.8	31.24	29.15	
41.63	34.06	26.91	14.87	11.7	26.17	29.61	24.7	13.34	19.21	42.2	40.5	31.58	19.24	38.08	27.8	37.36	30.23	14.14	20.12	15.81	35.47	36.0	47.8	37.01	16.03	16.16	17.46	32.28	35.85	30.68	19.24	32.7	16.76	35.36	41.18	32.28	17.72	23.09	35.0	12.53	25.5	14.32	35.51	23.19	34.67	41.88	28.02	29.15	34.37	35.13	30.59	3.0	21.95	33.62	28.32	14.32	21.47	10.82	34.44	50.21	43.01	36.89	34.48	29.27	28.6	18.6	36.01	24.7	35.23	0.0	11.4	22.0	18.38	40.22	19.85	25.18	35.74	9.85	31.06	
35.51	24.21	17.49	7.0	17.0	15.0	26.48	14.14	12.81	12.04	31.83	29.83	28.44	8.0	31.05	19.92	33.02	22.8	14.21	15.13	4.47	30.07	34.79	39.36	28.64	16.4	5.0	6.08	28.07	24.6	26.02	17.89	27.07	5.39	28.64	34.21	20.88	6.32	21.93	24.19	9.43	14.42	11.18	28.16	12.0	27.2	34.18	20.62	27.2	23.09	32.98	27.46	11.0	11.31	22.36	18.87	3.61	10.63	7.81	23.32	40.8	34.93	29.41	27.66	18.03	20.88	8.94	34.48	13.42	27.51	11.4	0.0	21.95	10.2	29.73	10.77	14.0	24.35	16.16	20.02	
23.35	26.0	20.4	16.28	11.7	32.2	9.22	22.85	9.49	13.89	34.13	34.0	10.82	26.87	21.95	17.0	17.2	17.26	8.25	9.85	22.67	17.03	14.0	33.12	24.04	6.08	21.93	24.76	12.73	33.96	12.21	4.24	15.26	23.35	19.24	24.41	33.62	24.04	2.24	41.34	12.53	25.5	10.82	20.62	29.83	20.25	26.42	16.03	7.62	38.01	13.34	10.0	19.0	21.95	32.28	21.21	20.62	22.47	14.32	31.78	37.7	28.18	21.93	18.79	34.13	17.03	18.6	14.04	26.42	21.19	22.0	21.95	0.0	15.81	33.02	17.49	31.4	35.74	13.6	36.89	
25.32	15.81	8.6	3.61	17.12	16.4	17.46	8.0	10.0	2.24	24.19	22.85	19.31	11.66	20.88	9.85	23.19	12.65	11.05	6.4	8.25	20.0	26.42	29.68	18.87	12.37	7.28	9.85	18.44	20.02	16.28	11.66	17.0	8.54	18.44	24.04	18.44	8.94	14.87	25.55	7.28	10.2	7.0	18.03	14.14	17.09	24.17	10.44	18.87	22.47	24.17	18.38	16.4	6.32	18.0	10.0	7.0	6.71	8.06	18.11	31.83	25.06	19.31	17.46	18.36	10.77	2.83	25.94	10.77	17.46	18.38	10.2	15.81	0.0	22.36	2.0	15.62	21.1	17.46	21.1	
21.93	7.07	13.93	25.55	38.9	21.19	27.66	15.62	31.62	22.47	2.24	1.41	28.16	24.41	17.2	16.03	26.42	16.12	32.28	24.52	25.46	22.36	35.47	15.52	11.66	32.76	24.76	24.84	25.3	9.0	23.77	30.27	21.19	24.76	17.89	18.38	14.14	24.08	31.0	23.09	29.55	15.62	28.79	15.65	22.36	15.23	15.62	17.0	30.59	18.03	32.31	27.89	38.59	18.44	10.2	12.65	26.25	19.1	30.41	8.25	13.15	14.42	15.26	17.46	19.42	16.0	21.63	34.54	17.2	14.32	40.22	29.73	33.02	22.36	0.0	20.59	21.54	12.04	39.56	21.1	
25.08	14.21	7.07	5.0	19.1	14.87	18.36	6.0	12.0	3.61	22.47	21.02	20.12	10.77	20.4	9.22	23.54	12.17	13.04	7.81	8.0	20.1	27.46	28.65	17.89	14.32	7.0	9.22	18.97	18.03	16.76	13.42	17.12	8.06	18.11	23.54	16.49	8.25	16.4	23.85	9.22	8.25	9.0	17.46	12.81	16.49	23.41	10.05	20.0	20.62	25.06	19.24	18.03	4.47	16.0	8.49	7.28	5.0	9.85	16.12	30.48	24.17	18.68	17.12	16.64	10.2	2.0	26.93	8.94	16.76	19.85	10.77	17.49	2.0	20.59	0.0	14.14	19.1	19.42	19.42	
35.9	19.03	15.81	15.65	30.08	1.0	32.2	10.77	24.17	17.69	23.77	21.02	33.84	6.0	30.59	20.62	36.25	23.41	25.5	21.93	10.2	32.31	41.4	35.23	26.08	27.29	10.44	8.06	32.25	13.6	30.02	27.2	29.55	9.22	29.12	33.38	8.49	8.25	30.48	10.44	20.62	8.25	21.47	27.66	2.0	26.68	32.06	21.93	34.06	9.22	38.83	33.02	25.0	10.0	11.66	16.49	12.37	9.22	19.92	13.42	34.48	32.0	28.44	28.16	4.12	21.54	12.81	40.8	6.32	26.48	25.18	14.0	31.4	15.62	21.54	14.14	0.0	12.04	29.61	6.08	
31.91	13.6	15.65	23.02	38.0	11.31	33.29	13.15	31.06	22.36	14.0	11.0	34.41	17.0	26.63	20.25	34.66	22.02	32.14	25.96	19.92	30.41	42.2	27.46	21.1	33.38	19.65	18.38	32.02	3.16	30.0	32.02	28.32	18.97	26.25	28.65	3.61	18.03	34.18	11.05	28.0	11.0	28.07	24.21	13.6	23.43	26.4	21.63	35.85	6.0	39.2	33.84	34.93	15.0	3.61	15.26	21.59	15.03	28.07	5.0	25.02	25.63	24.41	25.5	8.6	20.81	19.0	41.4	11.18	22.8	35.74	24.35	35.74	21.1	12.04	19.1	12.04	0.0	38.05	9.49	
35.81	32.7	25.63	15.03	2.0	30.59	22.36	25.32	8.06	17.09	41.23	40.16	24.17	23.77	33.24	24.7	30.41	26.4	7.81	15.81	19.42	29.41	27.29	43.93	33.6	8.6	19.24	21.59	25.55	37.34	24.41	12.21	27.02	20.4	30.41	36.12	35.0	21.38	15.23	40.02	10.2	27.07	10.77	31.14	27.66	30.48	37.48	24.41	21.19	38.21	26.93	23.26	7.21	23.09	35.23	26.93	17.26	23.02	10.0	35.51	47.43	38.95	32.56	29.7	33.38	25.24	19.1	27.46	27.0	31.24	9.85	16.16	13.6	17.46	39.56	19.42	29.61	38.05	0.0	35.69	
38.63	20.62	19.42	21.54	36.14	5.1	36.8	14.87	30.08	23.02	23.19	20.22	38.29	12.04	33.24	24.41	39.96	26.93	31.38	27.2	16.28	35.85	46.01	36.06	28.16	33.11	16.49	14.14	36.4	12.17	34.21	32.76	33.29	15.3	32.2	35.74	7.0	14.32	35.81	4.47	26.57	12.04	27.31	30.46	8.06	29.55	33.96	25.81	38.9	4.24	43.28	37.54	31.02	15.0	11.0	19.72	18.44	14.42	25.96	13.0	34.23	33.54	31.02	31.3	2.83	25.24	18.36	45.34	10.63	29.15	31.06	20.02	36.89	21.1	21.1	19.42	6.08	9.49	35.69	0.0	
