80
0.0	25.0	27.0	38.21	6.4	30.53	36.12	15.81	37.12	32.02	11.18	12.0	27.07	38.42	29.02	9.06	16.03	23.35	36.36	41.87	43.28	7.0	21.38	3.61	37.59	23.77	20.62	27.73	30.68	31.06	32.06	7.21	28.0	17.72	22.2	21.02	13.6	21.59	7.62	5.1	28.86	4.12	12.04	6.4	24.08	38.9	1.0	26.08	18.0	4.0	31.14	23.19	7.21	3.16	24.52	33.24	28.16	30.15	18.03	32.45	21.26	27.02	3.0	33.38	21.0	9.85	5.1	28.44	17.03	41.77	21.93	7.81	27.0	24.08	4.47	14.56	26.48	20.02	33.06	29.83	
25.0	0.0	7.62	21.1	19.24	20.62	17.26	20.62	13.45	13.04	29.15	13.89	29.73	23.0	7.81	25.08	26.57	25.61	24.52	25.18	22.85	24.0	4.24	26.31	26.68	24.08	10.0	5.1	5.83	10.2	33.3	30.15	8.06	21.47	4.47	6.71	28.64	3.61	27.0	29.61	4.0	25.18	23.54	30.46	10.82	21.21	24.74	7.28	26.4	24.19	31.89	26.4	20.02	28.16	2.0	26.83	34.21	35.47	10.0	11.4	10.63	8.54	24.33	38.95	7.62	28.07	27.73	4.47	26.93	24.33	11.31	30.07	31.24	27.8	26.17	28.86	26.87	26.42	34.06	16.76	
27.0	7.62	0.0	28.02	22.36	28.23	24.0	26.63	18.03	20.1	33.53	15.0	36.8	30.15	2.24	29.41	32.25	32.53	32.02	32.0	28.64	27.89	7.21	29.15	34.21	31.14	17.03	12.17	10.2	17.03	40.61	33.24	1.0	27.8	5.83	6.08	33.62	7.81	30.81	32.02	7.07	28.28	28.64	31.4	18.36	28.0	27.02	14.87	32.45	27.29	39.2	33.24	23.77	30.02	5.83	34.44	41.04	42.43	9.06	18.0	17.8	1.0	27.17	45.97	6.0	32.28	28.44	5.1	32.76	31.02	18.6	33.38	38.18	34.66	29.27	34.01	34.06	32.8	41.4	24.35	
38.21	21.1	28.02	0.0	31.89	10.2	4.12	24.7	13.04	8.06	35.85	31.3	24.02	2.83	27.17	33.02	29.55	22.56	7.62	4.12	7.0	33.42	24.52	37.54	9.43	20.62	18.03	16.03	18.25	11.0	24.33	40.0	28.07	23.71	25.32	27.46	33.54	23.54	35.81	41.11	21.1	36.12	29.68	44.6	14.42	1.0	37.48	14.56	27.86	35.38	23.19	23.54	31.11	41.01	23.09	14.32	29.0	29.07	30.08	10.05	17.2	29.02	36.07	31.4	28.44	35.51	42.64	23.09	29.15	3.61	16.4	39.41	26.02	24.33	36.88	33.11	21.1	26.25	24.52	8.6	
6.4	19.24	22.36	31.89	0.0	24.6	29.73	11.0	30.87	25.61	11.66	8.06	23.19	32.2	24.19	7.81	13.42	19.03	30.41	35.61	36.88	5.83	16.0	7.07	31.78	19.03	14.21	21.54	24.74	24.7	28.16	11.0	23.35	13.0	17.03	16.28	12.73	16.03	8.54	10.44	23.19	6.0	8.94	12.73	17.69	32.56	5.83	19.72	14.87	5.0	27.07	19.1	2.24	9.43	19.03	27.89	25.3	27.2	13.93	26.08	14.87	22.56	5.1	30.68	16.49	10.3	10.82	23.02	14.32	35.47	15.56	11.05	23.54	20.22	7.0	13.45	22.0	16.49	29.15	23.6	
30.53	20.62	28.23	10.2	24.6	0.0	11.18	15.56	19.24	10.82	26.4	26.31	14.04	8.94	28.18	24.04	19.72	12.37	5.83	12.53	17.12	24.84	22.56	29.21	7.28	10.44	13.0	16.64	20.62	13.45	15.23	31.11	28.64	14.21	23.77	25.5	23.85	21.59	26.87	32.65	22.47	27.8	20.52	36.89	10.2	11.18	29.68	13.42	17.89	27.2	13.93	13.34	23.32	33.02	22.47	6.4	19.1	19.42	27.07	13.6	12.0	29.15	28.02	22.14	26.48	26.25	35.36	24.19	19.24	13.0	11.0	30.41	16.03	14.14	28.43	23.32	11.0	16.16	15.65	4.24	
36.12	17.26	24.0	4.12	29.73	11.18	0.0	23.77	9.22	4.47	34.93	28.3	25.18	6.71	23.09	31.76	29.12	23.02	10.63	8.0	7.21	31.91	20.88	35.81	12.73	21.02	15.56	12.17	14.14	7.07	26.25	38.59	24.02	23.09	21.59	23.77	32.89	19.92	34.48	39.41	17.03	34.41	28.64	42.45	12.04	4.0	35.47	11.18	27.66	33.6	25.0	24.02	29.21	39.05	19.24	16.55	30.27	30.59	26.57	6.0	14.87	25.0	34.21	33.24	24.74	34.44	40.31	19.03	28.86	7.07	14.21	38.08	27.17	25.0	35.23	32.57	22.09	26.31	26.57	8.06	
15.81	20.62	26.63	24.7	11.0	15.56	23.77	0.0	28.07	20.62	11.18	16.55	12.37	24.21	27.78	8.49	6.08	8.06	21.26	27.8	30.87	9.43	19.42	13.89	22.2	8.06	11.18	20.22	24.52	21.1	17.26	15.56	27.46	2.0	20.81	21.26	9.22	18.87	11.31	17.2	24.35	12.53	5.0	21.93	13.04	25.55	14.87	17.03	5.83	12.08	16.12	8.25	9.06	17.89	21.47	17.46	15.26	17.0	20.62	22.2	11.05	27.2	13.0	20.59	21.93	10.82	20.88	25.08	6.32	28.02	11.0	14.87	13.0	9.49	13.04	9.06	11.0	6.4	18.25	16.12	
37.12	13.45	18.03	13.04	30.87	19.24	9.22	28.07	0.0	8.54	38.64	27.02	32.57	15.81	16.49	34.93	34.01	29.61	19.8	16.16	11.0	34.48	17.69	37.7	21.93	27.66	17.46	9.43	8.06	7.0	34.44	41.11	17.72	28.0	17.8	20.0	37.22	16.97	37.36	41.23	11.18	36.4	32.39	43.05	15.03	12.53	36.67	11.4	33.02	35.47	33.11	30.59	31.02	40.25	15.0	25.24	37.64	38.28	23.43	6.08	17.26	18.97	35.85	41.23	20.81	37.85	40.5	13.0	34.0	14.87	17.12	40.8	34.48	31.78	37.34	37.12	29.41	32.14	34.89	15.23	
32.02	13.04	20.1	8.06	25.61	10.82	4.47	20.62	8.54	0.0	31.62	23.85	24.04	10.05	19.42	28.23	26.31	21.21	12.53	12.17	11.31	28.18	16.49	31.91	14.76	19.24	11.4	8.0	10.77	3.16	25.94	34.89	20.22	20.22	17.26	19.42	29.83	15.52	30.87	35.51	13.34	30.53	25.3	38.29	8.06	8.25	31.4	6.71	25.08	29.68	24.6	22.2	25.24	35.0	15.03	17.03	29.12	29.73	22.14	2.83	10.82	21.1	30.23	32.7	20.4	31.02	36.07	15.3	26.17	11.4	10.3	34.44	25.96	23.35	31.38	29.61	20.88	24.0	26.42	6.71	
11.18	29.15	33.53	35.85	11.66	26.4	34.93	11.18	38.64	31.62	0.0	19.72	18.38	35.23	35.17	4.12	7.21	15.81	31.89	38.83	42.05	5.83	26.68	7.62	32.53	17.03	21.21	30.07	34.0	31.78	23.09	6.08	34.48	12.21	27.89	27.51	3.16	26.48	3.61	9.0	33.14	7.21	6.32	15.03	23.77	36.72	10.3	27.29	9.43	7.81	22.47	15.26	9.85	11.18	29.43	27.02	18.11	20.1	25.5	32.98	21.38	33.84	8.6	23.0	27.86	1.41	15.52	33.38	8.06	39.12	21.59	5.1	17.72	15.65	6.71	4.12	18.87	11.66	24.04	27.29	
12.0	13.89	15.0	31.3	8.06	26.31	28.3	16.55	27.02	23.85	19.72	0.0	28.79	32.31	17.03	15.81	20.62	24.35	31.78	35.34	35.0	13.89	9.85	14.32	33.54	23.77	13.6	17.69	19.72	22.02	33.53	18.44	16.0	18.38	10.44	9.06	20.62	10.3	16.55	17.03	17.46	13.6	16.28	16.76	17.09	31.76	12.04	17.2	21.63	12.65	32.28	24.7	10.0	15.03	13.0	31.0	31.76	33.54	6.08	23.43	14.56	15.03	12.37	37.12	9.0	18.36	13.93	16.76	21.4	34.89	15.52	18.68	29.55	26.0	14.56	21.26	26.93	22.83	34.48	24.04	
27.07	29.73	36.8	24.02	23.19	14.04	25.18	12.37	32.57	24.04	18.38	28.79	0.0	22.2	37.48	18.25	11.4	4.47	17.46	25.5	31.02	20.1	29.83	24.33	17.09	5.66	19.8	27.46	31.91	26.0	5.0	24.35	37.48	10.44	31.24	32.2	15.23	29.07	20.62	26.93	32.8	23.19	15.03	32.56	19.42	25.02	26.08	23.85	9.22	23.09	4.12	4.12	21.1	28.44	31.11	10.77	5.1	5.83	32.25	26.57	19.1	37.54	24.08	9.22	33.02	18.97	32.14	34.06	10.44	26.31	18.44	23.41	2.0	3.0	23.35	14.32	3.16	7.07	6.0	17.46	
38.42	23.0	30.15	2.83	32.2	8.94	6.71	24.21	15.81	10.05	35.23	32.31	22.2	0.0	29.43	32.65	28.65	21.19	5.1	3.61	9.22	33.24	26.17	37.48	6.71	19.31	18.79	18.03	20.62	13.15	22.09	39.7	30.27	23.02	27.07	29.15	32.76	25.18	35.47	41.01	23.35	36.07	29.21	44.82	15.23	3.61	37.64	16.12	26.83	35.38	21.02	22.14	31.24	41.11	25.0	12.04	27.07	27.0	31.58	12.37	17.89	31.14	36.12	29.15	30.15	35.0	43.01	25.32	28.18	4.12	17.0	39.05	24.19	22.8	36.77	32.25	19.42	25.08	22.2	8.6	
29.02	7.81	2.24	27.17	24.19	28.18	23.09	27.78	16.49	19.42	35.17	17.03	37.48	29.43	0.0	31.05	33.54	33.3	31.62	31.06	27.29	29.61	8.54	31.06	33.84	31.83	17.69	11.7	9.0	16.28	41.11	35.13	1.41	28.84	7.28	8.0	35.11	8.94	32.56	34.0	6.08	30.15	30.08	33.54	18.6	27.07	29.0	14.76	33.62	29.15	39.7	34.06	25.5	32.06	6.4	34.48	41.87	43.19	11.18	17.12	18.38	2.83	29.07	46.69	8.06	33.96	30.59	4.12	34.0	30.02	19.1	35.23	38.95	35.47	31.14	35.47	34.66	33.84	41.87	24.17	
9.06	25.08	29.41	33.02	7.81	24.04	31.76	8.49	34.93	28.23	4.12	15.81	18.25	32.65	31.05	0.0	7.0	14.87	29.73	36.24	38.95	2.24	22.56	6.08	30.61	15.65	17.46	26.17	30.02	28.16	23.19	7.07	30.36	10.0	23.77	23.41	5.0	22.36	2.83	8.94	29.07	5.0	3.61	14.32	20.25	33.84	8.06	23.54	9.06	5.1	22.36	14.56	5.83	10.2	25.32	25.55	19.1	21.1	21.47	29.41	17.72	29.73	6.08	24.33	23.77	3.0	14.0	29.27	8.0	36.4	18.03	6.4	18.03	15.3	5.1	5.83	18.03	11.18	24.19	24.41	
16.03	26.57	32.25	29.55	13.42	19.72	29.12	6.08	34.01	26.31	7.21	20.62	11.4	28.65	33.54	7.0	0.0	8.6	25.0	32.25	36.06	9.06	25.06	13.04	25.5	9.9	17.26	26.31	30.59	27.02	16.28	13.0	33.12	6.08	26.42	26.63	4.24	24.6	9.22	15.52	30.36	12.0	4.47	21.21	19.0	30.46	15.03	23.09	2.24	12.04	15.52	8.06	11.18	17.12	27.31	19.85	12.17	14.14	25.5	28.07	17.12	32.76	13.04	17.46	27.2	7.62	21.0	31.02	1.0	32.65	17.03	12.08	11.05	8.54	12.04	3.61	11.66	4.47	17.26	21.19	
23.35	25.61	32.53	22.56	19.03	12.37	23.02	8.06	29.61	21.21	15.81	24.35	4.47	21.19	33.3	14.87	8.6	0.0	17.0	24.7	29.43	16.49	25.5	20.88	17.2	2.0	15.62	23.71	28.18	22.8	9.22	21.47	33.24	6.08	26.91	27.8	12.81	24.76	17.46	23.77	28.84	19.65	11.4	29.12	15.65	23.54	22.36	20.12	6.4	19.42	8.06	1.0	17.0	25.0	26.91	11.31	8.6	9.9	27.78	23.54	15.0	33.24	20.4	13.45	28.6	16.12	28.44	30.0	7.81	25.3	14.42	20.59	5.66	2.24	19.92	12.04	3.16	4.24	10.2	15.0	
36.36	24.52	32.02	7.62	30.41	5.83	10.63	21.26	19.8	12.53	31.89	31.78	17.46	5.1	31.62	29.73	25.0	17.0	0.0	8.06	14.32	30.61	27.07	35.0	2.24	15.26	18.25	19.92	23.26	15.65	17.03	36.8	32.28	19.8	28.16	30.07	29.21	26.08	32.56	38.42	25.63	33.6	26.17	42.72	15.03	8.54	35.51	17.26	23.02	33.02	16.0	17.89	29.15	38.83	26.48	7.0	22.2	22.02	32.02	15.26	17.26	32.98	33.84	24.08	31.06	31.83	41.18	27.51	24.41	9.0	16.28	36.07	19.42	18.38	34.21	28.6	14.87	21.1	17.12	8.0	
41.87	25.18	32.0	4.12	35.61	12.53	8.0	27.8	16.16	12.17	38.83	35.34	25.5	3.61	31.06	36.24	32.25	24.7	8.06	0.0	7.21	36.8	28.64	41.01	9.06	22.85	21.95	20.1	22.09	15.03	25.0	43.28	32.02	26.63	29.43	31.58	36.36	27.66	39.05	44.55	25.02	39.6	32.8	48.27	18.36	4.0	41.11	18.68	30.41	38.9	24.02	25.63	34.71	44.6	27.17	15.03	30.27	30.07	34.21	14.0	21.1	33.0	39.62	32.02	32.56	38.6	46.4	27.02	31.76	1.41	20.25	42.64	27.46	26.25	40.31	35.85	22.8	28.64	25.02	12.04	
43.28	22.85	28.64	7.0	36.88	17.12	7.21	30.87	11.0	11.31	42.05	35.0	31.02	9.22	27.29	38.95	36.06	29.43	14.32	7.21	0.0	39.12	26.83	43.01	15.81	27.46	22.67	17.89	18.44	13.04	31.26	45.79	28.44	30.08	27.31	29.55	39.92	25.94	41.68	46.62	21.59	41.62	35.78	49.58	19.21	6.0	42.64	17.8	34.48	40.8	30.15	30.41	36.4	46.23	24.7	21.21	36.0	36.06	32.65	11.66	22.02	29.61	41.4	38.33	30.46	41.59	47.38	23.54	35.74	5.83	21.4	45.28	33.02	31.26	42.44	39.56	28.07	32.98	31.4	14.87	
7.0	24.0	27.89	33.42	5.83	24.84	31.91	9.43	34.48	28.18	5.83	13.89	20.1	33.24	29.61	2.24	9.06	16.49	30.61	36.8	39.12	0.0	21.21	4.47	31.62	17.09	17.09	25.5	29.15	27.86	25.08	6.71	28.86	11.18	22.36	21.84	7.21	21.1	3.0	7.81	28.0	3.16	5.1	12.65	20.12	34.21	6.0	23.09	11.0	3.0	24.19	16.28	4.12	8.54	24.08	26.83	21.21	23.19	19.7	29.15	17.46	28.16	4.0	26.48	22.14	4.47	12.04	28.07	10.05	36.88	17.89	6.32	20.0	17.12	3.61	8.06	19.65	13.04	26.08	24.84	
21.38	4.24	7.21	24.52	16.0	22.56	20.88	19.42	17.69	16.49	26.68	9.85	29.83	26.17	8.54	22.56	25.06	25.5	27.07	28.64	26.83	21.21	0.0	23.02	29.15	24.21	10.3	8.94	10.0	13.93	33.84	27.0	8.06	20.62	1.41	3.0	26.57	1.0	24.19	26.17	7.62	22.0	21.54	26.57	12.37	24.74	21.21	10.05	25.24	21.0	32.45	26.17	17.12	24.52	3.16	28.46	33.94	35.38	5.83	15.23	11.18	7.81	21.02	38.95	4.0	25.5	23.77	7.07	25.55	27.89	12.08	27.02	31.14	27.59	23.0	26.93	27.2	25.61	34.67	19.1	
3.61	26.31	29.15	37.54	7.07	29.21	35.81	13.89	37.7	31.91	7.62	14.32	24.33	37.48	31.06	6.08	13.04	20.88	35.0	41.01	43.01	4.47	23.02	0.0	36.06	21.54	20.59	28.46	31.78	31.3	29.27	4.12	30.15	15.65	24.0	23.09	10.2	23.09	4.12	3.61	30.27	1.41	9.49	8.25	23.85	38.29	2.83	26.4	15.13	2.24	28.44	20.62	6.71	4.12	26.08	31.3	25.02	27.02	20.4	32.65	21.1	29.27	2.0	30.15	23.19	6.32	8.06	30.07	14.04	41.04	21.63	4.47	24.08	21.38	1.0	11.18	24.04	17.26	30.27	29.0	
37.59	26.68	34.21	9.43	31.78	7.28	12.73	22.2	21.93	14.76	32.53	33.54	17.09	6.71	33.84	30.61	25.5	17.2	2.24	9.06	15.81	31.62	29.15	36.06	0.0	15.62	20.1	22.14	25.5	17.89	16.03	37.64	34.48	20.62	30.27	32.14	29.73	28.16	33.42	39.41	27.86	34.67	27.02	43.91	17.0	10.3	36.72	19.42	23.43	34.13	15.13	18.03	30.41	39.96	28.64	6.32	21.59	21.21	34.0	17.49	19.1	35.17	34.99	23.0	33.14	32.56	42.49	29.73	24.84	10.2	18.11	36.88	18.97	18.36	35.23	29.07	14.76	21.4	16.0	10.05	
23.77	24.08	31.14	20.62	19.03	10.44	21.02	8.06	27.66	19.24	17.03	23.77	5.66	19.31	31.83	15.65	9.9	2.0	15.26	22.85	27.46	17.09	24.21	21.54	15.62	0.0	14.14	21.95	26.42	20.88	9.85	22.47	31.83	6.08	25.61	26.63	14.14	23.43	18.36	24.6	27.2	20.25	12.08	29.73	13.89	21.59	22.8	18.36	7.81	19.92	8.54	3.0	17.12	25.63	25.46	10.0	10.3	11.4	26.83	21.59	13.45	31.89	20.88	14.87	27.46	17.2	28.86	28.43	9.22	23.41	12.81	21.63	7.21	4.12	20.62	13.45	3.16	5.83	10.77	13.0	
20.62	10.0	17.03	18.03	14.21	13.0	15.56	11.18	17.46	11.4	21.21	13.6	19.8	18.79	17.69	17.46	17.26	15.62	18.25	21.95	22.67	17.09	10.3	20.59	20.1	14.14	0.0	9.06	13.34	10.77	23.6	23.77	17.69	11.7	11.66	13.0	20.0	9.43	19.92	24.19	13.42	19.24	15.03	26.91	3.61	18.6	20.0	6.08	16.76	18.36	22.2	16.4	13.89	23.6	11.31	18.44	24.21	25.5	14.14	12.08	1.0	17.8	18.87	29.0	13.93	20.4	24.76	14.42	17.46	21.63	2.0	23.41	21.26	17.8	20.12	20.02	17.03	16.55	24.41	10.44	
27.73	5.1	12.17	16.03	21.54	16.64	12.17	20.22	9.43	8.0	30.07	17.69	27.46	18.03	11.7	26.17	26.31	23.71	19.92	20.1	17.89	25.5	8.94	28.46	22.14	21.95	9.06	0.0	4.47	5.1	30.48	32.02	12.37	20.62	9.49	11.7	29.02	8.06	28.44	31.95	5.83	27.2	24.0	33.62	8.06	16.12	27.31	3.61	25.71	26.25	29.07	24.6	21.84	30.87	7.07	23.02	32.25	33.29	14.76	6.32	9.22	13.15	26.57	36.62	12.65	29.15	31.06	7.62	26.48	19.24	9.49	31.78	29.15	25.94	28.16	29.07	24.41	25.3	31.14	12.53	
30.68	5.83	10.2	18.25	24.74	20.62	14.14	24.52	8.06	10.77	34.0	19.72	31.91	20.62	9.0	30.02	30.59	28.18	23.26	22.09	18.44	29.15	10.0	31.78	25.5	26.42	13.34	4.47	0.0	7.62	34.83	35.51	10.05	25.0	9.9	12.04	33.14	9.43	32.14	35.17	3.16	30.59	28.07	36.25	12.53	18.11	30.36	8.06	30.08	29.61	33.42	29.07	25.32	33.84	7.07	27.02	36.72	37.74	15.56	8.25	13.6	11.18	29.83	41.05	12.81	33.02	33.54	5.1	30.81	21.02	13.93	35.36	33.62	30.41	31.58	33.24	28.84	29.73	35.47	16.4	
31.06	10.2	17.03	11.0	24.7	13.45	7.07	21.1	7.0	3.16	31.78	22.02	26.0	13.15	16.28	28.16	27.02	22.8	15.65	15.03	13.04	27.86	13.93	31.3	17.89	20.88	10.77	5.1	7.62	0.0	28.3	34.54	17.12	21.0	14.56	16.76	30.27	13.0	30.68	34.89	10.2	29.97	25.5	37.2	8.06	11.05	30.53	5.0	26.02	29.07	26.93	23.77	24.6	34.13	12.17	19.8	31.02	31.78	19.7	1.41	10.44	18.03	29.53	34.89	17.72	31.05	34.83	12.17	27.0	14.14	10.2	34.18	27.86	25.0	30.87	30.15	22.85	25.18	28.84	9.22	
32.06	33.3	40.61	24.33	28.16	15.23	26.25	17.26	34.44	25.94	23.09	33.53	5.0	22.09	41.11	23.19	16.28	9.22	17.03	25.0	31.26	25.08	33.84	29.27	16.03	9.85	23.6	30.48	34.83	28.3	0.0	29.12	41.23	15.3	35.23	36.36	19.92	33.02	25.5	31.78	36.07	28.16	20.02	37.48	22.63	25.32	31.06	26.91	14.14	28.07	1.41	9.06	26.08	33.38	34.83	10.05	6.4	5.39	36.67	28.65	22.8	41.4	29.07	7.07	37.22	23.77	37.12	37.48	15.3	26.02	22.02	28.16	5.39	8.0	28.28	18.97	6.71	12.04	1.0	19.24	
7.21	30.15	33.24	40.0	11.0	31.11	38.59	15.56	41.11	34.89	6.08	18.44	24.35	39.7	35.13	7.07	13.0	21.47	36.8	43.28	45.79	6.71	27.0	4.12	37.64	22.47	23.77	32.02	35.51	34.54	29.12	0.0	34.23	17.03	28.02	27.17	9.22	27.02	4.24	3.16	34.13	5.0	10.63	9.22	26.83	40.8	6.71	29.73	15.23	6.0	28.46	21.02	10.2	5.83	30.02	32.45	24.19	26.17	24.52	35.85	24.17	33.38	6.08	29.02	27.29	5.39	10.3	34.01	13.93	43.42	24.6	1.0	23.77	21.54	4.0	10.2	24.6	17.46	30.08	31.4	
28.0	8.06	1.0	28.07	23.35	28.64	24.02	27.46	17.72	20.22	34.48	16.0	37.48	30.27	1.41	30.36	33.12	33.24	32.28	32.02	28.44	28.86	8.06	30.15	34.48	31.83	17.69	12.37	10.05	17.12	41.23	34.23	0.0	28.6	6.71	7.07	34.54	8.6	31.78	33.02	7.0	29.27	29.55	32.39	18.87	28.02	28.02	15.23	33.29	28.28	39.82	33.97	24.74	31.02	6.4	34.89	41.77	43.14	10.05	18.03	18.44	1.41	28.16	46.67	7.0	33.24	29.43	5.0	33.62	31.0	19.21	34.37	38.9	35.38	30.27	34.93	34.71	33.6	42.01	24.7	
17.72	21.47	27.8	23.71	13.0	14.21	23.09	2.0	28.0	20.22	12.21	18.38	10.44	23.02	28.84	10.0	6.08	6.08	19.8	26.63	30.08	11.18	20.62	15.65	20.62	6.08	11.7	20.62	25.0	21.0	15.3	17.03	28.6	0.0	22.02	22.63	9.85	20.0	12.81	18.87	25.08	14.32	6.4	23.77	13.04	24.6	16.76	17.26	5.1	13.93	14.14	6.32	11.05	19.7	22.47	15.65	13.6	15.26	22.2	22.02	11.4	28.43	14.87	18.87	23.35	12.04	22.8	25.94	6.0	26.93	11.18	16.28	11.18	7.62	14.76	9.49	9.0	5.0	16.28	15.23	
22.2	4.47	5.83	25.32	17.03	23.77	21.59	20.81	17.8	17.26	27.89	10.44	31.24	27.07	7.28	23.77	26.42	26.91	28.16	29.43	27.31	22.36	1.41	24.0	30.27	25.61	11.66	9.49	9.9	14.56	35.23	28.02	6.71	22.02	0.0	2.24	27.86	2.24	25.32	27.07	7.21	23.02	22.85	27.2	13.6	25.5	22.09	11.0	26.63	22.02	33.84	27.59	18.25	25.32	2.83	29.73	35.36	36.8	5.66	15.81	12.53	6.4	22.0	40.36	3.16	26.68	24.35	6.32	26.93	28.64	13.42	28.07	32.56	29.0	24.02	28.23	28.6	27.02	36.06	20.22	
21.02	6.71	6.08	27.46	16.28	25.5	23.77	21.26	20.0	19.42	27.51	9.06	32.2	29.15	8.0	23.41	26.63	27.8	30.07	31.58	29.55	21.84	3.0	23.09	32.14	26.63	13.0	11.7	12.04	16.76	36.36	27.17	7.07	22.63	2.24	0.0	27.73	4.0	24.74	26.0	9.22	22.2	22.83	25.71	15.3	27.66	21.0	13.04	27.02	21.21	34.99	28.43	17.72	24.08	5.0	31.32	36.12	37.64	3.61	18.03	13.93	6.32	21.1	41.23	1.0	26.25	22.8	8.06	27.2	30.81	14.87	27.29	33.42	29.83	23.19	28.18	29.68	27.59	37.22	22.09	
13.6	28.64	33.62	33.54	12.73	23.85	32.89	9.22	37.22	29.83	3.16	20.62	15.23	32.76	35.11	5.0	4.24	12.81	29.21	36.36	39.92	7.21	26.57	10.2	29.73	14.14	20.0	29.02	33.14	30.27	19.92	9.22	34.54	9.85	27.86	27.73	0.0	26.25	6.08	12.04	32.56	9.49	5.1	18.0	22.2	34.44	12.65	26.02	6.4	9.85	19.31	12.21	10.63	14.04	29.12	24.08	15.03	17.03	26.08	31.4	20.02	34.01	10.77	20.02	28.18	4.0	18.25	32.98	5.0	36.72	20.1	8.25	14.56	12.53	9.22	1.0	15.81	8.6	20.88	25.08	
21.59	3.61	7.81	23.54	16.03	21.59	19.92	18.87	16.97	15.52	26.48	10.3	29.07	25.18	8.94	22.36	24.6	24.76	26.08	27.66	25.94	21.1	1.0	23.09	28.16	23.43	9.43	8.06	9.43	13.0	33.02	27.02	8.6	20.0	2.24	4.0	26.25	0.0	24.08	26.31	7.28	22.02	21.19	26.93	11.4	23.77	21.38	9.06	24.7	21.02	31.62	25.46	17.03	24.74	3.0	27.51	33.24	34.66	6.71	14.32	10.3	8.49	21.1	38.21	5.0	25.32	24.17	7.0	25.06	26.93	11.18	27.0	30.41	26.87	23.02	26.57	26.4	25.0	33.84	18.11	
7.62	27.0	30.81	35.81	8.54	26.87	34.48	11.31	37.36	30.87	3.61	16.55	20.62	35.47	32.56	2.83	9.22	17.46	32.56	39.05	41.68	3.0	24.19	4.12	33.42	18.36	19.92	28.44	32.14	30.68	25.5	4.24	31.78	12.81	25.32	24.74	6.08	24.08	0.0	6.32	31.0	3.61	6.4	12.04	22.85	36.62	6.71	25.96	11.4	4.24	24.74	17.09	7.07	8.0	27.07	28.3	21.0	23.0	22.47	31.95	20.25	31.05	5.0	26.08	25.0	2.24	12.17	31.06	10.2	39.2	20.62	3.61	20.22	17.72	3.16	7.07	20.62	13.6	26.48	27.2	
5.1	29.61	32.02	41.11	10.44	32.65	39.41	17.2	41.23	35.51	9.0	17.03	26.93	41.01	34.0	8.94	15.52	23.77	38.42	44.55	46.62	7.81	26.17	3.61	39.41	24.6	24.19	31.95	35.17	34.89	31.78	3.16	33.02	18.87	27.07	26.0	12.04	26.31	6.32	0.0	33.54	5.0	12.53	6.08	27.46	41.87	5.0	29.97	17.72	5.83	31.05	23.41	10.3	2.83	29.27	34.48	27.07	29.07	23.09	36.24	24.7	32.06	5.39	32.0	26.02	8.06	7.21	33.24	16.49	44.6	25.24	4.12	26.48	24.04	4.24	13.04	26.93	19.92	32.76	32.56	
28.86	4.0	7.07	21.1	23.19	22.47	17.03	24.35	11.18	13.34	33.14	17.46	32.8	23.35	6.08	29.07	30.36	28.84	25.63	25.02	21.59	28.0	7.62	30.27	27.86	27.2	13.42	5.83	3.16	10.2	36.07	34.13	7.0	25.08	7.21	9.22	32.56	7.28	31.0	33.54	0.0	29.15	27.46	34.18	13.45	21.02	28.64	9.22	30.08	28.16	34.66	29.68	24.02	32.02	4.47	28.84	37.44	38.6	12.81	11.05	13.89	8.06	28.28	42.01	9.9	32.06	31.38	2.0	30.68	24.0	14.42	34.06	34.41	31.06	30.15	32.76	29.83	29.97	36.77	18.36	
4.12	25.18	28.28	36.12	6.0	27.8	34.41	12.53	36.4	30.53	7.21	13.6	23.19	36.07	30.15	5.0	12.0	19.65	33.6	39.6	41.62	3.16	22.0	1.41	34.67	20.25	19.24	27.2	30.59	29.97	28.16	5.0	29.27	14.32	23.02	22.2	9.49	22.02	3.61	5.0	29.15	0.0	8.25	9.49	22.47	36.88	3.16	25.08	14.04	1.0	27.29	19.42	5.39	5.39	25.02	29.97	24.08	26.08	19.65	31.3	19.72	28.44	1.41	29.27	22.36	5.83	9.0	29.02	13.0	39.62	20.25	5.1	23.02	20.22	1.0	10.44	22.8	16.12	29.15	27.59	
12.04	23.54	28.64	29.68	8.94	20.52	28.64	5.0	32.39	25.3	6.32	16.28	15.03	29.21	30.08	3.61	4.47	11.4	26.17	32.8	35.78	5.1	21.54	9.49	27.02	12.08	15.03	24.0	28.07	25.5	20.02	10.63	29.55	6.4	22.85	22.83	5.1	21.19	6.4	12.53	27.46	8.25	0.0	17.72	17.46	30.53	11.05	21.1	6.08	8.06	19.1	11.18	6.71	13.6	24.04	21.95	16.49	18.44	21.4	26.68	15.13	29.07	9.06	21.84	23.32	5.83	17.12	27.89	5.39	33.02	15.3	9.9	15.03	12.04	8.54	5.39	14.56	8.0	21.02	21.1	
6.4	30.46	31.4	44.6	12.73	36.89	42.45	21.93	43.05	38.29	15.03	16.76	32.56	44.82	33.54	14.32	21.21	29.12	42.72	48.27	49.58	12.65	26.57	8.25	43.91	29.73	26.91	33.62	36.25	37.2	37.48	9.22	32.39	23.77	27.2	25.71	18.0	26.93	12.04	6.08	34.18	9.49	17.72	0.0	30.41	45.28	7.21	32.2	23.35	9.85	36.67	28.86	13.6	4.12	29.73	39.4	33.02	35.01	22.36	38.6	27.59	31.26	8.94	38.01	25.5	14.0	3.0	33.53	22.2	48.17	28.28	10.2	32.25	29.61	9.22	19.0	32.28	25.5	38.47	36.24	
24.08	10.82	18.36	14.42	17.69	10.2	12.04	13.04	15.03	8.06	23.77	17.09	19.42	15.23	18.6	20.25	19.0	15.65	15.03	18.36	19.21	20.12	12.37	23.85	17.0	13.89	3.61	8.06	12.53	8.06	22.63	26.83	18.87	13.04	13.6	15.3	22.2	11.4	22.85	27.46	13.45	22.47	17.46	30.41	0.0	15.0	23.43	4.47	18.11	21.63	21.21	16.55	17.2	27.02	12.53	16.16	24.19	25.24	17.0	9.22	2.83	19.24	22.2	28.6	16.28	23.09	28.32	14.87	19.03	18.03	2.24	26.4	21.1	17.89	23.32	22.09	16.4	17.46	23.35	7.07	
38.9	21.21	28.0	1.0	32.56	11.18	4.0	25.55	12.53	8.25	36.72	31.76	25.02	3.61	27.07	33.84	30.46	23.54	8.54	4.0	6.0	34.21	24.74	38.29	10.3	21.59	18.6	16.12	18.11	11.05	25.32	40.8	28.02	24.6	25.5	27.66	34.44	23.77	36.62	41.87	21.02	36.88	30.53	45.28	15.0	0.0	38.18	14.87	28.79	36.12	24.19	24.52	31.83	41.73	23.19	15.3	30.0	30.07	30.36	10.0	17.8	29.0	36.8	32.39	28.64	36.36	43.28	23.02	30.08	3.16	17.03	40.22	27.02	25.32	37.64	34.01	22.09	27.2	25.5	9.43	
1.0	24.74	27.02	37.48	5.83	29.68	35.47	14.87	36.67	31.4	10.3	12.04	26.08	37.64	29.0	8.06	15.03	22.36	35.51	41.11	42.64	6.0	21.21	2.83	36.72	22.8	20.0	27.31	30.36	30.53	31.06	6.71	28.02	16.76	22.09	21.0	12.65	21.38	6.71	5.0	28.64	3.16	11.05	7.21	23.43	38.18	0.0	25.55	17.0	3.0	30.15	22.2	6.4	3.61	24.33	32.31	27.17	29.15	18.11	31.91	20.62	27.07	2.0	32.39	21.02	8.94	6.08	28.28	16.03	41.04	21.26	7.21	26.0	23.09	3.61	13.6	25.5	19.03	32.06	29.07	
26.08	7.28	14.87	14.56	19.72	13.42	11.18	17.03	11.4	6.71	27.29	17.2	23.85	16.12	14.76	23.54	23.09	20.12	17.26	18.68	17.8	23.09	10.05	26.4	19.42	18.36	6.08	3.61	8.06	5.0	26.91	29.73	15.23	17.26	11.0	13.04	26.02	9.06	25.96	29.97	9.22	25.08	21.1	32.2	4.47	14.87	25.55	0.0	22.36	24.17	25.5	21.02	19.7	29.15	9.22	19.72	28.65	29.68	15.52	6.4	6.0	15.81	24.6	33.02	14.04	26.48	29.83	10.82	23.19	18.03	6.08	29.41	25.55	22.36	26.0	26.0	20.81	21.84	27.59	9.49	
18.0	26.4	32.45	27.86	14.87	17.89	27.66	5.83	33.02	25.08	9.43	21.63	9.22	26.83	33.62	9.06	2.24	6.4	23.02	30.41	34.48	11.0	25.24	15.13	23.43	7.81	16.76	25.71	30.08	26.02	14.14	15.23	33.29	5.1	26.63	27.02	6.4	24.7	11.4	17.72	30.08	14.04	6.08	23.35	18.11	28.79	17.0	22.36	0.0	14.0	13.34	5.83	12.65	19.24	27.29	17.69	10.44	12.37	26.17	27.0	16.49	33.02	15.0	15.81	27.66	9.85	23.02	30.87	1.41	30.87	16.28	14.32	9.0	6.32	14.14	5.66	9.43	2.24	15.13	19.65	
4.0	24.19	27.29	35.38	5.0	27.2	33.6	12.08	35.47	29.68	7.81	12.65	23.09	35.38	29.15	5.1	12.04	19.42	33.02	38.9	40.8	3.0	21.0	2.24	34.13	19.92	18.36	26.25	29.61	29.07	28.07	6.0	28.28	13.93	22.02	21.21	9.85	21.02	4.24	5.83	28.16	1.0	8.06	9.85	21.63	36.12	3.0	24.17	14.0	0.0	27.17	19.24	4.47	5.83	24.02	29.55	24.19	26.17	18.68	30.41	18.87	27.46	1.0	29.43	21.38	6.4	9.06	28.02	13.04	38.9	19.42	6.08	23.0	20.1	2.0	10.77	22.56	16.03	29.07	26.87	
31.14	31.89	39.2	23.19	27.07	13.93	25.0	16.12	33.11	24.6	22.47	32.28	4.12	21.02	39.7	22.36	15.52	8.06	16.0	24.02	30.15	24.19	32.45	28.44	15.13	8.54	22.2	29.07	33.42	26.93	1.41	28.46	39.82	14.14	33.84	34.99	19.31	31.62	24.74	31.05	34.66	27.29	19.1	36.67	21.21	24.19	30.15	25.5	13.34	27.17	0.0	8.0	25.02	32.56	33.42	9.0	6.71	6.08	35.34	27.29	21.4	40.0	28.16	8.25	35.85	23.09	36.22	36.07	14.56	25.0	20.62	27.51	5.0	7.07	27.46	18.38	5.39	11.18	2.24	17.89	
23.19	26.4	33.24	23.54	19.1	13.34	24.02	8.25	30.59	22.2	15.26	24.7	4.12	22.14	34.06	14.56	8.06	1.0	17.89	25.63	30.41	16.28	26.17	20.62	18.03	3.0	16.4	24.6	29.07	23.77	9.06	21.02	33.97	6.32	27.59	28.43	12.21	25.46	17.09	23.41	29.68	19.42	11.18	28.86	16.55	24.52	22.2	21.02	5.83	19.24	8.0	0.0	17.03	24.74	27.66	12.04	7.81	9.22	28.3	24.52	15.81	33.94	20.22	12.81	29.21	15.65	28.28	30.81	7.21	26.25	15.26	20.12	5.0	1.41	19.65	11.4	3.61	3.61	10.05	16.0	
7.21	20.02	23.77	31.11	2.24	23.32	29.21	9.06	31.02	25.24	9.85	10.0	21.1	31.24	25.5	5.83	11.18	17.0	29.15	34.71	36.4	4.12	17.12	6.71	30.41	17.12	13.89	21.84	25.32	24.6	26.08	10.2	24.74	11.05	18.25	17.72	10.63	17.03	7.07	10.3	24.02	5.39	6.71	13.6	17.2	31.83	6.4	19.7	12.65	4.47	25.02	17.03	0.0	9.9	20.02	26.25	23.09	25.0	15.65	25.94	14.42	24.04	5.0	28.46	18.03	8.54	12.08	24.02	12.08	34.66	15.0	10.05	21.38	18.11	6.32	11.31	20.02	14.32	27.07	22.67	
3.16	28.16	30.02	41.01	9.43	33.02	39.05	17.89	40.25	35.0	11.18	15.03	28.44	41.11	32.06	10.2	17.12	25.0	38.83	44.6	46.23	8.54	24.52	4.12	39.96	25.63	23.6	30.87	33.84	34.13	33.38	5.83	31.02	19.7	25.32	24.08	14.04	24.74	8.0	2.83	32.02	5.39	13.6	4.12	27.02	41.73	3.61	29.15	19.24	5.83	32.56	24.74	9.9	0.0	27.66	35.34	29.0	31.0	21.0	35.51	24.21	30.0	5.0	34.06	24.02	10.05	4.47	31.58	18.11	44.55	24.84	6.71	28.16	25.5	5.1	15.03	28.16	21.38	34.37	32.56	
24.52	2.0	5.83	23.09	19.03	22.47	19.24	21.47	15.0	15.03	29.43	13.0	31.11	25.0	6.4	25.32	27.31	26.91	26.48	27.17	24.7	24.08	3.16	26.08	28.64	25.46	11.31	7.07	7.07	12.17	34.83	30.02	6.4	22.47	2.83	5.0	29.12	3.0	27.07	29.27	4.47	25.02	24.04	29.73	12.53	23.19	24.33	9.22	27.29	24.02	33.42	27.66	20.02	27.66	0.0	28.64	35.47	36.8	8.49	13.34	12.04	6.71	24.08	40.31	5.83	28.28	26.93	4.0	27.73	26.31	12.81	30.0	32.56	29.07	26.02	29.41	28.32	27.46	35.61	18.68	
33.24	26.83	34.44	14.32	27.89	6.4	16.55	17.46	25.24	17.03	27.02	31.0	10.77	12.04	34.48	25.55	19.85	11.31	7.0	15.03	21.21	26.83	28.46	31.3	6.32	10.0	18.44	23.02	27.02	19.8	10.05	32.45	34.89	15.65	29.73	31.32	24.08	27.51	28.3	34.48	28.84	29.97	21.95	39.4	16.16	15.3	32.31	19.72	17.69	29.55	9.0	12.04	26.25	35.34	28.64	0.0	15.3	15.03	32.56	19.85	17.46	35.34	30.46	17.12	32.28	27.2	38.28	30.53	19.1	16.0	16.49	31.62	12.65	12.21	30.41	23.35	8.6	15.56	10.2	10.63	
28.16	34.21	41.04	29.0	25.3	19.1	30.27	15.26	37.64	29.12	18.11	31.76	5.1	27.07	41.87	19.1	12.17	8.6	22.2	30.27	36.0	21.21	33.94	25.02	21.59	10.3	24.21	32.25	36.72	31.02	6.4	24.19	41.77	13.6	35.36	36.12	15.03	33.24	21.0	27.07	37.44	24.08	16.49	33.02	24.19	30.0	27.17	28.65	10.44	24.19	6.71	7.81	23.09	29.0	35.47	15.3	0.0	2.0	35.81	31.62	23.6	41.73	25.18	5.39	36.88	19.03	33.06	38.6	11.18	31.14	23.02	23.19	3.16	6.4	24.02	14.04	8.25	8.94	7.07	22.56	
30.15	35.47	42.43	29.07	27.2	19.42	30.59	17.0	38.28	29.73	20.1	33.54	5.83	27.0	43.19	21.1	14.14	9.9	22.02	30.07	36.06	23.19	35.38	27.02	21.21	11.4	25.5	33.29	37.74	31.78	5.39	26.17	43.14	15.26	36.8	37.64	17.03	34.66	23.0	29.07	38.6	26.08	18.44	35.01	25.24	30.07	29.15	29.68	12.37	26.17	6.08	9.22	25.0	31.0	36.8	15.03	2.0	0.0	37.44	32.31	24.84	43.14	27.17	3.61	38.42	21.02	35.06	39.82	13.15	31.02	24.21	25.18	4.24	7.81	26.02	16.03	8.94	10.77	5.83	23.09	
18.03	10.0	9.06	30.08	13.93	27.07	26.57	20.62	23.43	22.14	25.5	6.08	32.25	31.58	11.18	21.47	25.5	27.78	32.02	34.21	32.65	19.7	5.83	20.4	34.0	26.83	14.14	14.76	15.56	19.7	36.67	24.52	10.05	22.2	5.66	3.61	26.08	6.71	22.47	23.09	12.81	19.65	21.4	22.36	17.0	30.36	18.11	15.52	26.17	18.68	35.34	28.3	15.65	21.0	8.49	32.56	35.81	37.44	0.0	21.02	15.13	9.0	18.44	41.05	3.16	24.17	19.42	11.66	26.17	33.53	16.12	24.74	33.29	29.68	20.62	26.63	29.97	27.02	37.58	24.02	
32.45	11.4	18.0	10.05	26.08	13.6	6.0	22.2	6.08	2.83	32.98	23.43	26.57	12.37	17.12	29.41	28.07	23.54	15.26	14.0	11.66	29.15	15.23	32.65	17.49	21.59	12.08	6.32	8.25	1.41	28.65	35.85	18.03	22.02	15.81	18.03	31.4	14.32	31.95	36.24	11.05	31.3	26.68	38.6	9.22	10.0	31.91	6.4	27.0	30.41	27.29	24.52	25.94	35.51	13.34	19.85	31.62	32.31	21.02	0.0	11.7	19.0	30.89	35.34	18.97	32.28	36.24	13.04	28.02	13.04	11.4	35.47	28.46	25.71	32.2	31.26	23.41	26.08	29.15	9.43	
21.26	10.63	17.8	17.2	14.87	12.0	14.87	11.05	17.26	10.82	21.38	14.56	19.1	17.89	18.38	17.72	17.12	15.0	17.26	21.1	22.02	17.46	11.18	21.1	19.1	13.45	1.0	9.22	13.6	10.44	22.8	24.17	18.44	11.4	12.53	13.93	20.02	10.3	20.25	24.7	13.89	19.72	15.13	27.59	2.83	17.8	20.62	6.0	16.49	18.87	21.4	15.81	14.42	24.21	12.04	17.46	23.6	24.84	15.13	11.7	0.0	18.6	19.42	28.32	14.87	20.62	25.5	15.0	17.26	20.81	1.0	23.77	20.62	17.2	20.59	20.0	16.28	16.16	23.6	9.49	
27.02	8.54	1.0	29.02	22.56	29.15	25.0	27.2	18.97	21.1	33.84	15.03	37.54	31.14	2.83	29.73	32.76	33.24	32.98	33.0	29.61	28.16	7.81	29.27	35.17	31.89	17.8	13.15	11.18	18.03	41.4	33.38	1.41	28.43	6.4	6.32	34.01	8.49	31.05	32.06	8.06	28.44	29.07	31.26	19.24	29.0	27.07	15.81	33.02	27.46	40.0	33.94	24.04	30.0	6.71	35.34	41.73	43.14	9.0	19.0	18.6	0.0	27.29	46.69	6.08	32.57	28.28	6.08	33.29	32.02	19.42	33.54	38.9	35.36	29.43	34.44	34.83	33.42	42.2	25.3	
3.0	24.33	27.17	36.07	5.1	28.02	34.21	13.0	35.85	30.23	8.6	12.37	24.08	36.12	29.07	6.08	13.04	20.4	33.84	39.62	41.4	4.0	21.02	2.0	34.99	20.88	18.87	26.57	29.83	29.53	29.07	6.08	28.16	14.87	22.0	21.1	10.77	21.1	5.0	5.39	28.28	1.41	9.06	8.94	22.2	36.8	2.0	24.6	15.0	1.0	28.16	20.22	5.0	5.0	24.08	30.46	25.18	27.17	18.44	30.89	19.42	27.29	0.0	30.41	21.21	7.21	8.06	28.07	14.04	39.6	20.0	6.32	24.0	21.1	2.24	11.7	23.54	17.03	30.07	27.59	
33.38	38.95	45.97	31.4	30.68	22.14	33.24	20.59	41.23	32.7	23.0	37.12	9.22	29.15	46.69	24.33	17.46	13.45	24.08	32.02	38.33	26.48	38.95	30.15	23.0	14.87	29.0	36.62	41.05	34.89	7.07	29.02	46.67	18.87	40.36	41.23	20.02	38.21	26.08	32.0	42.01	29.27	21.84	38.01	28.6	32.39	32.39	33.02	15.81	29.43	8.25	12.81	28.46	34.06	40.31	17.12	5.39	3.61	41.05	35.34	28.32	46.69	30.41	0.0	42.01	24.02	38.21	43.28	16.49	33.06	27.66	28.02	7.81	11.4	29.15	19.03	12.21	14.32	7.0	26.0	
21.0	7.62	6.0	28.44	16.49	26.48	24.74	21.93	20.81	20.4	27.86	9.0	33.02	30.15	8.06	23.77	27.2	28.6	31.06	32.56	30.46	22.14	4.0	23.19	33.14	27.46	13.93	12.65	12.81	17.72	37.22	27.29	7.0	23.35	3.16	1.0	28.18	5.0	25.0	26.02	9.9	22.36	23.32	25.5	16.28	28.64	21.02	14.04	27.66	21.38	35.85	29.21	18.03	24.02	5.83	32.28	36.88	38.42	3.16	18.97	14.87	6.08	21.21	42.01	0.0	26.57	22.56	8.6	27.8	31.78	15.81	27.46	34.21	30.61	23.35	28.65	30.53	28.28	38.08	23.09	
9.85	28.07	32.28	35.51	10.3	26.25	34.44	10.82	37.85	31.02	1.41	18.36	18.97	35.0	33.96	3.0	7.62	16.12	31.83	38.6	41.59	4.47	25.5	6.32	32.56	17.2	20.4	29.15	33.02	31.05	23.77	5.39	33.24	12.04	26.68	26.25	4.0	25.32	2.24	8.06	32.06	5.83	5.83	14.0	23.09	36.36	8.94	26.48	9.85	6.4	23.09	15.65	8.54	10.05	28.28	27.2	19.03	21.02	24.17	32.28	20.62	32.57	7.21	24.02	26.57	0.0	14.32	32.25	8.54	38.83	20.88	4.47	18.44	16.16	5.39	5.0	19.24	12.08	24.74	26.93	
5.1	27.73	28.44	42.64	10.82	35.36	40.31	20.88	40.5	36.07	15.52	13.93	32.14	43.01	30.59	14.0	21.0	28.44	41.18	46.4	47.38	12.04	23.77	8.06	42.49	28.86	24.76	31.06	33.54	34.83	37.12	10.3	29.43	22.8	24.35	22.8	18.25	24.17	12.17	7.21	31.38	9.0	17.12	3.0	28.32	43.28	6.08	29.83	23.02	9.06	36.22	28.28	12.08	4.47	26.93	38.28	33.06	35.06	19.42	36.24	25.5	28.28	8.06	38.21	22.56	14.32	0.0	30.68	22.0	46.23	26.25	11.18	32.02	29.15	9.06	19.24	31.58	25.08	38.12	34.41	
28.44	4.47	5.1	23.09	23.02	24.19	19.03	25.08	13.0	15.3	33.38	16.76	34.06	25.32	4.12	29.27	31.02	30.0	27.51	27.02	23.54	28.07	7.07	30.07	29.73	28.43	14.42	7.62	5.1	12.17	37.48	34.01	5.0	25.94	6.32	8.06	32.98	7.0	31.06	33.24	2.0	29.02	27.89	33.53	14.87	23.02	28.28	10.82	30.87	28.02	36.07	30.81	24.02	31.58	4.0	30.53	38.6	39.82	11.66	13.04	15.0	6.08	28.07	43.28	8.6	32.25	30.68	0.0	31.38	26.0	15.62	34.0	35.61	32.2	30.02	33.24	31.14	30.89	38.21	20.12	
17.03	26.93	32.76	29.15	14.32	19.24	28.86	6.32	34.0	26.17	8.06	21.4	10.44	28.18	34.0	8.0	1.0	7.81	24.41	31.76	35.74	10.05	25.55	14.04	24.84	9.22	17.46	26.48	30.81	27.0	15.3	13.93	33.62	6.0	26.93	27.2	5.0	25.06	10.2	16.49	30.68	13.0	5.39	22.2	19.03	30.08	16.03	23.19	1.41	13.04	14.56	7.21	12.08	18.11	27.73	19.1	11.18	13.15	26.17	28.02	17.26	33.29	14.04	16.49	27.8	8.54	22.0	31.38	0.0	32.2	17.12	13.0	10.05	7.62	13.04	4.24	10.82	3.61	16.28	20.88	
41.77	24.33	31.02	3.61	35.47	13.0	7.07	28.02	14.87	11.4	39.12	34.89	26.31	4.12	30.02	36.4	32.65	25.3	9.0	1.41	5.83	36.88	27.89	41.04	10.2	23.41	21.63	19.24	21.02	14.14	26.02	43.42	31.0	26.93	28.64	30.81	36.72	26.93	39.2	44.6	24.0	39.62	33.02	48.17	18.03	3.16	41.04	18.03	30.87	38.9	25.0	26.25	34.66	44.55	26.31	16.0	31.14	31.02	33.53	13.04	20.81	32.02	39.6	33.06	31.78	38.83	46.23	26.0	32.2	0.0	20.0	42.8	28.28	26.93	40.36	36.24	23.54	29.15	26.08	12.04	
21.93	11.31	18.6	16.4	15.56	11.0	14.21	11.0	17.12	10.3	21.59	15.52	18.44	17.0	19.1	18.03	17.03	14.42	16.28	20.25	21.4	17.89	12.08	21.63	18.11	12.81	2.0	9.49	13.93	10.2	22.02	24.6	19.21	11.18	13.42	14.87	20.1	11.18	20.62	25.24	14.42	20.25	15.3	28.28	2.24	17.03	21.26	6.08	16.28	19.42	20.62	15.26	15.0	24.84	12.81	16.49	23.02	24.21	16.12	11.4	1.0	19.42	20.0	27.66	15.81	20.88	26.25	15.62	17.12	20.0	0.0	24.17	20.0	16.64	21.1	20.02	15.56	15.81	22.8	8.54	
7.81	30.07	33.38	39.41	11.05	30.41	38.08	14.87	40.8	34.44	5.1	18.68	23.41	39.05	35.23	6.4	12.08	20.59	36.07	42.64	45.28	6.32	27.02	4.47	36.88	21.63	23.41	31.78	35.36	34.18	28.16	1.0	34.37	16.28	28.07	27.29	8.25	27.0	3.61	4.12	34.06	5.1	9.9	10.2	26.4	40.22	7.21	29.41	14.32	6.08	27.51	20.12	10.05	6.71	30.0	31.62	23.19	25.18	24.74	35.47	23.77	33.54	6.32	28.02	27.46	4.47	11.18	34.0	13.0	42.8	24.17	0.0	22.8	20.62	4.12	9.22	23.71	16.55	29.12	30.81	
27.0	31.24	38.18	26.02	23.54	16.03	27.17	13.0	34.48	25.96	17.72	29.55	2.0	24.19	38.95	18.03	11.05	5.66	19.42	27.46	33.02	20.0	31.14	24.08	18.97	7.21	21.26	29.15	33.62	27.86	5.39	23.77	38.9	11.18	32.56	33.42	14.56	30.41	20.22	26.48	34.41	23.02	15.03	32.25	21.1	27.02	26.0	25.55	9.0	23.0	5.0	5.0	21.38	28.16	32.56	12.65	3.16	4.24	33.29	28.46	20.62	38.9	24.0	7.81	34.21	18.44	32.02	35.61	10.05	28.28	20.0	22.8	0.0	3.61	23.09	13.6	5.1	7.07	6.32	19.42	
24.08	27.8	34.66	24.33	20.22	14.14	25.0	9.49	31.78	23.35	15.65	26.0	3.0	22.8	35.47	15.3	8.54	2.24	18.38	26.25	31.26	17.12	27.59	21.38	18.36	4.12	17.8	25.94	30.41	25.0	8.0	21.54	35.38	7.62	29.0	29.83	12.53	26.87	17.72	24.04	31.06	20.22	12.04	29.61	17.89	25.32	23.09	22.36	6.32	20.1	7.07	1.41	18.11	25.5	29.07	12.21	6.4	7.81	29.68	25.71	17.2	35.36	21.1	11.4	30.61	16.16	29.15	32.2	7.62	26.93	16.64	20.62	3.61	0.0	20.4	11.66	3.61	4.12	9.0	17.03	
4.47	26.17	29.27	36.88	7.0	28.43	35.23	13.04	37.34	31.38	6.71	14.56	23.35	36.77	31.14	5.1	12.04	19.92	34.21	40.31	42.44	3.61	23.0	1.0	35.23	20.62	20.12	28.16	31.58	30.87	28.28	4.0	30.27	14.76	24.02	23.19	9.22	23.02	3.16	4.24	30.15	1.0	8.54	9.22	23.32	37.64	3.61	26.0	14.14	2.0	27.46	19.65	6.32	5.1	26.02	30.41	24.02	26.02	20.62	32.2	20.59	29.43	2.24	29.15	23.35	5.39	9.06	30.02	13.04	40.36	21.1	4.12	23.09	20.4	0.0	10.2	23.09	16.28	29.27	28.32	
14.56	28.86	34.01	33.11	13.45	23.32	32.57	9.06	37.12	29.61	4.12	21.26	14.32	32.25	35.47	5.83	3.61	12.04	28.6	35.85	39.56	8.06	26.93	11.18	29.07	13.45	20.02	29.07	33.24	30.15	18.97	10.2	34.93	9.49	28.23	28.18	1.0	26.57	7.07	13.04	32.76	10.44	5.39	19.0	22.09	34.01	13.6	26.0	5.66	10.77	18.38	11.4	11.31	15.03	29.41	23.35	14.04	16.03	26.63	31.26	20.0	34.44	11.7	19.03	28.65	5.0	19.24	33.24	4.24	36.24	20.02	9.22	13.6	11.66	10.2	0.0	15.0	7.81	19.92	24.7	
26.48	26.87	34.06	21.1	22.0	11.0	22.09	11.0	29.41	20.88	18.87	26.93	3.16	19.42	34.66	18.03	11.66	3.16	14.87	22.8	28.07	19.65	27.2	24.04	14.76	3.16	17.03	24.41	28.84	22.85	6.71	24.6	34.71	9.0	28.6	29.68	15.81	26.4	20.62	26.93	29.83	22.8	14.56	32.28	16.4	22.09	25.5	20.81	9.43	22.56	5.39	3.61	20.02	28.16	28.32	8.6	8.25	8.94	29.97	23.41	16.28	34.83	23.54	12.21	30.53	19.24	31.58	31.14	10.82	23.54	15.56	23.71	5.1	3.61	23.09	15.0	0.0	7.21	7.62	14.32	
20.02	26.42	32.8	26.25	16.49	16.16	26.31	6.4	32.14	24.0	11.66	22.83	7.07	25.08	33.84	11.18	4.47	4.24	21.1	28.64	32.98	13.04	25.61	17.26	21.4	5.83	16.55	25.3	29.73	25.18	12.04	17.46	33.6	5.0	27.02	27.59	8.6	25.0	13.6	19.92	29.97	16.12	8.0	25.5	17.46	27.2	19.03	21.84	2.24	16.03	11.18	3.61	14.32	21.38	27.46	15.56	8.94	10.77	27.02	26.08	16.16	33.42	17.03	14.32	28.28	12.08	25.08	30.89	3.61	29.15	15.81	16.55	7.07	4.12	16.28	7.81	7.21	0.0	13.04	18.25	
33.06	34.06	41.4	24.52	29.15	15.65	26.57	18.25	34.89	26.42	24.04	34.48	6.0	22.2	41.87	24.19	17.26	10.2	17.12	25.02	31.4	26.08	34.67	30.27	16.0	10.77	24.41	31.14	35.47	28.84	1.0	30.08	42.01	16.28	36.06	37.22	20.88	33.84	26.48	32.76	36.77	29.15	21.02	38.47	23.35	25.5	32.06	27.59	15.13	29.07	2.24	10.05	27.07	34.37	35.61	10.2	7.07	5.83	37.58	29.15	23.6	42.2	30.07	7.0	38.08	24.74	38.12	38.21	16.28	26.08	22.8	29.12	6.32	9.0	29.27	19.92	7.62	13.04	0.0	19.72	
29.83	16.76	24.35	8.6	23.6	4.24	8.06	16.12	15.23	6.71	27.29	24.04	17.46	8.6	24.17	24.41	21.19	15.0	8.0	12.04	14.87	24.84	19.1	29.0	10.05	13.0	10.44	12.53	16.4	9.22	19.24	31.4	24.7	15.23	20.22	22.09	25.08	18.11	27.2	32.56	18.36	27.59	21.1	36.24	7.07	9.43	29.07	9.49	19.65	26.87	17.89	16.0	22.67	32.56	18.68	10.63	22.56	23.09	24.02	9.43	9.49	25.3	27.59	26.0	23.09	26.93	34.41	20.12	20.88	12.04	8.54	30.81	19.42	17.03	28.32	24.7	14.32	18.25	19.72	0.0	
