80
0.0	17.89	23.19	11.66	24.7	35.34	11.4	27.2	24.52	21.95	31.32	22.2	19.72	9.49	25.5	34.0	4.12	40.8	38.9	26.08	20.25	24.35	18.6	20.59	22.36	13.45	12.04	17.26	35.11	12.17	1.0	8.49	25.96	28.02	21.0	34.23	13.0	28.16	28.07	27.46	24.33	22.83	21.1	7.81	32.65	33.02	9.0	16.28	21.1	26.08	33.62	7.07	15.52	20.62	6.32	8.0	19.21	13.15	34.06	11.4	38.08	18.03	31.38	28.84	17.46	35.51	35.11	24.7	28.64	33.02	21.02	28.3	36.06	23.02	37.12	17.72	15.23	21.84	2.24	13.42	
17.89	0.0	24.21	10.2	7.07	17.46	9.06	18.87	19.42	19.24	14.04	23.6	10.82	13.04	20.25	16.12	19.21	23.35	22.47	22.8	3.16	17.0	8.6	2.83	13.42	19.31	17.46	11.05	17.46	14.56	17.46	17.2	17.49	15.0	9.43	18.44	5.0	13.0	15.62	9.9	25.61	5.0	11.18	16.4	17.72	18.38	16.03	20.62	19.1	8.49	15.81	17.03	21.19	16.28	11.66	16.0	8.06	14.87	20.59	7.07	20.25	19.72	13.6	16.0	15.0	19.1	26.25	7.07	10.77	15.56	10.3	10.63	18.44	11.4	19.24	13.04	11.66	16.4	19.72	4.47	
23.19	24.21	0.0	15.81	26.0	35.9	17.2	42.45	8.06	40.5	35.85	1.0	14.32	15.23	8.25	33.73	27.29	36.01	31.26	5.83	27.2	11.0	16.12	24.7	13.34	35.11	33.24	32.8	37.64	12.08	22.2	30.36	41.04	19.0	33.24	41.59	23.43	36.89	39.82	27.2	1.41	25.94	34.66	29.41	24.08	42.19	14.32	37.7	39.96	26.57	32.56	29.12	8.06	8.54	22.85	15.3	17.0	11.18	44.65	24.41	38.83	5.39	33.84	19.03	9.22	41.63	50.21	29.53	31.02	30.27	33.94	28.16	38.6	35.38	36.5	34.41	12.73	9.22	25.08	22.67	
11.66	10.2	15.81	0.0	15.3	26.48	1.41	26.91	14.04	24.7	24.02	15.0	8.06	3.16	15.03	24.74	14.87	30.41	27.8	16.49	13.34	13.15	7.07	12.0	10.77	20.22	18.25	17.03	27.07	4.47	10.82	16.0	25.5	16.4	18.03	28.64	7.81	23.09	25.06	17.72	17.2	14.04	19.21	15.0	21.21	28.46	6.08	22.56	24.19	16.49	24.04	15.03	11.18	10.05	8.0	6.32	7.81	5.0	30.46	8.6	29.43	10.63	23.09	17.2	7.28	29.27	34.83	17.03	20.1	22.85	18.6	18.68	28.07	20.25	27.89	18.6	4.0	11.0	13.89	7.21	
24.7	7.07	26.0	15.3	0.0	11.18	14.56	21.59	19.42	24.08	9.85	25.63	11.7	18.44	20.0	9.49	26.25	16.28	15.65	23.02	6.32	16.4	10.2	4.24	13.04	25.94	24.19	16.49	12.04	19.03	24.19	24.21	20.4	11.18	13.0	15.81	12.04	12.21	16.55	2.83	27.31	2.24	15.0	23.43	12.0	16.97	21.38	26.93	24.19	1.41	8.94	24.08	25.08	17.46	18.6	21.59	9.22	19.0	19.85	14.14	14.14	22.56	8.06	12.08	17.46	15.65	27.73	4.47	5.1	8.49	14.0	3.61	13.04	14.14	12.65	18.44	15.03	17.0	26.63	11.4	
35.34	17.46	35.9	26.48	11.18	0.0	25.71	23.77	28.46	29.07	6.32	35.69	22.09	29.61	28.79	2.24	36.36	9.06	12.65	31.95	15.26	25.3	21.0	14.87	22.56	33.97	32.53	23.43	3.16	30.15	34.93	33.42	23.09	17.89	18.6	11.18	22.36	12.65	17.46	9.0	37.11	12.65	20.25	32.8	14.87	14.04	32.56	34.21	29.53	10.05	3.61	33.6	36.0	27.46	29.07	32.76	20.0	30.07	17.12	24.19	3.0	33.14	4.24	18.36	28.07	9.49	27.02	10.82	6.71	6.4	19.42	8.0	3.61	18.36	2.24	25.0	26.02	26.68	37.12	21.93	
11.4	9.06	17.2	1.41	14.56	25.71	0.0	25.5	15.13	23.32	23.0	16.4	8.54	4.0	16.12	24.04	14.32	30.02	27.66	17.72	12.17	14.04	7.21	11.05	11.4	19.1	17.12	15.62	26.17	5.83	10.63	15.03	24.08	16.64	16.64	27.46	6.4	21.84	23.71	17.09	18.6	13.15	17.8	14.04	21.26	27.2	7.0	21.38	22.83	15.81	23.41	14.14	12.53	11.18	7.07	7.07	7.81	6.4	29.15	7.21	28.64	12.04	22.2	17.49	8.54	28.16	33.42	16.0	19.24	22.36	17.2	18.03	27.17	18.87	27.2	17.2	5.1	12.04	13.6	5.83	
27.2	18.87	42.45	26.91	21.59	23.77	25.5	0.0	38.28	7.62	17.46	41.73	29.68	28.6	39.12	24.33	25.32	32.76	35.06	41.62	16.55	35.85	27.46	19.7	32.25	17.12	17.0	10.3	21.19	31.24	27.51	20.1	1.41	32.57	9.43	14.42	19.1	11.18	6.32	23.19	43.86	19.92	7.81	20.22	33.38	11.4	31.06	15.52	8.54	22.36	25.18	21.21	37.8	35.0	22.36	30.53	26.93	31.89	10.0	18.6	24.7	37.48	20.22	33.53	33.3	16.64	8.06	17.26	20.0	27.02	8.6	23.09	21.54	7.62	25.96	9.49	29.73	35.23	27.66	19.8	
24.52	19.42	8.06	14.04	19.42	28.46	15.13	38.28	0.0	37.7	29.15	8.25	8.6	15.13	1.0	26.25	28.28	28.0	23.19	3.61	22.02	3.16	10.82	19.1	6.4	34.23	32.25	29.55	30.46	12.37	23.54	30.02	36.89	11.05	28.84	35.23	20.25	31.14	34.71	20.12	9.0	19.85	30.53	29.02	16.03	36.24	15.81	36.5	37.34	19.72	25.0	29.0	12.73	4.0	22.02	16.76	11.4	11.4	38.95	21.84	31.32	8.49	26.83	11.0	7.07	34.99	45.61	23.43	24.19	22.56	29.68	21.02	31.38	30.81	28.86	31.38	10.05	3.16	26.68	19.31	
21.95	19.24	40.5	24.7	24.08	29.07	23.32	7.62	37.7	0.0	22.83	39.66	29.41	25.61	38.63	29.15	19.31	37.7	39.05	40.72	18.0	35.74	27.2	21.02	32.28	10.05	10.44	8.25	26.93	28.6	22.47	13.93	7.21	34.13	11.18	21.21	17.46	16.64	12.73	26.31	41.88	22.02	9.22	14.32	36.06	18.44	27.59	8.06	1.0	25.18	29.73	15.23	34.71	34.01	18.38	26.87	26.93	29.41	17.49	16.12	30.53	35.23	25.08	35.13	31.76	23.35	14.04	20.4	24.04	31.05	10.2	26.48	27.46	10.77	31.3	6.32	28.18	34.54	21.93	18.38	
31.32	14.04	35.85	24.02	9.85	6.32	23.0	17.46	29.15	22.83	0.0	35.47	21.54	27.0	29.68	7.0	31.78	15.3	18.11	32.76	11.18	26.08	19.92	12.04	22.83	28.32	27.02	17.69	4.24	28.16	31.05	28.3	16.76	19.8	12.73	6.4	18.44	6.32	11.18	9.22	37.16	10.2	14.21	27.78	18.36	8.54	30.0	28.32	23.32	9.43	8.06	28.65	34.53	27.31	25.0	30.02	18.97	28.28	11.7	19.92	7.81	32.28	3.16	20.52	27.2	5.83	21.21	7.0	5.0	10.44	13.45	8.49	5.0	12.21	8.54	19.1	24.52	26.83	32.89	18.25	
22.2	23.6	1.0	15.0	25.63	35.69	16.4	41.73	8.25	39.66	35.47	0.0	13.93	14.32	8.54	33.54	26.31	36.06	31.4	6.4	26.63	11.05	15.65	24.19	13.15	34.18	32.31	32.02	37.36	11.18	21.21	29.41	40.31	19.03	32.56	41.15	22.67	36.36	39.2	26.93	2.24	25.5	33.94	28.46	24.19	41.68	13.34	36.77	39.12	26.25	32.39	28.16	7.07	8.25	21.93	14.32	16.55	10.3	44.1	23.6	38.64	4.47	33.53	19.1	8.6	41.23	49.52	29.07	30.68	30.15	33.24	27.89	38.33	34.71	36.35	33.6	12.04	9.06	24.08	21.93	
19.72	10.82	14.32	8.06	11.7	22.09	8.54	29.68	8.6	29.41	21.54	13.93	0.0	10.63	9.43	20.02	22.85	24.04	20.59	12.04	13.45	6.32	2.24	10.63	3.0	27.02	25.02	21.19	23.54	9.43	18.87	23.35	28.3	8.49	20.25	27.29	12.17	22.8	26.17	13.15	15.65	11.66	21.95	22.36	13.6	28.02	12.81	29.02	29.12	12.37	19.0	22.56	14.14	5.83	15.52	13.45	2.83	8.94	30.61	14.04	25.08	11.05	19.65	9.22	6.0	27.31	37.01	15.26	16.76	17.12	21.1	14.14	24.52	22.2	23.0	23.09	5.0	5.66	21.95	11.18	
9.49	13.04	15.23	3.16	18.44	29.61	4.0	28.6	15.13	25.61	27.0	14.32	10.63	0.0	16.12	27.89	13.15	33.54	30.81	17.03	16.12	14.87	10.0	15.03	13.04	19.92	18.03	18.44	30.15	3.16	8.54	15.3	27.2	19.1	20.12	31.4	9.85	25.71	27.31	20.88	16.55	17.12	21.1	14.32	24.08	31.05	3.0	22.47	25.0	19.65	27.2	14.14	9.22	11.18	7.62	3.16	10.82	4.12	32.89	10.0	32.56	9.85	26.17	19.85	8.06	32.14	36.62	20.0	23.19	26.0	20.59	21.84	31.14	22.36	31.05	19.8	5.83	12.37	11.7	9.49	
25.5	20.25	8.25	15.03	20.0	28.79	16.12	39.12	1.0	38.63	29.68	8.54	9.43	16.12	0.0	26.57	29.27	28.02	23.09	3.16	22.8	3.61	11.66	19.85	7.07	35.23	33.24	30.46	30.87	13.34	24.52	31.02	37.74	11.18	29.68	35.81	21.19	31.83	35.47	20.59	9.06	20.52	31.38	30.02	16.0	36.88	16.76	37.48	38.28	20.25	25.3	30.0	13.45	5.0	23.02	17.72	12.21	12.37	39.62	22.8	31.62	9.22	27.29	11.05	8.06	35.51	46.4	24.08	24.7	22.8	30.53	21.47	31.78	31.62	29.12	32.31	11.05	4.12	27.66	20.25	
34.0	16.12	33.73	24.74	9.49	2.24	24.04	24.33	26.25	29.15	7.0	33.54	20.02	27.89	26.57	0.0	35.23	8.54	11.18	29.73	14.21	23.09	19.03	13.42	20.4	33.42	31.89	23.02	5.0	28.28	33.54	32.56	23.54	15.65	18.36	12.65	21.1	13.15	18.11	7.07	34.93	11.18	20.12	31.89	12.73	15.3	30.81	33.84	29.55	8.25	1.41	32.65	34.01	25.32	27.78	31.05	18.03	28.16	18.44	23.02	5.1	31.06	4.12	16.12	26.02	11.18	28.16	9.9	5.66	4.24	19.24	6.08	5.66	18.38	3.16	24.7	24.08	24.52	35.85	20.59	
4.12	19.21	27.29	14.87	26.25	36.36	14.32	25.32	28.28	19.31	31.78	26.31	22.85	13.15	29.27	35.23	0.0	42.52	41.11	30.02	21.1	27.89	21.47	22.02	25.63	10.0	8.94	16.03	35.78	16.03	5.1	5.39	24.19	30.89	20.4	33.96	14.21	27.89	27.07	29.07	28.44	24.21	20.1	5.1	35.23	32.39	13.04	12.81	18.38	27.66	35.0	4.12	19.65	24.33	7.81	12.04	21.95	17.03	33.06	12.21	38.95	22.09	32.25	31.76	21.21	35.44	32.98	25.55	29.68	34.71	20.22	29.83	36.67	22.2	38.28	16.03	18.68	25.5	2.83	14.87	
40.8	23.35	36.01	30.41	16.28	9.06	30.02	32.76	28.0	37.7	15.3	36.06	24.04	33.54	28.02	8.54	42.52	0.0	5.83	31.06	22.02	25.02	23.77	20.52	23.35	41.62	40.0	31.38	12.0	33.24	40.22	40.36	32.02	17.03	26.83	20.02	28.32	21.59	26.48	13.45	37.0	18.38	28.64	39.62	12.04	23.0	36.25	42.19	38.08	14.87	8.06	40.31	38.08	28.28	34.83	36.67	22.85	32.89	26.02	30.41	9.22	34.53	12.65	17.0	29.83	18.11	36.0	18.03	13.89	7.81	27.73	12.73	12.04	26.93	7.0	33.12	28.79	27.17	42.8	27.66	
38.9	22.47	31.26	27.8	15.65	12.65	27.66	35.06	23.19	39.05	18.11	31.4	20.59	30.81	23.09	11.18	41.11	5.83	0.0	26.02	21.93	20.4	20.81	19.72	19.31	41.59	39.82	31.95	15.81	30.02	38.21	39.66	34.13	12.65	27.89	23.77	27.2	24.0	29.0	13.0	32.14	17.89	29.83	38.83	7.28	26.48	33.29	42.54	39.29	14.32	10.05	39.41	34.18	24.04	33.3	33.84	20.0	29.53	29.61	29.41	13.89	30.36	15.03	12.37	26.0	22.14	39.32	18.68	15.13	8.06	28.86	12.65	16.16	28.44	11.18	33.84	25.55	22.8	41.01	26.4	
26.08	22.8	5.83	16.49	23.02	31.95	17.72	41.62	3.61	40.72	32.76	6.4	12.04	17.03	3.16	29.73	30.02	31.06	26.02	0.0	25.5	6.71	14.21	22.63	10.0	36.67	34.71	32.65	34.01	14.0	25.08	32.25	40.22	14.32	32.2	38.83	23.26	34.71	38.21	23.71	6.32	23.43	33.84	31.26	19.03	39.82	17.12	39.05	40.31	23.32	28.46	31.14	12.53	6.71	24.33	18.11	14.87	13.0	42.52	24.7	34.79	8.54	30.41	14.14	9.22	38.59	49.04	27.02	27.78	25.96	33.02	24.6	34.93	34.21	32.28	34.44	12.65	6.4	28.16	22.36	
20.25	3.16	27.2	13.34	6.32	15.26	12.17	16.55	22.02	18.0	11.18	26.63	13.45	16.12	22.8	14.21	21.1	22.02	21.93	25.5	0.0	19.42	11.31	3.16	15.81	19.72	18.03	10.2	14.87	17.72	19.92	18.38	15.23	16.28	7.28	15.3	7.28	9.85	12.73	8.94	28.6	4.12	9.22	17.69	18.11	15.23	19.1	20.62	18.03	7.62	14.14	18.44	24.35	19.1	13.93	19.03	10.63	18.03	17.49	8.94	17.89	22.83	11.18	17.26	18.03	16.03	23.6	4.47	8.6	14.42	8.25	9.43	15.81	8.94	17.2	12.17	14.76	19.1	21.93	7.07	
24.35	17.0	11.0	13.15	16.4	25.3	14.04	35.85	3.16	35.74	26.08	11.05	6.32	14.87	3.61	23.09	27.89	25.02	20.4	6.71	19.42	0.0	8.54	16.4	3.61	33.02	31.02	27.51	27.31	12.53	23.41	29.07	34.48	8.0	26.42	32.2	18.44	28.28	32.02	17.0	12.04	16.97	28.18	28.07	13.15	33.3	16.12	35.13	35.44	16.64	21.84	28.16	14.42	4.24	21.1	17.0	8.94	11.66	36.07	20.22	28.16	10.3	23.71	8.06	7.21	31.91	43.01	20.52	21.1	19.42	27.29	17.89	28.23	28.3	25.71	29.41	9.22	2.83	26.57	17.46	
18.6	8.6	16.12	7.07	10.2	21.0	7.21	27.46	10.82	27.2	19.92	15.65	2.24	10.0	11.66	19.03	21.47	23.77	20.81	14.21	11.31	8.54	0.0	8.6	5.1	25.08	23.09	18.97	22.2	9.49	17.8	21.59	26.08	9.43	18.03	25.5	10.05	20.81	24.04	12.0	17.49	9.85	19.72	20.62	14.14	26.08	12.53	27.0	26.93	11.05	18.11	20.88	15.0	7.81	13.93	13.04	1.0	9.22	28.6	12.0	24.0	12.37	18.25	10.3	7.28	25.63	34.83	13.42	15.3	16.49	18.87	13.0	23.19	20.0	22.09	20.88	5.1	7.81	20.81	9.06	
20.59	2.83	24.7	12.0	4.24	14.87	11.05	19.7	19.1	21.02	12.04	24.19	10.63	15.03	19.85	13.42	22.02	20.52	19.72	22.63	3.16	16.4	8.6	0.0	12.81	21.93	20.12	13.04	15.13	16.12	20.12	20.0	18.38	13.15	10.44	17.09	7.81	12.21	15.62	7.07	26.08	2.24	12.37	19.21	15.3	17.49	18.03	23.09	21.0	5.66	13.04	19.85	22.56	16.4	14.42	18.11	7.81	16.28	20.0	9.9	17.72	20.62	11.18	14.14	15.65	17.46	26.63	5.1	8.25	12.73	11.4	7.81	16.12	12.08	16.55	15.03	12.65	16.28	22.47	7.21	
22.36	13.42	13.34	10.77	13.04	22.56	11.4	32.25	6.4	32.28	22.83	13.15	3.0	13.04	7.07	20.4	25.63	23.35	19.31	10.0	15.81	3.61	5.1	12.81	0.0	30.02	28.02	24.04	24.35	11.31	21.47	26.31	30.89	6.71	22.83	28.84	15.13	24.76	28.43	13.93	14.56	13.45	24.6	25.32	12.08	29.83	14.87	32.02	32.02	13.42	19.24	25.5	14.87	5.0	18.44	15.62	5.39	10.63	32.56	17.03	25.5	11.18	20.62	7.21	6.71	28.65	39.41	17.03	17.89	17.03	23.71	14.87	25.3	24.7	23.19	25.96	7.21	4.12	24.6	14.14	
13.45	19.31	35.11	20.22	25.94	33.97	19.1	17.12	34.23	10.05	28.32	34.18	27.02	19.92	35.23	33.42	10.0	41.62	41.59	36.67	19.72	33.02	25.08	21.93	30.02	0.0	2.0	10.63	32.56	23.09	14.21	5.0	16.28	33.73	15.62	28.65	15.3	23.02	20.62	28.65	36.4	23.71	14.42	5.83	37.0	26.4	21.02	2.83	9.06	27.29	33.6	6.4	28.18	30.27	12.37	20.12	25.18	24.04	26.25	13.15	36.07	29.73	29.73	34.71	27.46	30.53	24.08	23.6	27.8	34.13	15.0	29.15	33.3	16.64	36.12	9.43	24.19	31.14	12.81	16.28	
12.04	17.46	33.24	18.25	24.19	32.53	17.12	17.0	32.25	10.44	27.02	32.31	25.02	18.03	33.24	31.89	8.94	40.0	39.82	34.71	18.03	31.02	23.09	20.12	28.02	2.0	0.0	9.43	31.24	21.19	12.73	3.61	16.03	31.78	14.42	27.73	13.34	21.95	19.92	26.93	34.54	21.95	13.42	4.24	35.11	25.63	19.24	4.47	9.49	25.55	32.02	5.0	26.42	28.28	10.44	18.36	23.19	22.14	25.71	11.18	34.71	27.86	28.28	32.76	25.5	29.53	24.33	22.02	26.25	32.45	13.89	27.46	32.02	15.65	34.66	8.54	22.2	29.15	11.66	14.32	
17.26	11.05	32.8	17.03	16.49	23.43	15.62	10.3	29.55	8.25	17.69	32.02	21.19	18.44	30.46	23.02	16.03	31.38	31.95	32.65	10.2	27.51	18.97	13.04	24.04	10.63	9.43	0.0	21.93	21.21	17.46	11.4	8.94	26.02	5.0	18.38	9.43	12.53	11.05	18.97	34.21	14.32	4.12	11.18	28.28	16.49	20.81	10.82	8.06	17.72	23.32	12.17	27.66	25.94	12.08	20.25	18.68	21.93	17.03	8.49	25.46	27.66	19.21	27.02	23.85	20.12	18.36	13.42	17.49	24.17	4.47	19.31	22.67	6.32	25.61	2.0	20.25	26.4	18.03	10.3	
35.11	17.46	37.64	27.07	12.04	3.16	26.17	21.19	30.46	26.93	4.24	37.36	23.54	30.15	30.87	5.0	35.78	12.0	15.81	34.01	14.87	27.31	22.2	15.13	24.35	32.56	31.24	21.93	0.0	31.0	34.79	32.45	20.62	20.25	16.97	8.06	22.14	10.3	14.87	10.44	38.9	13.04	18.44	31.91	17.69	11.0	33.14	32.56	27.46	11.18	6.4	32.76	37.12	29.12	28.79	33.24	21.21	31.02	14.04	23.77	3.61	34.53	4.0	20.81	29.43	6.32	24.0	10.44	7.0	9.22	17.69	9.49	1.0	16.4	5.0	23.35	27.07	28.46	36.77	21.84	
12.17	14.56	12.08	4.47	19.03	30.15	5.83	31.24	12.37	28.6	28.16	11.18	9.43	3.16	13.34	28.28	16.03	33.24	30.02	14.0	17.72	12.53	9.49	16.12	11.31	23.09	21.19	21.21	31.0	0.0	11.18	18.44	29.83	17.8	22.47	32.98	12.21	27.51	29.53	21.21	13.42	18.03	23.6	17.46	23.02	32.89	3.61	25.63	28.02	20.1	27.46	17.26	6.71	8.54	10.77	4.47	10.44	1.0	34.93	12.73	33.14	6.71	27.0	18.44	5.39	33.54	39.2	21.21	24.0	25.96	23.02	22.2	32.0	24.7	31.4	22.67	4.47	9.85	14.32	11.66	
1.0	17.46	22.2	10.82	24.19	34.93	10.63	27.51	23.54	22.47	31.05	21.21	18.87	8.54	24.52	33.54	5.1	40.22	38.21	25.08	19.92	23.41	17.8	20.12	21.47	14.21	12.73	17.46	34.79	11.18	0.0	9.22	26.25	27.2	21.02	34.13	12.65	28.07	28.16	26.93	23.35	22.36	21.21	8.49	31.89	33.0	8.0	17.03	21.63	25.55	33.12	7.81	14.56	19.65	6.08	7.0	18.44	12.17	34.13	11.18	37.7	17.03	31.02	28.02	16.49	35.36	35.47	24.35	28.23	32.45	21.1	27.78	35.74	23.09	36.67	18.03	14.32	20.88	3.16	13.0	
8.49	17.2	30.36	16.0	24.21	33.42	15.03	20.1	30.02	13.93	28.3	29.41	23.35	15.3	31.02	32.56	5.39	40.36	39.66	32.25	18.38	29.07	21.59	20.0	26.31	5.0	3.61	11.4	32.45	18.44	9.22	0.0	19.03	30.68	16.16	29.73	12.53	23.77	22.36	27.02	31.62	22.02	15.52	1.0	34.44	27.89	16.16	7.81	13.0	25.61	32.53	1.41	23.26	26.02	8.0	15.23	21.84	19.42	28.28	10.3	35.81	25.0	29.21	31.62	23.09	31.38	27.66	22.67	26.91	32.65	15.81	27.66	33.29	17.72	35.47	11.05	20.0	27.0	8.06	13.42	
25.96	17.49	41.04	25.5	20.4	23.09	24.08	1.41	36.89	7.21	16.76	40.31	28.3	27.2	37.74	23.54	24.19	32.02	34.13	40.22	15.23	34.48	26.08	18.38	30.89	16.28	16.03	8.94	20.62	29.83	26.25	19.03	0.0	31.32	8.06	14.21	17.69	10.44	5.83	22.09	42.45	18.68	6.4	19.1	32.25	11.31	29.68	14.87	8.06	21.21	24.33	20.1	36.4	33.6	21.02	29.15	25.55	30.48	10.3	17.2	24.17	36.07	19.42	32.28	31.89	16.4	9.43	16.12	19.03	26.08	7.21	22.02	21.02	6.32	25.3	8.25	28.32	33.84	26.48	18.38	
28.02	15.0	19.0	16.4	11.18	17.89	16.64	32.57	11.05	34.13	19.8	19.03	8.49	19.1	11.18	15.65	30.89	17.03	12.65	14.32	16.28	8.0	9.43	13.15	6.71	33.73	31.78	26.02	20.25	17.8	27.2	30.68	31.32	0.0	23.54	26.17	18.44	23.32	27.73	10.63	20.02	12.65	25.5	29.73	5.39	27.8	21.26	35.36	34.06	10.82	14.32	30.08	21.54	11.4	23.26	21.93	8.94	17.2	30.81	20.62	20.62	17.72	17.03	1.0	13.42	25.5	38.91	15.65	14.87	11.7	24.52	11.31	21.1	25.0	18.03	28.02	13.45	10.2	30.23	17.46	
21.0	9.43	33.24	18.03	13.0	18.6	16.64	9.43	28.84	11.18	12.73	32.56	20.25	20.12	29.68	18.36	20.4	26.83	27.89	32.2	7.28	26.42	18.03	10.44	22.83	15.62	14.42	5.0	16.97	22.47	21.02	16.16	8.06	23.54	0.0	13.6	10.3	7.62	7.28	15.13	34.66	11.05	2.0	15.81	25.0	12.04	22.85	15.62	11.4	14.04	18.79	16.76	29.15	25.61	15.13	22.47	17.49	23.02	13.15	10.44	20.52	28.43	14.42	24.52	24.04	15.23	16.97	9.22	13.0	19.92	1.0	15.3	17.69	2.24	20.81	6.4	20.52	25.81	22.09	10.82	
34.23	18.44	41.59	28.64	15.81	11.18	27.46	14.42	35.23	21.21	6.4	41.15	27.29	31.4	35.81	12.65	33.96	20.02	23.77	38.83	15.3	32.2	25.5	17.09	28.84	28.65	27.73	18.38	8.06	32.98	34.13	29.73	14.21	26.17	13.6	0.0	22.02	6.08	8.49	15.56	42.94	15.65	14.32	29.41	24.7	3.16	34.37	28.02	21.93	15.62	13.93	30.36	39.56	33.12	28.07	34.23	24.6	33.24	6.0	23.02	11.05	37.7	9.43	26.91	32.7	2.24	16.03	12.08	11.31	16.55	13.93	14.87	8.0	12.08	13.04	19.24	29.73	32.76	35.51	22.09	
13.0	5.0	23.43	7.81	12.04	22.36	6.4	19.1	20.25	17.46	18.44	22.67	12.17	9.85	21.19	21.1	14.21	28.32	27.2	23.26	7.28	18.44	10.05	7.81	15.13	15.3	13.34	9.43	22.14	12.21	12.65	12.53	17.69	18.44	10.3	22.02	0.0	16.12	17.46	14.87	24.84	10.0	11.4	11.66	21.93	21.38	12.65	17.03	17.09	13.45	20.81	12.21	18.87	16.55	6.71	12.37	10.0	12.81	23.09	2.24	25.08	18.38	18.38	19.42	14.42	23.02	27.02	11.7	15.65	20.52	10.82	15.62	23.09	12.53	24.19	11.18	10.82	17.09	14.76	1.0	
28.16	13.0	36.89	23.09	12.21	12.65	21.84	11.18	31.14	16.64	6.32	36.36	22.8	25.71	31.83	13.15	27.89	21.59	24.0	34.71	9.85	28.28	20.81	12.21	24.76	23.02	21.95	12.53	10.3	27.51	28.07	23.77	10.44	23.32	7.62	6.08	16.12	0.0	5.0	13.0	38.28	11.31	8.6	23.41	23.09	5.39	28.64	22.67	17.2	12.53	14.04	24.35	34.18	28.6	22.02	28.44	20.0	27.86	7.81	17.0	13.89	32.65	9.06	24.19	27.78	7.62	15.81	7.81	9.22	16.03	8.06	12.65	10.82	6.4	14.87	13.6	24.6	28.43	29.43	16.28	
28.07	15.62	39.82	25.06	16.55	17.46	23.71	6.32	34.71	12.73	11.18	39.2	26.17	27.31	35.47	18.11	27.07	26.48	29.0	38.21	12.73	32.02	24.04	15.62	28.43	20.62	19.92	11.05	14.87	29.53	28.16	22.36	5.83	27.73	7.28	8.49	17.46	5.0	0.0	17.72	41.23	15.26	7.0	22.2	27.89	5.83	30.08	19.72	13.45	17.09	19.03	23.19	36.24	31.83	22.36	29.73	23.35	30.02	6.0	17.72	18.38	35.23	14.04	28.64	30.61	10.63	11.18	12.08	14.14	21.02	7.07	17.46	15.23	5.1	19.65	11.4	27.2	31.83	29.0	17.89	
27.46	9.9	27.2	17.72	2.83	9.0	17.09	23.19	20.12	26.31	9.22	26.93	13.15	20.88	20.59	7.07	29.07	13.45	13.0	23.71	8.94	17.0	12.0	7.07	13.93	28.65	26.93	18.97	10.44	21.21	26.93	27.02	22.09	10.63	15.13	15.56	14.87	13.0	17.72	0.0	28.46	5.0	17.12	26.25	10.2	17.2	23.77	29.55	26.48	1.41	6.32	26.91	27.0	18.68	21.4	24.04	11.0	21.1	20.25	16.97	12.0	24.19	6.71	11.4	19.1	15.0	28.79	6.0	4.24	5.66	16.12	1.0	11.4	16.0	10.2	20.88	17.03	18.03	29.41	14.21	
24.33	25.61	1.41	17.2	27.31	37.11	18.6	43.86	9.0	41.88	37.16	2.24	15.65	16.55	9.06	34.93	28.44	37.0	32.14	6.32	28.6	12.04	17.49	26.08	14.56	36.4	34.54	34.21	38.9	13.42	23.35	31.62	42.45	20.02	34.66	42.94	24.84	38.28	41.23	28.46	0.0	27.29	36.07	30.68	25.02	43.57	15.52	39.0	41.34	27.86	33.73	30.36	9.0	9.85	24.17	16.49	18.36	12.53	46.04	25.81	40.02	6.71	35.11	20.0	10.63	42.95	51.62	30.89	32.31	31.4	35.36	29.41	39.85	36.8	37.66	35.81	14.14	10.44	26.17	24.08	
22.83	5.0	25.94	14.04	2.24	12.65	13.15	19.92	19.85	22.02	10.2	25.5	11.66	17.12	20.52	11.18	24.21	18.38	17.89	23.43	4.12	16.97	9.85	2.24	13.45	23.71	21.95	14.32	13.04	18.03	22.36	22.02	18.68	12.65	11.05	15.65	10.0	11.31	15.26	5.0	27.29	0.0	13.04	21.26	14.04	16.4	20.1	24.7	22.09	3.61	10.82	21.93	24.33	17.49	16.64	20.22	8.94	18.11	19.1	12.04	15.52	22.14	9.06	13.6	17.09	15.81	26.42	3.61	6.08	10.63	12.04	5.66	14.04	12.37	14.32	16.28	14.32	17.2	24.7	9.43	
21.1	11.18	34.66	19.21	15.0	20.25	17.8	7.81	30.53	9.22	14.21	33.94	21.95	21.1	31.38	20.12	20.1	28.64	29.83	33.84	9.22	28.18	19.72	12.37	24.6	14.42	13.42	4.12	18.44	23.6	21.21	15.52	6.4	25.5	2.0	14.32	11.4	8.6	7.0	17.12	36.07	13.04	0.0	15.3	27.0	12.37	23.71	14.14	9.49	16.03	20.62	16.28	30.23	27.2	15.52	23.26	19.24	24.21	13.0	11.18	22.02	29.73	16.12	26.48	25.5	16.12	15.62	11.18	14.87	21.84	1.0	17.26	19.1	2.24	22.47	5.0	21.93	27.46	22.0	12.04	
7.81	16.4	29.41	15.0	23.43	32.8	14.04	20.22	29.02	14.32	27.78	28.46	22.36	14.32	30.02	31.89	5.1	39.62	38.83	31.26	17.69	28.07	20.62	19.21	25.32	5.83	4.24	11.18	31.91	17.46	8.49	1.0	19.1	29.73	15.81	29.41	11.66	23.41	22.2	26.25	30.68	21.26	15.3	0.0	33.54	27.66	15.23	8.6	13.42	24.84	31.83	1.0	22.36	25.02	7.0	14.32	20.88	18.44	28.16	9.43	35.23	24.04	28.6	30.68	22.09	31.02	27.89	22.02	26.25	31.89	15.52	26.91	32.76	17.46	34.83	11.0	19.0	26.0	7.62	12.53	
32.65	17.72	24.08	21.21	12.0	14.87	21.26	33.38	16.03	36.06	18.36	24.19	13.6	24.08	16.0	12.73	35.23	12.04	7.28	19.03	18.11	13.15	14.14	15.3	12.08	37.0	35.11	28.28	17.69	23.02	31.89	34.44	32.25	5.39	25.0	24.7	21.93	23.09	27.89	10.2	25.02	14.04	27.0	33.54	0.0	26.83	26.4	38.33	36.12	11.05	11.31	34.0	26.93	16.76	27.46	27.02	13.45	22.47	29.97	24.17	17.2	23.09	15.26	5.1	18.79	23.6	38.9	16.12	13.93	8.49	26.0	10.44	18.38	26.08	14.42	30.27	18.6	15.52	34.83	21.02	
33.02	18.38	42.19	28.46	16.97	14.04	27.2	11.4	36.24	18.44	8.54	41.68	28.02	31.05	36.88	15.3	32.39	23.0	26.48	39.82	15.23	33.3	26.08	17.49	29.83	26.4	25.63	16.49	11.0	32.89	33.0	27.89	11.31	27.8	12.04	3.16	21.38	5.39	5.83	17.2	43.57	16.4	12.37	27.66	26.83	0.0	33.96	25.55	19.21	17.03	16.49	28.64	39.56	33.84	27.02	33.73	25.24	33.24	3.16	22.09	14.14	38.01	11.7	28.6	33.12	5.39	13.0	12.81	13.04	18.97	12.17	16.64	11.05	10.2	16.0	17.09	29.97	33.6	34.13	21.59	
9.0	16.03	14.32	6.08	21.38	32.56	7.0	31.06	15.81	27.59	30.0	13.34	12.81	3.0	16.76	30.81	13.04	36.25	33.29	17.12	19.1	16.12	12.53	18.03	14.87	21.02	19.24	20.81	33.14	3.61	8.0	16.16	29.68	21.26	22.85	34.37	12.65	28.64	30.08	23.77	15.52	20.1	23.71	15.23	26.4	33.96	0.0	23.71	26.91	22.56	30.08	14.87	7.21	12.08	9.22	1.0	13.42	4.47	35.74	12.53	35.51	9.06	29.15	21.93	8.94	35.13	39.12	23.0	26.17	28.79	23.26	24.74	34.13	25.08	33.96	22.02	7.81	13.42	11.05	12.37	
16.28	20.62	37.7	22.56	26.93	34.21	21.38	15.52	36.5	8.06	28.32	36.77	29.02	22.47	37.48	33.84	12.81	42.19	42.54	39.05	20.62	35.13	27.0	23.09	32.02	2.83	4.47	10.82	32.56	25.63	17.03	7.81	14.87	35.36	15.62	28.02	17.03	22.67	19.72	29.55	39.0	24.7	14.14	8.6	38.33	25.55	23.71	0.0	7.07	28.23	34.13	9.22	30.89	32.56	14.87	22.83	27.02	26.57	25.08	15.0	36.12	32.31	30.0	36.35	29.83	30.0	22.0	24.19	28.3	34.89	14.87	29.97	33.24	16.28	36.4	9.22	26.48	33.38	15.62	18.03	
21.1	19.1	39.96	24.19	24.19	29.53	22.83	8.54	37.34	1.0	23.32	39.12	29.12	25.0	38.28	29.55	18.38	38.08	39.29	40.31	18.03	35.44	26.93	21.0	32.02	9.06	9.49	8.06	27.46	28.02	21.63	13.0	8.06	34.06	11.4	21.93	17.09	17.2	13.45	26.48	41.34	22.09	9.49	13.42	36.12	19.21	26.91	7.07	0.0	25.32	30.08	14.32	34.06	33.62	17.69	26.17	26.68	28.84	18.36	15.65	31.06	34.67	25.5	35.06	31.3	24.04	15.03	20.62	24.35	31.32	10.44	26.68	28.02	11.18	31.76	6.08	27.73	34.18	21.02	18.03	
26.08	8.49	26.57	16.49	1.41	10.05	15.81	22.36	19.72	25.18	9.43	26.25	12.37	19.65	20.25	8.25	27.66	14.87	14.32	23.32	7.62	16.64	11.05	5.66	13.42	27.29	25.55	17.72	11.18	20.1	25.55	25.61	21.21	10.82	14.04	15.62	13.45	12.53	17.09	1.41	27.86	3.61	16.03	24.84	11.05	17.03	22.56	28.23	25.32	0.0	7.62	25.5	26.02	18.03	20.0	22.8	10.05	20.02	20.0	15.56	13.04	23.35	7.28	11.66	18.25	15.26	28.23	5.1	4.47	7.07	15.03	2.24	12.17	15.03	11.4	19.65	16.0	17.46	28.02	12.81	
33.62	15.81	32.56	24.04	8.94	3.61	23.41	25.18	25.0	29.73	8.06	32.39	19.0	27.2	25.3	1.41	35.0	8.06	10.05	28.46	14.14	21.84	18.11	13.04	19.24	33.6	32.02	23.32	6.4	27.46	33.12	32.53	24.33	14.32	18.79	13.93	20.81	14.04	19.03	6.32	33.73	10.82	20.62	31.83	11.31	16.49	30.08	34.13	30.08	7.62	0.0	32.56	33.06	24.19	27.46	30.36	17.12	27.29	19.65	22.8	6.32	30.02	5.0	14.76	25.0	12.53	29.27	10.0	5.83	2.83	19.7	5.39	7.07	18.97	4.0	25.06	23.19	23.35	35.51	20.25	
7.07	17.03	29.12	15.03	24.08	33.6	14.14	21.21	29.0	15.23	28.65	28.16	22.56	14.14	30.0	32.65	4.12	40.31	39.41	31.14	18.44	28.16	20.88	19.85	25.5	6.4	5.0	12.17	32.76	17.26	7.81	1.41	20.1	30.08	16.76	30.36	12.21	24.35	23.19	26.91	30.36	21.93	16.28	1.0	34.0	28.64	14.87	9.22	14.32	25.5	32.56	0.0	21.93	25.0	7.07	13.93	21.19	18.25	29.15	10.0	36.06	23.77	29.41	31.02	22.02	31.95	28.86	22.8	27.02	32.56	16.49	27.59	33.62	18.44	35.61	12.0	19.03	26.02	6.71	13.04	
15.52	21.19	8.06	11.18	25.08	36.0	12.53	37.8	12.73	34.71	34.53	7.07	14.14	9.22	13.45	34.01	19.65	38.08	34.18	12.53	24.35	14.42	15.0	22.56	14.87	28.18	26.42	27.66	37.12	6.71	14.56	23.26	36.4	21.54	29.15	39.56	18.87	34.18	36.24	27.0	9.0	24.33	30.23	22.36	26.93	39.56	7.21	30.89	34.06	26.02	33.06	21.93	0.0	10.3	16.4	8.06	16.0	6.32	41.63	19.21	39.0	4.24	33.14	21.93	8.25	40.02	45.8	27.66	30.15	31.26	29.68	28.0	38.12	31.38	37.05	29.0	10.05	11.66	17.26	18.36	
20.62	16.28	8.54	10.05	17.46	27.46	11.18	35.0	4.0	34.01	27.31	8.25	5.83	11.18	5.0	25.32	24.33	28.28	24.04	6.71	19.1	4.24	7.81	16.4	5.0	30.27	28.28	25.94	29.12	8.54	19.65	26.02	33.6	11.4	25.61	33.12	16.55	28.6	31.83	18.68	9.85	17.49	27.2	25.02	16.76	33.84	12.08	32.56	33.62	18.03	24.19	25.0	10.3	0.0	18.03	13.0	8.6	7.62	36.4	18.03	30.41	6.32	25.3	11.7	3.16	33.11	42.52	21.1	22.47	22.02	26.4	19.65	30.08	27.66	28.16	27.73	6.08	1.41	22.8	15.65	
6.32	11.66	22.85	8.0	18.6	29.07	7.07	22.36	22.02	18.38	25.0	21.93	15.52	7.62	23.02	27.78	7.81	34.83	33.3	24.33	13.93	21.1	13.93	14.42	18.44	12.37	10.44	12.08	28.79	10.77	6.08	8.0	21.02	23.26	15.13	28.07	6.71	22.02	22.36	21.4	24.17	16.64	15.52	7.0	27.46	27.02	9.22	14.87	17.69	20.0	27.46	7.07	16.4	18.03	0.0	8.49	14.32	11.7	28.28	5.1	31.78	17.46	25.08	24.17	15.13	29.27	30.41	18.38	22.36	27.02	15.3	22.2	29.73	17.26	30.89	13.04	12.0	19.0	8.06	7.21	
8.0	16.0	15.3	6.32	21.59	32.76	7.07	30.53	16.76	26.87	30.02	14.32	13.45	3.16	17.72	31.05	12.04	36.67	33.84	18.11	19.03	17.0	13.04	18.11	15.62	20.12	18.36	20.25	33.24	4.47	7.0	15.23	29.15	21.93	22.47	34.23	12.37	28.44	29.73	24.04	16.49	20.22	23.26	14.32	27.02	33.73	1.0	22.83	26.17	22.8	30.36	13.93	8.06	13.0	8.49	0.0	13.89	5.39	35.44	12.08	35.69	10.05	29.27	22.63	9.85	35.06	38.59	23.02	26.31	29.15	22.85	25.0	34.23	24.7	34.21	21.4	8.49	14.32	10.05	12.17	
19.21	8.06	17.0	7.81	9.22	20.0	7.81	26.93	11.4	26.93	18.97	16.55	2.83	10.82	12.21	18.03	21.95	22.85	20.0	14.87	10.63	8.94	1.0	7.81	5.39	25.18	23.19	18.68	21.21	10.44	18.44	21.84	25.55	8.94	17.49	24.6	10.0	20.0	23.35	11.0	18.36	8.94	19.24	20.88	13.45	25.24	13.42	27.02	26.68	10.05	17.12	21.19	16.0	8.6	14.32	13.89	0.0	10.2	27.8	12.04	23.0	13.34	17.26	9.85	8.25	24.7	34.21	12.53	14.32	15.52	18.36	12.0	22.2	19.42	21.1	20.62	6.08	8.49	21.4	9.0	
13.15	14.87	11.18	5.0	19.0	30.07	6.4	31.89	11.4	29.41	28.28	10.3	8.94	4.12	12.37	28.16	17.03	32.89	29.53	13.0	18.03	11.66	9.22	16.28	10.63	24.04	22.14	21.93	31.02	1.0	12.17	19.42	30.48	17.2	23.02	33.24	12.81	27.86	30.02	21.1	12.53	18.11	24.21	18.44	22.47	33.24	4.47	26.57	28.84	20.02	27.29	18.25	6.32	7.62	11.7	5.39	10.2	0.0	35.34	13.45	33.06	5.83	27.02	17.8	4.47	33.73	39.82	21.38	24.02	25.71	23.6	22.09	32.02	25.24	31.26	23.43	4.12	8.94	15.3	12.21	
34.06	20.59	44.65	30.46	19.85	17.12	29.15	10.0	38.95	17.49	11.7	44.1	30.61	32.89	39.62	18.44	33.06	26.02	29.61	42.52	17.49	36.07	28.6	20.0	32.56	26.25	25.71	17.03	14.04	34.93	34.13	28.28	10.3	30.81	13.15	6.0	23.09	7.81	6.0	20.25	46.04	19.1	13.0	28.16	29.97	3.16	35.74	25.08	18.36	20.0	19.65	29.15	41.63	36.4	28.28	35.44	27.8	35.34	0.0	23.54	17.03	40.31	14.87	31.62	35.51	8.06	10.05	15.56	16.12	22.14	13.04	19.72	14.0	11.05	19.03	17.26	32.25	36.24	35.0	23.41	
11.4	7.07	24.41	8.6	14.14	24.19	7.21	18.6	21.84	16.12	19.92	23.6	14.04	10.0	22.8	23.02	12.21	30.41	29.41	24.7	8.94	20.22	12.0	9.9	17.03	13.15	11.18	8.49	23.77	12.73	11.18	10.3	17.2	20.62	10.44	23.02	2.24	17.0	17.72	16.97	25.81	12.04	11.18	9.43	24.17	22.09	12.53	15.0	15.65	15.56	22.8	10.0	19.21	18.03	5.1	12.08	12.04	13.45	23.54	0.0	26.83	19.21	20.12	21.59	15.65	24.19	26.63	13.42	17.49	22.63	10.77	17.69	24.7	12.65	26.08	10.0	12.08	18.68	13.0	3.16	
38.08	20.25	38.83	29.43	14.14	3.0	28.64	24.7	31.32	30.53	7.81	38.64	25.08	32.56	31.62	5.1	38.95	9.22	13.89	34.79	17.89	28.16	24.0	17.72	25.5	36.07	34.71	25.46	3.61	33.14	37.7	35.81	24.17	20.62	20.52	11.05	25.08	13.89	18.38	12.0	40.02	15.52	22.02	35.23	17.2	14.14	35.51	36.12	31.06	13.04	6.32	36.06	39.0	30.41	31.78	35.69	23.0	33.06	17.03	26.83	0.0	36.12	6.71	21.02	31.06	9.0	27.07	13.42	9.49	8.94	21.26	11.0	3.16	20.0	2.83	26.91	29.02	29.61	39.81	24.7	
18.03	19.72	5.39	10.63	22.56	33.14	12.04	37.48	8.49	35.23	32.28	4.47	11.05	9.85	9.22	31.06	22.09	34.53	30.36	8.54	22.83	10.3	12.37	20.62	11.18	29.73	27.86	27.66	34.53	6.71	17.03	25.0	36.07	17.72	28.43	37.7	18.38	32.65	35.23	24.19	6.71	22.14	29.73	24.04	23.09	38.01	9.06	32.31	34.67	23.35	30.02	23.77	4.24	6.32	17.46	10.05	13.34	5.83	40.31	19.21	36.12	0.0	30.59	18.03	5.1	37.95	45.34	25.63	27.66	28.02	29.07	25.18	35.51	30.61	34.01	29.21	8.06	7.62	20.0	17.69	
31.38	13.6	33.84	23.09	8.06	4.24	22.2	20.22	26.83	25.08	3.16	33.53	19.65	26.17	27.29	4.12	32.25	12.65	15.03	30.41	11.18	23.71	18.25	11.18	20.62	29.73	28.28	19.21	4.0	27.0	31.02	29.21	19.42	17.03	14.42	9.43	18.38	9.06	14.04	6.71	35.11	9.06	16.12	28.6	15.26	11.7	29.15	30.0	25.5	7.28	5.0	29.41	33.14	25.3	25.08	29.27	17.26	27.02	14.87	20.12	6.71	30.59	0.0	17.69	25.5	8.49	24.33	6.71	3.0	7.28	15.26	5.83	5.0	14.32	6.4	20.81	23.09	24.7	33.11	18.03	
28.84	16.0	19.03	17.2	12.08	18.36	17.49	33.53	11.0	35.13	20.52	19.1	9.22	19.85	11.05	16.12	31.76	17.0	12.37	14.14	17.26	8.06	10.3	14.14	7.21	34.71	32.76	27.02	20.81	18.44	28.02	31.62	32.28	1.0	24.52	26.91	19.42	24.19	28.64	11.4	20.0	13.6	26.48	30.68	5.1	28.6	21.93	36.35	35.06	11.66	14.76	31.02	21.93	11.7	24.17	22.63	9.85	17.8	31.62	21.59	21.02	18.03	17.69	0.0	13.89	26.17	39.81	16.55	15.62	12.08	25.5	12.04	21.63	25.96	18.38	29.02	14.14	10.44	31.06	18.44	
17.46	15.0	9.22	7.28	17.46	28.07	8.54	33.3	7.07	31.76	27.2	8.6	6.0	8.06	8.06	26.02	21.21	29.83	26.0	9.22	18.03	7.21	7.28	15.65	6.71	27.46	25.5	23.85	29.43	5.39	16.49	23.09	31.89	13.42	24.04	32.7	14.42	27.78	30.61	19.1	10.63	17.09	25.5	22.09	18.79	33.12	8.94	29.83	31.3	18.25	25.0	22.02	8.25	3.16	15.13	9.85	8.25	4.47	35.51	15.65	31.06	5.1	25.5	13.89	0.0	32.89	41.01	20.62	22.56	23.09	24.76	20.1	30.41	26.17	29.0	25.55	3.61	4.47	19.65	13.6	
35.51	19.1	41.63	29.27	15.65	9.49	28.16	16.64	34.99	23.35	5.83	41.23	27.31	32.14	35.51	11.18	35.44	18.11	22.14	38.59	16.03	31.91	25.63	17.46	28.65	30.53	29.53	20.12	6.32	33.54	35.36	31.38	16.4	25.5	15.23	2.24	23.02	7.62	10.63	15.0	42.95	15.81	16.12	31.02	23.6	5.39	35.13	30.0	24.04	15.26	12.53	31.95	40.02	33.11	29.27	35.06	24.7	33.73	8.06	24.19	9.0	37.95	8.49	26.17	32.89	0.0	18.11	12.37	10.82	15.26	15.65	14.21	6.08	13.89	11.18	21.1	30.08	32.65	36.88	23.0	
35.11	26.25	50.21	34.83	27.73	27.02	33.42	8.06	45.61	14.04	21.21	49.52	37.01	36.62	46.4	28.16	32.98	36.0	39.32	49.04	23.6	43.01	34.83	26.63	39.41	24.08	24.33	18.36	24.0	39.2	35.47	27.66	9.43	38.91	16.97	16.03	27.02	15.81	11.18	28.79	51.62	26.42	15.62	27.89	38.9	13.0	39.12	22.0	15.03	28.23	29.27	28.86	45.8	42.52	30.41	38.59	34.21	39.82	10.05	26.63	27.07	45.34	24.33	39.81	41.01	18.11	0.0	23.26	25.0	31.58	16.28	28.46	24.02	14.87	29.0	17.46	37.48	42.64	35.44	27.66	
24.7	7.07	29.53	17.03	4.47	10.82	16.0	17.26	23.43	20.4	7.0	29.07	15.26	20.0	24.08	9.9	25.55	18.03	18.68	27.02	4.47	20.52	13.42	5.1	17.03	23.6	22.02	13.42	10.44	21.21	24.35	22.67	16.12	15.65	9.22	12.08	11.7	7.81	12.08	6.0	30.89	3.61	11.18	22.02	16.12	12.81	23.0	24.19	20.62	5.1	10.0	22.8	27.66	21.1	18.38	23.02	12.53	21.38	15.56	13.42	13.42	25.63	6.71	16.55	20.62	12.37	23.26	0.0	4.24	10.77	10.2	6.08	11.4	10.0	12.81	15.23	17.72	20.81	26.4	11.4	
28.64	10.77	31.02	20.1	5.1	6.71	19.24	20.0	24.19	24.04	5.0	30.68	16.76	23.19	24.7	5.66	29.68	13.89	15.13	27.78	8.6	21.1	15.3	8.25	17.89	27.8	26.25	17.49	7.0	24.0	28.23	26.91	19.03	14.87	13.0	11.31	15.65	9.22	14.14	4.24	32.31	6.08	14.87	26.25	13.93	13.04	26.17	28.3	24.35	4.47	5.83	27.02	30.15	22.47	22.36	26.31	14.32	24.02	16.12	17.49	9.49	27.66	3.0	15.62	22.56	10.82	25.0	4.24	0.0	7.07	13.93	3.61	8.0	13.34	8.6	19.24	20.1	21.93	30.41	15.23	
33.02	15.56	30.27	22.85	8.49	6.4	22.36	27.02	22.56	31.05	10.44	30.15	17.12	26.0	22.8	4.24	34.71	7.81	8.06	25.96	14.42	19.42	16.49	12.73	17.03	34.13	32.45	24.17	9.22	25.96	32.45	32.65	26.08	11.7	19.92	16.55	20.52	16.03	21.02	5.66	31.4	10.63	21.84	31.89	8.49	18.97	28.79	34.89	31.32	7.07	2.83	32.56	31.26	22.02	27.02	29.15	15.52	25.71	22.14	22.63	8.94	28.02	7.28	12.08	23.09	15.26	31.58	10.77	7.07	0.0	20.88	5.0	9.9	20.4	6.32	26.0	21.59	21.1	35.0	19.85	
21.02	10.3	33.94	18.6	14.0	19.42	17.2	8.6	29.68	10.2	13.45	33.24	21.1	20.59	30.53	19.24	20.22	27.73	28.86	33.02	8.25	27.29	18.87	11.4	23.71	15.0	13.89	4.47	17.69	23.02	21.1	15.81	7.21	24.52	1.0	13.93	10.82	8.06	7.07	16.12	35.36	12.04	1.0	15.52	26.0	12.17	23.26	14.87	10.44	15.03	19.7	16.49	29.68	26.4	15.3	22.85	18.36	23.6	13.04	10.77	21.26	29.07	15.26	25.5	24.76	15.65	16.28	10.2	13.93	20.88	0.0	16.28	18.38	2.0	21.63	5.66	21.21	26.63	22.02	11.4	
28.3	10.63	28.16	18.68	3.61	8.0	18.03	23.09	21.02	26.48	8.49	27.89	14.14	21.84	21.47	6.08	29.83	12.73	12.65	24.6	9.43	17.89	13.0	7.81	14.87	29.15	27.46	19.31	9.49	22.2	27.78	27.66	22.02	11.31	15.3	14.87	15.62	12.65	17.46	1.0	29.41	5.66	17.26	26.91	10.44	16.64	24.74	29.97	26.68	2.24	5.39	27.59	28.0	19.65	22.2	25.0	12.0	22.09	19.72	17.69	11.0	25.18	5.83	12.04	20.1	14.21	28.46	6.08	3.61	5.0	16.28	0.0	10.44	16.03	9.22	21.19	18.03	18.97	30.23	15.0	
36.06	18.44	38.6	28.07	13.04	3.61	27.17	21.54	31.38	27.46	5.0	38.33	24.52	31.14	31.78	5.66	36.67	12.04	16.16	34.93	15.81	28.23	23.19	16.12	25.3	33.3	32.02	22.67	1.0	32.0	35.74	33.29	21.02	21.1	17.69	8.0	23.09	10.82	15.23	11.4	39.85	14.04	19.1	32.76	18.38	11.05	34.13	33.24	28.02	12.17	7.07	33.62	38.12	30.08	29.73	34.23	22.2	32.02	14.0	24.7	3.16	35.51	5.0	21.63	30.41	6.08	24.02	11.4	8.0	9.9	18.38	10.44	0.0	17.03	5.1	24.04	28.07	29.41	37.7	22.8	
23.02	11.4	35.38	20.25	14.14	18.36	18.87	7.62	30.81	10.77	12.21	34.71	22.2	22.36	31.62	18.38	22.2	26.93	28.44	34.21	8.94	28.3	20.0	12.08	24.7	16.64	15.65	6.32	16.4	24.7	23.09	17.72	6.32	25.0	2.24	12.08	12.53	6.4	5.1	16.0	36.8	12.37	2.24	17.46	26.08	10.2	25.08	16.28	11.18	15.03	18.97	18.44	31.38	27.66	17.26	24.7	19.42	25.24	11.05	12.65	20.0	30.61	14.32	25.96	26.17	13.89	14.87	10.0	13.34	20.4	2.0	16.03	17.03	0.0	20.59	7.21	22.67	27.8	24.02	13.04	
37.12	19.24	36.5	27.89	12.65	2.24	27.2	25.96	28.86	31.3	8.54	36.35	23.0	31.05	29.12	3.16	38.28	7.0	11.18	32.28	17.2	25.71	22.09	16.55	23.19	36.12	34.66	25.61	5.0	31.4	36.67	35.47	25.3	18.03	20.81	13.04	24.19	14.87	19.65	10.2	37.66	14.32	22.47	34.83	14.42	16.0	33.96	36.4	31.76	11.4	4.0	35.61	37.05	28.16	30.89	34.21	21.1	31.26	19.03	26.08	2.83	34.01	6.4	18.38	29.0	11.18	29.0	12.81	8.6	6.32	21.63	9.22	5.1	20.59	0.0	27.2	27.17	27.29	38.95	23.71	
17.72	13.04	34.41	18.6	18.44	25.0	17.2	9.49	31.38	6.32	19.1	33.6	23.09	19.8	32.31	24.7	16.03	33.12	33.84	34.44	12.17	29.41	20.88	15.03	25.96	9.43	8.54	2.0	23.35	22.67	18.03	11.05	8.25	28.02	6.4	19.24	11.18	13.6	11.4	20.88	35.81	16.28	5.0	11.0	30.27	17.09	22.02	9.22	6.08	19.65	25.06	12.0	29.0	27.73	13.04	21.4	20.62	23.43	17.26	10.0	26.91	29.21	20.81	29.02	25.55	21.1	17.46	15.23	19.24	26.0	5.66	21.19	24.04	7.21	27.2	0.0	21.95	28.23	18.25	12.08	
15.23	11.66	12.73	4.0	15.03	26.02	5.1	29.73	10.05	28.18	24.52	12.04	5.0	5.83	11.05	24.08	18.68	28.79	25.55	12.65	14.76	9.22	5.1	12.65	7.21	24.19	22.2	20.25	27.07	4.47	14.32	20.0	28.32	13.45	20.52	29.73	10.82	24.6	27.2	17.03	14.14	14.32	21.93	19.0	18.6	29.97	7.81	26.48	27.73	16.0	23.19	19.03	10.05	6.08	12.0	8.49	6.08	4.12	32.25	12.08	29.02	8.06	23.09	14.14	3.61	30.08	37.48	17.72	20.1	21.59	21.21	18.03	28.07	22.67	27.17	21.95	0.0	7.0	17.46	10.0	
21.84	16.4	9.22	11.0	17.0	26.68	12.04	35.23	3.16	34.54	26.83	9.06	5.66	12.37	4.12	24.52	25.5	27.17	22.8	6.4	19.1	2.83	7.81	16.28	4.12	31.14	29.15	26.4	28.46	9.85	20.88	27.0	33.84	10.2	25.81	32.76	17.09	28.43	31.83	18.03	10.44	17.2	27.46	26.0	15.52	33.6	13.42	33.38	34.18	17.46	23.35	26.02	11.66	1.41	19.0	14.32	8.49	8.94	36.24	18.68	29.61	7.62	24.7	10.44	4.47	32.65	42.64	20.81	21.93	21.1	26.63	18.97	29.41	27.8	27.29	28.23	7.0	0.0	24.04	16.16	
2.24	19.72	25.08	13.89	26.63	37.12	13.6	27.66	26.68	21.93	32.89	24.08	21.95	11.7	27.66	35.85	2.83	42.8	41.01	28.16	21.93	26.57	20.81	22.47	24.6	12.81	11.66	18.03	36.77	14.32	3.16	8.06	26.48	30.23	22.09	35.51	14.76	29.43	29.0	29.41	26.17	24.7	22.0	7.62	34.83	34.13	11.05	15.62	21.02	28.02	35.51	6.71	17.26	22.8	8.06	10.05	21.4	15.3	35.0	13.0	39.81	20.0	33.11	31.06	19.65	36.88	35.44	26.4	30.41	35.0	22.02	30.23	37.7	24.02	38.95	18.25	17.46	24.04	0.0	15.26	
13.42	4.47	22.67	7.21	11.4	21.93	5.83	19.8	19.31	18.38	18.25	21.93	11.18	9.49	20.25	20.59	14.87	27.66	26.4	22.36	7.07	17.46	9.06	7.21	14.14	16.28	14.32	10.3	21.84	11.66	13.0	13.42	18.38	17.46	10.82	22.09	1.0	16.28	17.89	14.21	24.08	9.43	12.04	12.53	21.02	21.59	12.37	18.03	18.03	12.81	20.25	13.04	18.36	15.65	7.21	12.17	9.0	12.21	23.41	3.16	24.7	17.69	18.03	18.44	13.6	23.0	27.66	11.4	15.23	19.85	11.4	15.0	22.8	13.04	23.71	12.08	10.0	16.16	15.26	0.0	
