90
0.0	33.62	17.69	13.04	11.4	4.24	6.32	12.65	23.0	18.03	9.85	31.26	37.66	35.9	13.34	15.3	32.56	18.6	16.0	21.95	8.0	33.62	16.28	10.77	29.21	6.4	23.43	18.11	13.6	31.05	33.96	11.4	11.4	18.25	29.21	13.0	17.49	7.21	5.0	31.02	30.0	24.08	34.93	14.76	35.74	34.21	31.32	6.71	2.0	25.5	35.36	17.12	17.46	9.49	35.17	22.2	7.62	5.0	13.0	33.84	24.19	21.4	11.18	18.03	16.28	41.15	15.03	17.0	18.36	8.6	35.0	19.31	8.06	10.05	17.03	17.09	11.4	10.77	31.58	24.19	21.21	20.81	18.25	28.6	11.18	9.22	18.38	4.24	7.21	31.02	
33.62	0.0	19.0	33.94	41.62	29.73	29.83	25.5	32.57	16.28	35.23	17.0	8.49	6.4	24.08	39.6	11.4	20.1	31.14	26.83	31.4	4.47	18.03	22.85	32.02	28.16	13.15	19.85	27.0	21.02	21.1	25.61	22.8	34.37	16.4	26.17	35.61	40.72	38.48	24.08	8.6	15.81	27.02	18.97	3.61	22.09	22.02	34.71	34.44	32.31	30.0	33.24	16.16	34.23	5.0	29.41	28.64	36.4	20.62	24.02	17.46	34.99	37.64	47.63	30.61	7.81	32.06	43.14	15.52	30.0	13.6	39.2	35.51	32.14	30.0	37.12	34.06	27.02	7.0	12.21	16.12	35.51	20.62	8.94	33.06	38.64	24.33	37.58	38.08	2.83	
17.69	19.0	0.0	24.52	28.3	13.45	12.21	17.0	15.62	4.24	16.49	25.5	25.71	23.54	16.03	29.41	15.0	2.24	12.37	25.0	13.0	17.46	10.77	9.22	32.89	11.31	6.32	16.16	8.0	27.66	29.7	16.03	6.71	15.81	11.66	18.0	28.16	24.76	22.63	29.41	13.0	6.4	33.6	6.08	22.09	30.41	28.43	16.55	19.21	30.81	35.51	14.56	7.21	15.52	22.36	12.73	10.82	18.87	8.0	31.24	20.0	30.02	26.0	34.99	24.0	25.5	13.15	32.31	5.66	18.68	26.42	31.4	17.09	13.34	24.02	18.25	15.13	17.12	20.25	15.62	3.61	30.0	17.09	11.7	14.14	20.25	6.4	21.93	20.12	17.12	
13.04	33.94	24.52	0.0	10.0	14.56	17.72	8.6	34.71	22.47	22.83	25.0	34.99	33.84	10.0	5.66	37.12	26.31	27.89	12.0	20.25	35.61	16.64	15.3	17.46	16.28	28.23	14.21	24.19	23.19	26.17	8.94	18.11	30.68	35.74	7.81	4.47	14.76	13.6	22.0	33.62	30.36	25.18	18.97	34.83	26.08	23.09	19.72	11.4	13.42	24.74	29.41	20.12	22.36	33.6	33.24	18.44	17.8	16.76	25.0	18.79	8.49	5.0	14.32	5.0	41.73	27.2	9.22	21.93	6.0	30.08	7.0	21.1	22.47	6.0	29.97	24.17	7.62	29.41	22.02	27.2	7.81	13.6	32.25	23.77	22.02	28.0	12.81	19.85	31.11	
11.4	41.62	28.3	10.0	0.0	15.23	17.72	16.55	34.13	27.66	20.02	34.71	43.86	42.49	17.89	7.21	42.64	29.53	27.17	22.0	19.24	42.52	23.6	19.85	26.93	17.46	33.42	22.85	25.0	33.14	36.12	16.12	21.63	29.0	39.96	16.16	12.65	7.62	8.06	32.0	39.62	34.67	35.13	24.08	43.05	36.06	33.06	17.0	9.49	22.8	34.53	28.02	26.17	20.0	42.06	33.54	18.97	14.04	21.93	35.0	28.16	17.09	5.0	6.71	15.0	49.41	26.08	6.71	27.59	11.66	39.56	12.21	18.03	21.1	16.0	27.17	22.0	14.76	38.01	30.41	31.62	16.16	22.47	38.21	22.02	17.46	29.73	8.0	15.3	38.83	
4.24	29.73	13.45	14.56	15.23	0.0	3.16	11.4	20.22	13.89	9.22	28.86	34.23	32.39	11.66	18.0	28.32	14.42	13.34	21.26	5.83	29.53	13.0	7.07	29.0	2.24	19.21	15.81	10.05	29.15	31.95	10.0	7.21	16.16	25.0	12.04	18.97	11.4	9.22	29.53	25.81	19.85	33.62	10.77	32.02	32.31	29.55	6.71	5.83	25.61	34.41	14.87	13.6	8.49	31.58	19.0	4.0	7.0	9.22	32.2	21.84	22.36	14.04	21.93	16.64	37.16	12.65	20.22	14.32	8.94	32.14	21.38	8.06	8.06	17.2	15.81	10.0	9.9	28.16	21.0	16.97	21.93	16.16	24.41	9.43	10.44	14.56	8.49	9.06	27.2	
6.32	29.83	12.21	17.72	17.72	3.16	0.0	14.14	17.12	13.6	6.71	30.68	35.01	33.06	14.21	21.02	27.2	12.73	10.2	24.04	2.83	29.15	14.32	8.25	31.89	2.24	18.36	17.89	7.28	31.3	34.01	12.73	7.07	13.0	23.35	14.87	22.14	12.81	10.82	31.91	25.06	18.44	36.06	11.05	32.39	34.44	31.76	5.0	8.25	28.6	37.01	11.7	14.04	5.83	32.14	16.03	1.41	6.71	10.05	34.48	23.77	25.5	17.0	24.35	19.72	37.0	9.49	23.09	14.32	12.08	33.54	24.52	6.08	5.0	20.25	12.81	7.07	12.81	29.0	22.2	15.81	25.08	18.36	23.71	6.4	9.0	12.08	10.3	8.25	27.46	
12.65	25.5	17.0	8.6	16.55	11.4	14.14	0.0	29.55	14.32	20.62	19.0	27.31	25.94	1.41	14.21	28.64	19.03	23.32	9.9	16.97	27.02	8.06	8.25	17.8	12.04	19.92	6.32	18.79	18.44	21.38	1.41	11.4	26.63	27.66	1.0	11.4	18.0	16.03	18.38	25.06	22.36	22.36	11.05	26.63	21.59	18.68	18.03	12.17	14.76	23.02	25.24	11.7	19.85	25.55	27.51	14.21	17.46	9.0	21.19	12.04	13.04	12.21	22.2	7.0	33.3	23.02	17.69	13.6	5.1	23.35	14.87	19.42	19.1	7.07	26.91	21.21	2.0	21.47	13.89	19.24	13.0	6.08	23.71	20.52	21.47	21.59	15.03	19.7	22.67	
23.0	32.57	15.62	34.71	34.13	20.22	17.12	29.55	0.0	19.85	14.56	41.11	40.31	38.08	29.07	38.12	24.02	13.6	7.0	38.95	15.0	29.61	25.61	21.47	47.01	18.44	19.7	30.81	10.77	43.14	45.28	28.23	18.36	5.83	18.0	30.46	39.05	27.66	26.31	44.69	24.52	16.76	48.92	20.62	36.06	45.97	43.86	17.26	25.0	44.28	50.61	6.32	22.63	14.32	36.77	3.16	16.28	20.4	21.63	46.69	35.38	42.06	34.06	40.45	36.06	37.34	8.06	40.0	21.26	28.86	41.88	41.59	16.49	13.04	36.4	9.22	12.37	28.79	35.36	31.24	17.0	41.76	31.62	23.77	12.17	18.38	9.22	26.17	19.92	31.38	
18.03	16.28	4.24	22.47	27.66	13.89	13.6	14.32	19.85	0.0	19.03	21.26	22.2	20.1	13.15	27.73	15.0	6.4	16.16	21.38	15.13	15.65	7.07	7.81	29.12	12.08	5.83	12.37	11.4	23.43	25.46	13.6	6.71	19.7	13.34	15.3	25.71	25.24	23.02	25.24	12.04	8.06	29.41	3.61	19.03	26.17	24.21	18.44	19.21	27.29	31.38	18.38	3.16	18.03	19.03	16.97	12.37	20.25	5.83	27.02	15.81	27.07	24.7	34.21	21.21	23.41	16.76	30.89	1.41	17.0	22.36	29.12	19.24	16.0	21.1	21.84	18.03	14.87	16.49	11.4	5.0	27.17	13.34	10.63	17.03	22.36	10.63	22.2	21.84	14.04	
9.85	35.23	16.49	22.83	20.02	9.22	6.71	20.62	14.56	19.03	0.0	37.34	41.05	39.01	20.81	25.0	30.87	16.16	8.06	30.48	4.12	33.96	20.88	14.87	38.18	8.94	22.8	24.6	8.94	38.01	40.72	19.21	13.15	9.06	26.08	21.26	27.29	13.15	12.0	38.59	29.41	21.93	42.72	17.12	38.05	41.15	38.47	3.16	11.7	34.71	43.6	8.25	20.1	1.0	38.0	14.76	7.28	6.0	16.49	41.18	30.46	31.06	20.88	26.08	25.61	41.98	6.71	26.31	20.0	17.8	40.02	29.15	2.0	3.16	26.25	7.28	2.24	19.1	35.13	28.64	19.92	30.53	25.06	28.16	2.83	4.24	13.6	12.04	5.39	33.06	
31.26	17.0	25.5	25.0	34.71	28.86	30.68	19.0	41.11	21.26	37.34	0.0	12.53	12.65	18.03	30.08	26.93	27.59	36.89	13.89	33.24	21.1	16.55	22.47	16.12	28.46	23.02	13.15	31.91	4.12	4.47	20.02	24.6	40.5	29.97	19.03	24.6	37.0	35.01	7.28	23.09	26.63	10.05	21.1	15.3	5.39	5.1	35.44	31.06	17.69	13.0	39.12	18.6	36.4	13.34	38.21	30.08	35.69	21.02	7.07	7.07	22.2	29.83	39.22	20.25	22.8	37.22	33.62	19.85	24.02	5.66	27.78	36.69	34.93	19.31	42.06	37.16	21.0	10.0	9.9	24.84	23.02	13.04	22.47	36.25	39.29	31.89	34.01	37.85	15.13	
37.66	8.49	25.71	34.99	43.86	34.23	35.01	27.31	40.31	22.2	41.05	12.53	0.0	2.24	26.0	40.5	19.85	27.2	38.08	25.46	37.01	12.81	21.38	27.17	28.65	33.06	20.62	21.02	33.54	16.55	15.52	27.86	28.0	41.48	24.84	27.73	35.61	44.38	42.2	19.7	17.03	23.71	21.59	24.0	5.0	16.49	17.46	40.01	38.08	30.0	24.74	40.26	21.0	40.05	3.61	37.16	34.0	41.19	25.08	18.68	16.4	33.94	39.36	49.24	30.81	11.0	38.83	44.1	21.1	32.31	7.28	39.05	41.0	38.12	30.0	43.93	40.2	29.15	6.08	13.6	23.41	34.66	21.47	17.2	39.2	44.01	31.62	41.23	43.1	8.94	
35.9	6.4	23.54	33.84	42.49	32.39	33.06	25.94	38.08	20.1	39.01	12.65	2.24	0.0	24.6	39.41	17.8	25.0	35.9	24.84	35.0	10.82	19.65	25.32	28.64	31.14	18.38	19.72	31.4	16.76	16.12	26.4	26.02	39.29	22.67	26.42	34.71	42.72	40.52	19.92	14.87	21.47	22.2	22.02	3.16	17.12	17.72	38.05	36.4	29.68	25.32	38.08	19.03	38.01	1.41	34.93	32.02	39.32	23.19	19.24	15.56	33.3	38.08	48.02	29.83	10.2	36.67	43.01	19.03	30.87	8.0	38.21	39.01	36.06	29.07	41.77	38.12	27.73	4.47	12.08	21.19	33.97	20.25	15.0	37.12	42.05	29.41	39.56	41.19	6.71	
13.34	24.08	16.03	10.0	17.89	11.66	14.21	1.41	29.07	13.15	20.81	18.03	26.0	24.6	0.0	15.62	27.31	18.11	23.02	10.0	17.03	25.61	6.71	7.62	18.03	12.04	18.68	5.1	18.36	17.72	20.62	2.0	10.77	26.4	26.48	2.24	12.65	19.03	17.0	17.89	23.71	21.21	21.95	10.0	25.24	20.88	18.03	18.36	13.04	15.23	22.8	25.0	10.44	20.0	24.19	26.93	14.14	18.03	8.06	20.62	11.0	14.0	13.6	23.6	8.06	31.89	22.8	19.1	12.37	6.32	22.2	16.16	19.72	19.1	8.0	26.87	21.26	3.16	20.12	12.53	18.11	14.04	5.0	22.36	20.52	21.93	20.88	16.0	20.25	21.26	
15.3	39.6	29.41	5.66	7.21	18.0	21.02	14.21	38.12	27.73	25.0	30.08	40.5	39.41	15.62	0.0	42.54	31.05	31.14	16.49	23.19	41.23	22.2	20.25	20.22	20.02	33.54	19.85	28.02	27.89	30.81	14.42	22.8	33.54	40.85	13.45	6.0	14.21	13.89	26.31	39.12	35.47	29.02	24.17	40.46	30.59	27.66	21.84	13.34	16.12	28.07	32.39	25.55	24.74	39.2	37.0	22.0	19.31	21.93	29.27	24.19	10.2	4.12	9.22	9.85	47.38	30.27	3.61	27.29	10.77	35.34	5.0	23.09	25.32	10.77	32.28	26.68	13.04	35.0	27.66	32.31	9.22	19.21	37.74	26.48	23.26	32.25	13.42	21.02	36.77	
32.56	11.4	15.0	37.12	42.64	28.32	27.2	28.64	24.02	15.0	30.87	26.93	19.85	17.8	27.31	42.54	0.0	14.76	24.74	33.38	27.78	7.07	20.62	22.8	40.01	26.25	9.22	24.74	21.93	30.59	31.32	28.18	21.21	27.29	6.08	29.55	39.92	39.7	37.54	33.38	4.0	8.94	36.88	18.6	14.87	32.28	31.58	31.38	33.94	39.32	39.62	26.48	17.0	29.97	16.4	21.0	25.81	33.84	20.81	33.96	25.0	40.52	39.66	49.2	35.11	13.6	25.96	45.79	15.26	31.91	24.6	43.46	31.76	27.73	34.79	30.59	29.15	29.53	17.46	19.0	11.4	40.8	25.71	5.1	28.23	34.89	17.72	36.8	34.99	12.08	
18.6	20.1	2.24	26.31	29.53	14.42	12.73	19.03	13.6	6.4	16.16	27.59	27.2	25.0	18.11	31.05	14.76	0.0	11.05	27.2	13.04	18.11	13.0	11.05	35.11	12.21	7.0	18.38	7.28	29.83	31.83	18.0	8.25	14.32	10.63	20.02	30.07	25.5	23.43	31.62	13.34	5.83	35.81	8.25	23.35	32.56	30.61	16.64	20.25	32.98	37.74	13.15	9.43	15.23	23.77	10.63	11.31	19.21	10.05	33.42	22.2	32.06	27.51	36.24	26.02	26.17	12.0	33.84	7.81	20.4	28.3	33.24	17.0	13.0	26.08	17.03	14.56	19.03	21.93	17.69	4.0	32.02	19.31	12.17	13.6	20.12	4.47	22.8	20.25	18.44	
16.0	31.14	12.37	27.89	27.17	13.34	10.2	23.32	7.0	16.16	8.06	36.89	38.08	35.9	23.02	31.14	24.74	11.05	0.0	33.02	8.0	29.02	20.62	15.62	41.05	11.7	18.03	25.46	5.0	38.42	40.8	21.95	12.73	3.61	19.31	24.19	32.28	20.88	19.42	39.62	24.08	16.12	43.86	15.81	34.37	41.4	39.05	10.44	18.0	38.08	45.28	2.24	18.36	7.62	34.71	6.71	9.49	13.6	16.28	41.87	30.61	35.47	27.07	33.54	29.55	37.05	1.41	33.0	17.46	22.14	38.48	34.71	9.85	6.08	29.97	6.0	5.83	22.36	32.57	27.29	15.03	35.11	26.17	23.02	5.39	12.21	7.07	19.24	13.42	29.43	
21.95	26.83	25.0	12.0	22.0	21.26	24.04	9.9	38.95	21.38	30.48	13.89	25.46	24.84	10.0	16.49	33.38	27.2	33.02	0.0	26.87	29.73	14.32	17.49	8.06	21.93	26.02	9.06	28.3	11.4	14.32	11.31	20.59	36.4	34.01	9.22	10.77	25.96	24.35	10.0	29.43	29.15	13.34	18.97	26.63	14.14	11.18	27.8	21.02	6.0	13.42	35.0	18.25	29.73	25.0	36.67	24.08	26.93	17.46	13.0	9.43	8.49	17.0	25.71	7.0	34.13	32.8	19.92	20.22	13.42	19.42	13.89	29.21	29.0	6.0	36.8	31.11	11.4	20.81	14.87	26.31	9.22	8.06	28.28	30.41	31.06	30.46	23.41	29.15	24.17	
8.0	31.4	13.0	20.25	19.24	5.83	2.83	16.97	15.0	15.13	4.12	33.24	37.01	35.0	17.03	23.19	27.78	13.04	8.0	26.87	0.0	30.36	16.76	10.77	34.71	5.0	19.31	20.59	6.4	34.0	36.67	15.56	9.06	10.44	23.43	17.69	24.7	13.42	11.7	34.67	26.0	18.87	38.83	13.04	34.13	37.12	34.48	3.61	10.0	31.4	39.82	9.22	16.03	3.16	34.01	14.32	3.16	6.4	12.37	37.22	26.4	28.18	19.1	25.71	22.47	38.33	7.07	25.0	16.03	14.76	35.9	26.93	4.12	2.24	23.02	10.0	4.24	15.62	31.06	24.52	16.55	27.73	21.1	24.7	3.61	7.28	11.4	11.4	7.21	29.15	
33.62	4.47	17.46	35.61	42.52	29.53	29.15	27.02	29.61	15.65	33.96	21.1	12.81	10.82	25.61	41.23	7.07	18.11	29.02	29.73	30.36	0.0	19.1	23.02	35.51	27.73	11.18	21.95	25.32	25.02	25.32	26.91	22.36	32.02	12.53	27.8	37.74	40.82	38.59	28.0	5.1	13.04	31.14	18.87	7.81	26.31	26.02	33.84	34.67	35.44	34.06	31.0	16.4	32.98	9.43	26.48	27.86	35.85	20.81	28.16	20.62	37.58	38.9	48.8	32.76	8.06	30.07	44.69	15.26	31.11	18.03	41.34	34.48	30.81	32.25	35.01	32.56	28.32	11.18	14.87	14.14	38.01	22.83	6.0	31.58	37.64	22.0	37.74	37.34	6.0	
16.28	18.03	10.77	16.64	23.6	13.0	14.32	8.06	25.61	7.07	20.88	16.55	21.38	19.65	6.71	22.2	20.62	13.0	20.62	14.32	16.76	19.1	0.0	6.08	22.14	12.17	12.17	5.39	15.62	17.8	20.25	7.81	8.06	24.21	20.1	8.94	19.31	23.09	20.88	19.1	17.0	15.0	23.35	5.0	19.7	20.81	18.44	19.24	16.76	20.22	25.0	22.8	4.0	19.92	18.97	23.02	13.6	20.0	4.47	21.26	10.0	20.22	19.8	29.73	14.56	25.81	20.81	25.61	6.0	12.04	19.24	22.85	20.4	18.38	14.32	25.55	20.62	9.22	15.3	8.0	12.04	20.4	6.32	15.65	19.7	23.19	16.64	19.92	22.02	15.26	
10.77	22.85	9.22	15.3	19.85	7.07	8.25	8.25	21.47	7.81	14.87	22.47	27.17	25.32	7.62	20.25	22.8	11.05	15.62	17.49	10.77	23.02	6.08	0.0	25.55	6.08	13.6	10.0	10.82	23.32	25.94	7.07	3.16	19.1	20.62	9.22	19.03	17.89	15.65	24.21	19.8	15.23	28.43	4.24	25.0	26.42	23.85	13.15	11.66	22.85	29.7	17.69	6.71	13.93	24.52	19.31	7.62	14.04	2.24	26.63	15.65	21.21	17.0	26.4	15.13	30.41	15.56	23.26	7.81	9.49	25.32	22.2	14.32	12.53	15.3	20.0	14.76	8.0	21.1	14.04	12.08	21.1	10.63	18.38	13.89	17.12	13.34	14.76	16.0	20.25	
29.21	32.02	32.89	17.46	26.93	29.0	31.89	17.8	47.01	29.12	38.18	16.12	28.65	28.64	18.03	20.22	40.01	35.11	41.05	8.06	34.71	35.51	22.14	25.55	0.0	29.83	33.38	16.76	36.36	12.21	14.14	19.21	28.65	44.41	41.3	17.03	14.32	32.2	30.89	9.22	36.01	36.67	9.85	26.93	31.02	13.45	11.4	35.38	28.02	4.12	8.06	43.01	25.96	37.48	29.15	44.72	32.02	34.21	25.5	11.4	15.03	10.05	22.14	29.02	13.04	38.63	40.8	23.02	27.89	20.62	21.63	16.0	36.8	36.88	12.21	44.69	38.95	19.1	25.3	21.02	33.96	11.05	15.81	35.0	38.29	38.42	38.48	30.02	36.4	29.61	
6.4	28.16	11.31	16.28	17.46	2.24	2.24	12.04	18.44	12.08	8.94	28.46	33.06	31.14	12.04	20.02	26.25	12.21	11.7	21.93	5.0	27.73	12.17	6.08	29.83	0.0	17.2	15.65	8.0	29.07	31.78	10.63	5.39	14.76	22.8	12.81	20.62	13.45	11.31	29.68	23.85	17.69	33.84	9.22	30.59	32.2	29.53	7.07	8.06	26.63	34.83	13.42	12.17	8.06	30.27	17.03	2.24	8.25	8.0	32.25	21.54	23.77	16.12	24.17	17.89	35.47	11.18	22.36	12.65	10.44	31.4	23.19	8.25	7.07	18.36	14.87	9.22	10.82	27.02	20.1	14.87	23.41	16.12	22.47	8.49	11.05	12.37	10.63	10.05	25.71	
23.43	13.15	6.32	28.23	33.42	19.21	18.36	19.92	19.7	5.83	22.8	23.02	20.62	18.38	18.68	33.54	9.22	7.0	18.03	26.02	19.31	11.18	12.17	13.6	33.38	17.2	0.0	17.0	14.14	25.94	27.46	19.31	12.04	21.21	8.0	20.88	31.32	30.61	28.43	28.23	6.71	3.61	32.2	9.43	16.49	28.3	26.83	22.85	24.76	32.02	34.54	20.1	8.25	21.84	17.09	16.55	17.0	25.06	11.66	29.53	18.97	32.39	30.53	40.0	26.68	19.24	19.0	36.72	6.32	22.83	22.67	34.79	23.41	19.65	26.48	24.02	21.38	20.62	15.81	13.42	3.0	32.56	18.0	5.39	20.4	26.57	11.18	27.66	26.4	11.7	
18.11	19.85	16.16	14.21	22.85	15.81	17.89	6.32	30.81	12.37	24.6	13.15	21.02	19.72	5.1	19.85	24.74	18.38	25.46	9.06	20.59	21.95	5.39	10.0	16.76	15.65	17.0	0.0	20.52	13.42	16.16	7.07	12.73	29.0	25.0	6.71	15.81	24.08	22.02	14.21	20.88	20.1	18.44	10.3	20.62	16.55	13.89	22.47	18.0	15.03	19.85	27.59	9.22	23.71	19.42	28.3	17.49	22.56	9.22	16.64	6.08	15.81	18.36	28.3	10.82	27.59	25.5	23.43	11.18	11.4	17.12	19.42	23.77	22.47	10.3	30.0	24.7	8.25	15.26	7.81	17.26	16.16	1.0	19.65	23.85	26.25	21.95	21.02	24.74	17.03	
13.6	27.0	8.0	24.19	25.0	10.05	7.28	18.79	10.77	11.4	8.94	31.91	33.54	31.4	18.36	28.02	21.93	7.28	5.0	28.3	6.4	25.32	15.62	10.82	36.36	8.0	14.14	20.52	0.0	33.42	35.81	17.46	7.81	8.6	17.2	19.7	28.44	19.72	17.89	34.66	20.62	13.0	38.9	10.82	30.07	36.4	34.06	9.9	15.52	33.54	40.36	7.21	13.42	8.06	30.27	9.06	6.08	12.81	11.31	36.88	25.61	31.32	24.08	31.62	25.3	33.38	5.39	30.27	12.65	18.25	33.62	31.14	10.0	5.83	25.63	10.44	7.28	18.03	27.89	22.36	11.18	31.05	21.26	19.42	6.32	13.04	5.0	17.46	13.45	25.08	
31.05	21.02	27.66	23.19	33.14	29.15	31.3	18.44	43.14	23.43	38.01	4.12	16.55	16.76	17.72	27.89	30.59	29.83	38.42	11.4	34.0	25.02	17.8	23.32	12.21	29.07	25.94	13.42	33.42	0.0	3.0	19.65	25.81	42.01	33.24	18.25	22.14	36.22	34.37	3.16	26.68	29.53	6.32	22.67	19.42	3.16	1.0	35.85	30.59	14.21	9.06	40.61	20.52	37.12	17.46	40.36	30.89	35.74	22.2	3.61	7.81	19.24	28.16	37.11	18.25	26.93	38.6	31.32	22.02	23.19	9.43	25.08	37.16	35.85	17.26	43.27	38.08	20.4	14.04	12.53	27.46	20.12	13.0	25.96	37.22	39.56	33.97	33.38	37.95	19.03	
33.96	21.1	29.7	26.17	36.12	31.95	34.01	21.38	45.28	25.46	40.72	4.47	15.52	16.12	20.62	30.81	31.32	31.83	40.8	14.32	36.67	25.32	20.25	25.94	14.14	31.78	27.46	16.16	35.81	3.0	0.0	22.56	28.3	44.41	34.44	21.21	25.0	39.2	37.34	5.0	27.51	31.06	6.08	25.0	19.03	1.0	3.16	38.63	33.54	16.64	9.22	43.01	22.67	39.81	17.03	42.43	33.54	38.6	24.7	3.16	10.3	21.93	31.14	40.02	21.21	26.31	41.05	34.21	24.04	26.17	8.25	27.86	39.92	38.47	20.22	45.79	40.71	23.35	14.14	14.21	29.21	22.85	15.81	26.93	39.82	42.38	36.07	36.35	40.8	19.42	
11.4	25.61	16.03	8.94	16.12	10.0	12.73	1.41	28.23	13.6	19.21	20.02	27.86	26.4	2.0	14.42	28.18	18.0	21.95	11.31	15.56	26.91	7.81	7.07	19.21	10.63	19.31	7.07	17.46	19.65	22.56	0.0	10.2	25.24	26.93	2.24	12.17	17.03	15.0	19.7	24.7	21.59	23.71	10.2	26.93	22.8	19.92	16.64	11.05	16.12	24.41	23.85	11.18	18.44	25.94	26.25	12.81	16.16	8.06	22.47	13.0	14.14	12.04	22.02	8.06	33.42	21.63	17.8	13.0	4.47	24.19	15.52	18.03	17.69	8.25	25.5	19.8	1.41	21.93	14.32	18.44	14.04	7.0	23.32	19.1	20.12	20.4	14.0	18.38	22.8	
11.4	22.8	6.71	18.11	21.63	7.21	7.07	11.4	18.36	6.71	13.15	24.6	28.0	26.02	10.77	22.8	21.21	8.25	12.73	20.59	9.06	22.36	8.06	3.16	28.65	5.39	12.04	12.73	7.81	25.81	28.3	10.2	0.0	16.28	18.36	12.37	22.0	18.6	16.4	26.91	18.6	13.04	31.14	4.0	25.32	28.84	26.4	12.04	12.73	26.0	32.56	14.87	7.0	12.17	25.08	16.16	6.0	13.6	3.61	29.21	18.03	24.33	19.31	28.3	18.25	30.08	12.81	25.63	7.28	12.17	26.93	25.08	13.0	10.44	18.44	17.49	12.65	11.05	22.02	15.52	10.0	24.19	13.45	17.2	11.7	16.03	10.2	15.62	15.3	20.4	
18.25	34.37	15.81	30.68	29.0	16.16	13.0	26.63	5.83	19.7	9.06	40.5	41.48	39.29	26.4	33.54	27.29	14.32	3.61	36.4	10.44	32.02	24.21	19.1	44.41	14.76	21.21	29.0	8.6	42.01	44.41	25.24	16.28	0.0	21.59	27.46	35.11	22.2	21.02	43.19	27.0	19.0	47.42	19.42	37.66	45.0	42.64	12.0	20.22	41.34	48.8	1.41	21.95	9.0	38.08	7.21	12.53	15.03	19.85	45.45	34.21	38.48	29.43	35.13	32.65	40.0	3.61	35.13	21.02	25.08	42.05	37.36	11.05	8.25	33.12	3.61	7.0	25.55	36.06	30.89	18.25	38.08	29.7	26.02	7.07	12.65	10.05	21.0	14.32	32.76	
29.21	16.4	11.66	35.74	39.96	25.0	23.35	27.66	18.0	13.34	26.08	29.97	24.84	22.67	26.48	40.85	6.08	10.63	19.31	34.01	23.43	12.53	20.1	20.62	41.3	22.8	8.0	25.0	17.2	33.24	34.44	26.93	18.36	21.59	0.0	28.64	39.05	36.12	34.06	35.74	7.81	5.39	39.56	16.76	20.0	35.34	34.18	27.02	30.81	40.01	42.06	20.88	16.12	25.24	21.26	15.03	21.93	29.73	18.97	36.77	26.68	40.31	37.58	46.65	34.53	19.65	20.62	43.86	14.14	30.08	28.6	42.45	27.2	23.02	34.37	25.0	24.19	28.16	21.4	20.88	8.54	40.45	26.0	7.81	23.32	30.23	12.53	33.42	30.61	16.28	
13.0	26.17	18.0	7.81	16.16	12.04	14.87	1.0	30.46	15.3	21.26	19.03	27.73	26.42	2.24	13.45	29.55	20.02	24.19	9.22	17.69	27.8	8.94	9.22	17.03	12.81	20.88	6.71	19.7	18.25	21.21	2.24	12.37	27.46	28.64	0.0	10.44	18.03	16.12	18.03	25.94	23.35	21.93	12.04	27.2	21.38	18.44	18.6	12.37	13.89	22.47	26.08	12.65	20.52	26.08	28.46	15.0	17.89	10.0	20.88	12.17	12.04	11.66	21.63	6.0	33.97	23.85	16.97	14.56	5.0	23.54	13.93	20.0	19.85	6.08	27.66	21.93	2.24	21.95	14.42	20.22	12.0	6.32	24.6	21.26	21.95	22.56	15.13	20.12	23.35	
17.49	35.61	28.16	4.47	12.65	18.97	22.14	11.4	39.05	25.71	27.29	24.6	35.61	34.71	12.65	6.0	39.92	30.07	32.28	10.77	24.7	37.74	19.31	19.03	14.32	20.62	31.32	15.81	28.44	22.14	25.0	12.17	22.0	35.11	39.05	10.44	0.0	18.6	17.69	20.4	36.25	33.73	23.02	22.36	36.07	24.74	21.84	24.19	15.81	10.2	22.09	33.84	23.09	26.83	34.66	37.48	22.8	22.2	20.22	23.35	19.21	4.47	8.06	15.13	5.0	43.28	31.62	9.22	25.0	10.2	30.02	3.61	25.55	26.93	5.66	34.44	28.64	11.05	30.41	23.43	30.59	3.61	15.0	34.93	28.23	26.4	32.06	16.97	24.21	32.8	
7.21	40.72	24.76	14.76	7.62	11.4	12.81	18.0	27.66	25.24	13.15	37.0	44.38	42.72	19.03	14.21	39.7	25.5	20.88	25.96	13.42	40.82	23.09	17.89	32.2	13.45	30.61	24.08	19.72	36.22	39.2	17.03	18.6	22.2	36.12	18.03	18.6	0.0	2.24	35.69	37.2	31.11	39.29	21.95	42.72	39.32	36.35	10.44	6.32	28.18	39.22	21.38	24.6	13.34	42.06	27.51	14.21	7.28	20.12	38.64	30.02	23.02	10.63	13.0	19.31	48.3	19.65	14.32	25.55	13.04	41.19	19.1	11.18	14.87	20.25	20.0	15.3	16.0	38.33	30.81	28.32	22.2	24.02	35.81	15.52	10.05	24.7	3.16	8.0	38.08	
5.0	38.48	22.63	13.6	8.06	9.22	10.82	16.03	26.31	23.02	12.0	35.01	42.2	40.52	17.0	13.89	37.54	23.43	19.42	24.35	11.7	38.59	20.88	15.65	30.89	11.31	28.43	22.02	17.89	34.37	37.34	15.0	16.4	21.02	34.06	16.12	17.69	2.24	0.0	33.96	35.0	29.0	37.64	19.72	40.5	37.48	34.53	9.06	4.12	26.93	37.7	20.1	22.36	12.04	39.85	25.96	12.21	6.0	17.89	36.88	28.0	22.02	10.0	14.14	17.89	46.07	18.25	14.56	23.32	11.18	39.12	18.6	10.0	13.34	18.79	19.1	14.04	14.04	36.14	28.64	26.17	21.26	22.0	33.6	14.14	9.49	22.83	1.0	7.28	35.85	
31.02	24.08	29.41	22.0	32.0	29.53	31.91	18.38	44.69	25.24	38.59	7.28	19.7	19.92	17.89	26.31	33.38	31.62	39.62	10.0	34.67	28.0	19.1	24.21	9.22	29.68	28.23	14.21	34.66	3.16	5.0	19.7	26.91	43.19	35.74	18.03	20.4	35.69	33.96	0.0	29.43	31.78	4.24	24.08	22.56	4.47	2.24	36.24	30.36	11.66	6.32	41.77	22.2	37.74	20.62	42.01	31.62	35.85	23.35	3.0	9.43	17.09	27.0	35.51	17.0	30.08	39.7	29.61	23.85	22.8	12.53	23.09	37.59	36.62	16.0	44.2	38.83	20.25	17.12	14.87	29.53	18.03	13.6	28.64	38.01	39.81	35.61	32.98	38.08	22.0	
30.0	8.6	13.0	33.62	39.62	25.81	25.06	25.06	24.52	12.04	29.41	23.09	17.03	14.87	23.71	39.12	4.0	13.34	24.08	29.43	26.0	5.1	17.0	19.8	36.01	23.85	6.71	20.88	20.62	26.68	27.51	24.7	18.6	27.0	7.81	25.94	36.25	37.2	35.0	29.43	0.0	8.0	32.98	15.56	12.21	28.46	27.66	29.55	31.24	35.36	35.69	26.02	13.6	28.46	13.45	21.38	23.71	31.76	17.69	30.08	21.0	36.69	36.4	46.1	31.38	13.0	25.18	42.44	12.04	28.6	21.1	39.81	30.08	26.25	31.02	30.07	27.89	26.08	13.89	15.0	9.49	37.0	21.84	1.41	26.93	33.24	17.03	34.21	33.11	8.6	
24.08	15.81	6.4	30.36	34.67	19.85	18.44	22.36	16.76	8.06	21.93	26.63	23.71	21.47	21.21	35.47	8.94	5.83	16.12	29.15	18.87	13.04	15.0	15.23	36.67	17.69	3.61	20.1	13.0	29.53	31.06	21.59	13.04	19.0	5.39	23.35	33.73	31.11	29.0	31.78	8.0	0.0	35.78	11.4	19.31	31.91	30.41	22.47	25.61	35.13	38.08	18.03	11.0	21.02	20.12	13.6	17.03	25.0	13.6	33.12	22.47	35.13	32.2	41.34	29.27	21.0	17.26	38.48	9.0	24.7	26.17	37.11	22.83	18.79	29.15	22.09	20.25	22.8	19.21	17.0	3.16	35.23	21.1	7.07	19.31	25.94	9.06	28.32	26.08	14.76	
34.93	27.02	33.6	25.18	35.13	33.62	36.06	22.36	48.92	29.41	42.72	10.05	21.59	22.2	21.95	29.02	36.88	35.81	43.86	13.34	38.83	31.14	23.35	28.43	9.85	33.84	32.2	18.44	38.9	6.32	6.08	23.71	31.14	47.42	39.56	21.93	23.02	39.29	37.64	4.24	32.98	35.78	0.0	28.32	25.08	5.1	5.39	40.31	34.18	13.34	3.16	46.01	26.4	41.88	23.09	46.23	35.81	39.81	27.59	3.0	13.6	19.24	30.15	38.12	20.22	32.39	43.93	32.14	28.02	26.57	14.32	25.32	41.68	40.8	19.24	48.41	43.01	24.17	20.02	18.79	33.62	20.22	17.8	32.28	42.2	43.83	39.82	36.69	42.05	25.18	
14.76	18.97	6.08	18.97	24.08	10.77	11.05	11.05	20.62	3.61	17.12	21.1	24.0	22.02	10.0	24.17	18.6	8.25	15.81	18.97	13.04	18.87	5.0	4.24	26.93	9.22	9.43	10.3	10.82	22.67	25.0	10.2	4.0	19.42	16.76	12.04	22.36	21.95	19.72	24.08	15.56	11.4	28.32	0.0	21.38	25.61	23.35	16.03	15.81	24.74	30.0	18.03	3.0	16.12	21.1	18.03	10.0	17.46	2.24	26.17	14.87	24.0	21.1	30.61	18.03	26.4	16.12	27.29	3.61	13.42	23.09	25.71	17.0	14.32	18.0	21.02	16.49	11.4	18.03	11.7	8.25	24.02	11.18	14.14	15.52	20.02	11.66	18.87	19.24	16.49	
35.74	3.61	22.09	34.83	43.05	32.02	32.39	26.63	36.06	19.03	38.05	15.3	5.0	3.16	25.24	40.46	14.87	23.35	34.37	26.63	34.13	7.81	19.7	25.0	31.02	30.59	16.49	20.62	30.07	19.42	19.03	26.93	25.32	37.66	20.0	27.2	36.07	42.72	40.5	22.56	12.21	19.31	25.08	21.38	0.0	20.02	20.4	37.34	36.4	31.76	28.16	36.5	18.44	37.05	2.0	32.89	31.26	38.83	22.8	22.09	17.2	35.0	38.83	48.83	31.11	7.62	35.23	44.05	18.11	31.38	11.05	39.62	38.21	35.01	30.41	40.31	37.0	28.3	5.83	12.81	19.42	35.61	21.26	12.53	36.0	41.3	27.66	39.56	40.61	5.0	
34.21	22.09	30.41	26.08	36.06	32.31	34.44	21.59	45.97	26.17	41.15	5.39	16.49	17.12	20.88	30.59	32.28	32.56	41.4	14.14	37.12	26.31	20.81	26.42	13.45	32.2	28.3	16.55	36.4	3.16	1.0	22.8	28.84	45.0	35.34	21.38	24.74	39.32	37.48	4.47	28.46	31.91	5.1	25.61	20.02	0.0	3.0	39.0	33.73	16.12	8.25	43.6	23.35	40.25	18.03	43.14	34.0	38.9	25.24	2.24	10.82	21.54	31.06	39.81	21.1	27.29	41.62	33.96	24.76	26.31	9.22	27.51	40.31	38.95	20.1	46.32	41.18	23.54	15.13	15.0	30.0	22.47	16.16	27.86	40.31	42.72	36.77	36.5	41.11	20.4	
31.32	22.02	28.43	23.09	33.06	29.55	31.76	18.68	43.86	24.21	38.47	5.1	17.46	17.72	18.03	27.66	31.58	30.61	39.05	11.18	34.48	26.02	18.44	23.85	11.4	29.53	26.83	13.89	34.06	1.0	3.16	19.92	26.4	42.64	34.18	18.44	21.84	36.35	34.53	2.24	27.66	30.41	5.39	23.35	20.4	3.0	0.0	36.25	30.81	13.6	8.06	41.23	21.26	37.59	18.44	41.11	31.38	36.06	22.8	2.83	8.49	18.79	28.07	36.88	18.11	27.89	39.2	31.05	22.8	23.35	10.3	24.7	37.58	36.36	17.12	43.83	38.59	20.62	15.03	13.42	28.3	19.7	13.42	26.93	37.74	39.92	34.71	33.54	38.28	20.02	
6.71	34.71	16.55	19.72	17.0	6.71	5.0	18.03	17.26	18.44	3.16	35.44	40.01	38.05	18.36	21.84	31.38	16.64	10.44	27.8	3.61	33.84	19.24	13.15	35.38	7.07	22.85	22.47	9.9	35.85	38.63	16.64	12.04	12.0	27.02	18.6	24.19	10.44	9.06	36.24	29.55	22.47	40.31	16.03	37.34	39.0	36.25	0.0	8.54	31.83	41.05	11.05	19.03	3.0	37.12	17.09	6.08	3.16	15.03	38.91	28.46	28.02	17.72	23.19	22.67	41.76	9.22	23.19	19.24	14.87	38.47	26.0	1.41	4.47	23.35	10.44	5.0	16.4	34.0	27.17	20.12	27.46	22.85	28.23	5.1	4.0	14.87	9.0	3.61	32.39	
2.0	34.44	19.21	11.4	9.49	5.83	8.25	12.17	25.0	19.21	11.7	31.06	38.08	36.4	13.04	13.34	33.94	20.25	18.0	21.02	10.0	34.67	16.76	11.66	28.02	8.06	24.76	18.0	15.52	30.59	33.54	11.05	12.73	20.22	30.81	12.37	15.81	6.32	4.12	30.36	31.24	25.61	34.18	15.81	36.4	33.73	30.81	8.54	0.0	24.21	34.44	19.1	18.36	11.4	35.74	24.19	9.49	6.4	13.89	33.24	24.02	19.85	9.22	16.16	15.0	42.06	17.03	15.0	19.42	7.62	35.06	17.46	9.85	12.04	15.81	18.97	13.34	10.2	32.02	24.52	22.67	19.21	18.03	29.83	13.15	10.63	20.25	3.16	8.49	31.78	
25.5	32.31	30.81	13.42	22.8	25.61	28.6	14.76	44.28	27.29	34.71	17.69	30.0	29.68	15.23	16.12	39.32	32.98	38.08	6.0	31.4	35.44	20.22	22.85	4.12	26.63	32.02	15.03	33.54	14.21	16.64	16.12	26.0	41.34	40.01	13.89	10.2	28.18	26.93	11.66	35.36	35.13	13.34	24.74	31.76	16.12	13.6	31.83	24.21	0.0	12.0	39.96	24.19	34.06	30.02	42.15	28.84	30.48	23.09	14.32	14.87	6.0	18.03	25.0	9.22	39.36	37.74	19.0	26.17	16.97	23.35	12.04	33.24	33.6	8.49	41.4	35.61	15.81	25.94	20.62	32.25	7.0	14.04	34.23	35.0	34.71	36.06	26.08	32.65	29.73	
35.36	30.0	35.51	24.74	34.53	34.41	37.01	23.02	50.61	31.38	43.6	13.0	24.74	25.32	22.8	28.07	39.62	37.74	45.28	13.42	39.82	34.06	25.0	29.7	8.06	34.83	34.54	19.85	40.36	9.06	9.22	24.41	32.56	48.8	42.06	22.47	22.09	39.22	37.7	6.32	35.69	38.08	3.16	30.0	28.16	8.25	8.06	41.05	34.44	12.0	0.0	47.38	28.3	42.8	26.17	48.01	36.88	40.31	29.07	6.08	15.65	18.0	29.61	37.0	19.92	35.51	45.25	31.0	30.02	26.83	17.46	24.02	42.44	41.87	18.97	49.58	44.05	24.7	23.0	21.19	35.78	19.0	19.1	34.93	43.28	44.42	41.62	36.77	42.54	28.07	
17.12	33.24	14.56	29.41	28.02	14.87	11.7	25.24	6.32	18.38	8.25	39.12	40.26	38.08	25.0	32.39	26.48	13.15	2.24	35.0	9.22	31.0	22.8	17.69	43.01	13.42	20.1	27.59	7.21	40.61	43.01	23.85	14.87	1.41	20.88	26.08	33.84	21.38	20.1	41.77	26.02	18.03	46.01	18.03	36.5	43.6	41.23	11.05	19.1	39.96	47.38	0.0	20.59	8.06	36.88	7.07	11.18	14.14	18.44	44.05	32.8	37.16	28.28	34.23	31.3	39.01	2.24	34.06	19.7	23.77	40.72	36.14	10.2	7.07	31.76	4.12	6.08	24.19	34.79	29.53	17.12	36.77	28.28	25.0	6.0	12.08	9.0	20.02	13.6	31.58	
17.46	16.16	7.21	20.12	26.17	13.6	14.04	11.7	22.63	3.16	20.1	18.6	21.0	19.03	10.44	25.55	17.0	9.43	18.36	18.25	16.03	16.4	4.0	6.71	25.96	12.17	8.25	9.22	13.42	20.52	22.67	11.18	7.0	21.95	16.12	12.65	23.09	24.6	22.36	22.2	13.6	11.0	26.4	3.0	18.44	23.35	21.26	19.03	18.36	24.19	28.3	20.59	0.0	19.1	18.11	19.85	13.0	20.4	4.47	24.08	12.81	24.19	22.8	32.56	18.44	23.71	18.79	28.84	2.0	15.0	20.25	26.57	20.0	17.26	18.25	23.77	19.42	12.53	15.03	8.94	8.06	24.33	10.2	12.21	18.44	23.02	13.45	21.47	22.2	13.6	
9.49	34.23	15.52	22.36	20.0	8.49	5.83	19.85	14.32	18.03	1.0	36.4	40.05	38.01	20.0	24.74	29.97	15.23	7.62	29.73	3.16	32.98	19.92	13.93	37.48	8.06	21.84	23.71	8.06	37.12	39.81	18.44	12.17	9.0	25.24	20.52	26.83	13.34	12.04	37.74	28.46	21.02	41.88	16.12	37.05	40.25	37.59	3.0	11.4	34.06	42.8	8.06	19.1	0.0	37.0	14.32	6.32	6.08	15.52	40.31	29.55	30.53	20.62	26.17	25.0	41.0	6.32	26.17	19.0	17.2	39.05	28.79	2.24	2.24	25.61	7.62	2.0	18.38	34.13	27.66	18.97	30.02	24.19	27.2	2.24	5.0	12.81	12.0	5.83	32.06	
35.17	5.0	22.36	33.6	42.06	31.58	32.14	25.55	36.77	19.03	38.0	13.34	3.61	1.41	24.19	39.2	16.4	23.77	34.71	25.0	34.01	9.43	18.97	24.52	29.15	30.27	17.09	19.42	30.27	17.46	17.03	25.94	25.08	38.08	21.26	26.08	34.66	42.06	39.85	20.62	13.45	20.12	23.09	21.1	2.0	18.03	18.44	37.12	35.74	30.02	26.17	36.88	18.11	37.0	0.0	33.62	31.06	38.47	22.36	20.1	15.62	33.42	37.74	47.71	29.73	9.49	35.51	42.8	18.0	30.41	9.06	38.18	38.05	35.01	29.0	40.61	37.05	27.29	4.24	11.66	19.92	34.06	20.0	13.6	36.06	41.11	28.16	38.9	40.31	5.39	
22.2	29.41	12.73	33.24	33.54	19.0	16.03	27.51	3.16	16.97	14.76	38.21	37.16	34.93	26.93	37.0	21.0	10.63	6.71	36.67	14.32	26.48	23.02	19.31	44.72	17.03	16.55	28.3	9.06	40.36	42.43	26.25	16.16	7.21	15.03	28.46	37.48	27.51	25.96	42.01	21.38	13.6	46.23	18.03	32.89	43.14	41.11	17.09	24.19	42.15	48.01	7.07	19.85	14.32	33.62	0.0	15.0	20.25	19.24	43.93	32.65	40.26	33.02	40.02	34.21	34.23	8.06	39.12	18.38	27.29	38.83	40.2	16.55	12.65	34.48	10.82	12.53	26.93	32.25	28.32	13.89	40.02	29.15	20.62	12.08	18.87	6.4	25.71	20.12	28.23	
7.62	28.64	10.82	18.44	18.97	4.0	1.41	14.21	16.28	12.37	7.28	30.08	34.0	32.02	14.14	22.0	25.81	11.31	9.49	24.08	3.16	27.86	13.6	7.62	32.02	2.24	17.0	17.49	6.08	30.89	33.54	12.81	6.0	12.53	21.93	15.0	22.8	14.21	12.21	31.62	23.71	17.03	35.81	10.0	31.26	34.0	31.38	6.08	9.49	28.84	36.88	11.18	13.0	6.32	31.06	15.0	0.0	8.06	9.22	34.13	23.26	26.0	18.03	25.63	20.12	35.74	8.94	24.19	13.15	12.65	32.76	25.32	7.0	5.0	20.59	12.73	7.21	13.04	28.02	21.38	14.42	25.63	18.03	22.36	6.4	10.05	10.77	11.66	9.49	26.31	
5.0	36.4	18.87	17.8	14.04	7.0	6.71	17.46	20.4	20.25	6.0	35.69	41.19	39.32	18.03	19.31	33.84	19.21	13.6	26.93	6.4	35.85	20.0	14.04	34.21	8.25	25.06	22.56	12.81	35.74	38.6	16.16	13.6	15.03	29.73	17.89	22.2	7.28	6.0	35.85	31.76	25.0	39.81	17.46	38.83	38.9	36.06	3.16	6.4	30.48	40.31	14.14	20.4	6.08	38.47	20.25	8.06	0.0	16.12	38.63	28.64	26.25	15.23	20.1	21.26	43.66	12.37	20.4	20.88	13.6	39.12	23.71	4.0	7.62	22.02	13.15	8.06	15.65	35.13	28.0	22.47	25.61	22.8	30.41	8.25	4.24	17.8	6.08	2.24	33.96	
13.0	20.62	8.0	16.76	21.93	9.22	10.05	9.0	21.63	5.83	16.49	21.02	25.08	23.19	8.06	21.93	20.81	10.05	16.28	17.46	12.37	20.81	4.47	2.24	25.5	8.0	11.66	9.22	11.31	22.2	24.7	8.06	3.61	19.85	18.97	10.0	20.22	20.12	17.89	23.35	17.69	13.6	27.59	2.24	22.8	25.24	22.8	15.03	13.89	23.09	29.07	18.44	4.47	15.52	22.36	19.24	9.22	16.12	0.0	25.61	14.42	22.02	18.87	28.43	16.0	28.18	16.4	25.06	5.66	11.18	23.54	23.54	16.12	13.93	16.03	21.1	16.16	9.22	19.03	12.17	10.44	22.0	10.0	16.28	15.23	19.03	13.0	17.0	18.03	18.03	
33.84	24.02	31.24	25.0	35.0	32.2	34.48	21.19	46.69	27.02	41.18	7.07	18.68	19.24	20.62	29.27	33.96	33.42	41.87	13.0	37.22	28.16	21.26	26.63	11.4	32.25	29.53	16.64	36.88	3.61	3.16	22.47	29.21	45.45	36.77	20.88	23.35	38.64	36.88	3.0	30.08	33.12	3.0	26.17	22.09	2.24	2.83	38.91	33.24	14.32	6.08	44.05	24.08	40.31	20.1	43.93	34.13	38.63	25.61	0.0	11.31	19.92	30.0	38.47	20.0	29.43	42.01	32.56	25.61	25.71	11.4	25.96	40.25	39.12	19.0	46.62	41.34	23.09	17.03	16.12	31.06	20.88	16.12	29.41	40.5	42.54	37.54	35.9	40.85	22.2	
24.19	17.46	20.0	18.79	28.16	21.84	23.77	12.04	35.38	15.81	30.46	7.07	16.4	15.56	11.0	24.19	25.0	22.2	30.61	9.43	26.4	20.62	10.0	15.65	15.03	21.54	18.97	6.08	25.61	7.81	10.3	13.0	18.03	34.21	26.68	12.17	19.21	30.02	28.0	9.43	21.0	22.47	13.6	14.87	17.2	10.82	8.49	28.46	24.02	14.87	15.65	32.8	12.81	29.55	15.62	32.65	23.26	28.64	14.42	11.31	0.0	17.8	23.41	33.11	14.42	24.7	30.81	27.78	14.42	17.12	11.4	22.67	29.73	28.18	13.6	35.51	30.41	14.04	11.4	6.0	20.12	18.44	6.0	20.02	29.53	32.28	26.25	27.0	30.81	14.87	
21.4	34.99	30.02	8.49	17.09	22.36	25.5	13.04	42.06	27.07	31.06	22.2	33.94	33.3	14.0	10.2	40.52	32.06	35.47	8.49	28.18	37.58	20.22	21.21	10.05	23.77	32.39	15.81	31.32	19.24	21.93	14.14	24.33	38.48	40.31	12.04	4.47	23.02	22.02	17.09	36.69	35.13	19.24	24.0	35.0	21.54	18.79	28.02	19.85	6.0	18.0	37.16	24.19	30.53	33.42	40.26	26.0	26.25	22.02	19.92	17.8	0.0	12.53	19.0	6.08	42.44	34.93	13.0	26.17	13.42	27.8	6.08	29.41	30.41	6.0	38.08	32.25	13.34	29.21	22.83	32.06	1.0	14.87	35.44	31.76	30.48	34.53	21.26	28.32	32.25	
11.18	37.64	26.0	5.0	5.0	14.04	17.0	12.21	34.06	24.7	20.88	29.83	39.36	38.08	13.6	4.12	39.66	27.51	27.07	17.0	19.1	38.9	19.8	17.0	22.14	16.12	30.53	18.36	24.08	28.16	31.14	12.04	19.31	29.43	37.58	11.66	8.06	10.63	10.0	27.0	36.4	32.2	30.15	21.1	38.83	31.06	28.07	17.72	9.22	18.03	29.61	28.28	22.8	20.62	37.74	33.02	18.03	15.23	18.87	30.0	23.41	12.53	0.0	10.0	10.0	45.45	26.17	6.32	24.41	7.81	34.79	8.6	18.97	21.21	11.0	28.16	22.56	10.63	33.62	26.08	29.07	11.66	17.89	35.0	22.36	19.24	28.44	9.43	17.0	34.83	
18.03	47.63	34.99	14.32	6.71	21.93	24.35	22.2	40.45	34.21	26.08	39.22	49.24	48.02	23.6	9.22	49.2	36.24	33.54	25.71	25.71	48.8	29.73	26.4	29.02	24.17	40.0	28.3	31.62	37.11	40.02	22.02	28.3	35.13	46.65	21.63	15.13	13.0	14.14	35.51	46.1	41.34	38.12	30.61	48.83	39.81	36.88	23.19	16.16	25.0	37.0	34.23	32.56	26.17	47.71	40.02	25.63	20.1	28.43	38.47	33.11	19.0	10.0	0.0	18.97	55.44	32.39	6.0	34.06	17.69	44.38	13.04	24.08	27.46	19.92	33.0	28.16	20.62	43.57	36.06	38.28	18.0	27.78	44.69	28.28	23.02	36.4	14.32	21.0	44.82	
16.28	30.61	24.0	5.0	15.0	16.64	19.72	7.0	36.06	21.21	25.61	20.25	30.81	29.83	8.06	9.85	35.11	26.02	29.55	7.0	22.47	32.76	14.56	15.13	13.04	17.89	26.68	10.82	25.3	18.25	21.21	8.06	18.25	32.65	34.53	6.0	5.0	19.31	17.89	17.0	31.38	29.27	20.22	18.03	31.11	21.1	18.11	22.67	15.0	9.22	19.92	31.3	18.44	25.0	29.73	34.21	20.12	21.26	16.0	20.0	14.42	6.08	10.0	18.97	0.0	38.29	29.07	13.42	20.4	7.81	25.5	8.6	24.08	24.7	1.0	32.45	26.63	7.28	25.5	18.44	26.17	6.0	10.0	30.08	26.08	25.5	28.44	17.0	23.43	27.8	
41.15	7.81	25.5	41.73	49.41	37.16	37.0	33.3	37.34	23.41	41.98	22.8	11.0	10.2	31.89	47.38	13.6	26.17	37.05	34.13	38.33	8.06	25.81	30.41	38.63	35.47	19.24	27.59	33.38	26.93	26.31	33.42	30.08	40.0	19.65	33.97	43.28	48.3	46.07	30.08	13.0	21.0	32.39	26.4	7.62	27.29	27.89	41.76	42.06	39.36	35.51	39.01	23.71	41.0	9.49	34.23	35.74	43.66	28.18	29.43	24.7	42.44	45.45	55.44	38.29	0.0	38.12	50.93	22.85	37.8	18.11	46.86	42.45	38.83	37.64	43.05	40.61	34.83	13.42	19.85	22.2	43.01	28.32	14.04	39.62	45.61	30.02	45.18	45.22	10.63	
15.03	32.06	13.15	27.2	26.08	12.65	9.49	23.02	8.06	16.76	6.71	37.22	38.83	36.67	22.8	30.27	25.96	12.0	1.41	32.8	7.07	30.07	20.81	15.56	40.8	11.18	19.0	25.5	5.39	38.6	41.05	21.63	12.81	3.61	20.62	23.85	31.62	19.65	18.25	39.7	25.18	17.26	43.93	16.12	35.23	41.62	39.2	9.22	17.03	37.74	45.25	2.24	18.79	6.32	35.51	8.06	8.94	12.37	16.4	42.01	30.81	34.93	26.17	32.39	29.07	38.12	0.0	32.02	18.03	21.54	39.0	33.96	8.54	5.0	29.53	5.1	4.47	21.95	33.24	27.73	16.0	34.54	26.17	24.08	4.12	10.82	8.25	18.11	12.08	30.27	
17.0	43.14	32.31	9.22	6.71	20.22	23.09	17.69	40.0	30.89	26.31	33.62	44.1	43.01	19.1	3.61	45.79	33.84	33.0	19.92	25.0	44.69	25.61	23.26	23.02	22.36	36.72	23.43	30.27	31.32	34.21	17.8	25.63	35.13	43.86	16.97	9.22	14.32	14.56	29.61	42.44	38.48	32.14	27.29	44.05	33.96	31.05	23.19	15.0	19.0	31.0	34.06	28.84	26.17	42.8	39.12	24.19	20.4	25.06	32.56	27.78	13.0	6.32	6.0	13.42	50.93	32.02	0.0	30.53	13.89	38.91	7.07	24.33	27.02	14.32	33.54	28.16	16.4	38.6	31.24	35.34	12.0	22.8	41.05	28.07	24.04	34.71	14.32	21.84	40.31	
18.36	15.52	5.66	21.93	27.59	14.32	14.32	13.6	21.26	1.41	20.0	19.85	21.1	19.03	12.37	27.29	15.26	7.81	17.46	20.22	16.03	15.26	6.0	7.81	27.89	12.65	6.32	11.18	12.65	22.02	24.04	13.0	7.28	21.02	14.14	14.56	25.0	25.55	23.32	23.85	12.04	9.0	28.02	3.61	18.11	24.76	22.8	19.24	19.42	26.17	30.02	19.7	2.0	19.0	18.0	18.38	13.15	20.88	5.66	25.61	14.42	26.17	24.41	34.06	20.4	22.85	18.03	30.53	0.0	16.64	21.02	28.46	20.1	17.03	20.22	23.09	19.1	14.32	15.3	10.0	6.08	26.31	12.17	10.63	18.11	23.19	12.04	22.47	22.56	13.15	
8.6	30.0	18.68	6.0	11.66	8.94	12.08	5.1	28.86	17.0	17.8	24.02	32.31	30.87	6.32	10.77	31.91	20.4	22.14	13.42	14.76	31.11	12.04	9.49	20.62	10.44	22.83	11.4	18.25	23.19	26.17	4.47	12.17	25.08	30.08	5.0	10.2	13.04	11.18	22.8	28.6	24.7	26.57	13.42	31.38	26.31	23.35	14.87	7.62	16.97	26.83	23.77	15.0	17.2	30.41	27.29	12.65	13.6	11.18	25.71	17.12	13.42	7.81	17.69	7.81	37.8	21.54	13.89	16.64	0.0	28.44	13.0	16.28	17.0	8.49	24.7	18.87	3.16	26.4	18.79	21.54	13.0	11.18	27.2	18.36	17.8	22.0	10.2	15.81	27.2	
35.0	13.6	26.42	30.08	39.56	32.14	33.54	23.35	41.88	22.36	40.02	5.66	7.28	8.0	22.2	35.34	24.6	28.3	38.48	19.42	35.9	18.03	19.24	25.32	21.63	31.4	22.67	17.12	33.62	9.43	8.25	24.19	26.93	42.05	28.6	23.54	30.02	41.19	39.12	12.53	21.1	26.17	14.32	23.09	11.05	9.22	10.3	38.47	35.06	23.35	17.46	40.72	20.25	39.05	9.06	38.83	32.76	39.12	23.54	11.4	11.4	27.8	34.79	44.38	25.5	18.11	39.0	38.91	21.02	28.44	0.0	33.29	39.62	37.36	24.6	44.01	39.56	25.32	7.21	11.4	25.0	28.6	17.26	20.81	38.6	42.43	32.76	38.12	41.19	12.53	
19.31	39.2	31.4	7.0	12.21	21.38	24.52	14.87	41.59	29.12	29.15	27.78	39.05	38.21	16.16	5.0	43.46	33.24	34.71	13.89	26.93	41.34	22.85	22.2	16.0	23.19	34.79	19.42	31.14	25.08	27.86	15.52	25.08	37.36	42.45	13.93	3.61	19.1	18.6	23.09	39.81	37.11	25.32	25.71	39.62	27.51	24.7	26.0	17.46	12.04	24.02	36.14	26.57	28.79	38.18	40.2	25.32	23.71	23.54	25.96	22.67	6.08	8.6	13.04	8.6	46.86	33.96	7.07	28.46	13.0	33.29	0.0	27.31	29.12	9.22	36.4	30.68	14.32	33.94	27.02	33.96	5.1	18.6	38.48	30.36	27.78	35.0	18.03	25.55	36.4	
8.06	35.51	17.09	21.1	18.03	8.06	6.08	19.42	16.49	19.24	2.0	36.69	41.0	39.01	19.72	23.09	31.76	17.0	9.85	29.21	4.12	34.48	20.4	14.32	36.8	8.25	23.41	23.77	10.0	37.16	39.92	18.03	13.0	11.05	27.2	20.0	25.55	11.18	10.0	37.59	30.08	22.83	41.68	17.0	38.21	40.31	37.58	1.41	9.85	33.24	42.44	10.2	20.0	2.24	38.05	16.55	7.0	4.0	16.12	40.25	29.73	29.41	18.97	24.08	24.08	42.45	8.54	24.33	20.1	16.28	39.62	27.31	0.0	4.24	24.76	9.22	4.12	17.8	35.01	28.28	20.62	28.84	24.17	28.79	4.47	3.16	14.87	10.05	3.61	33.24	
10.05	32.14	13.34	22.47	21.1	8.06	5.0	19.1	13.04	16.0	3.16	34.93	38.12	36.06	19.1	25.32	27.73	13.0	6.08	29.0	2.24	30.81	18.38	12.53	36.88	7.07	19.65	22.47	5.83	35.85	38.47	17.69	10.44	8.25	23.02	19.85	26.93	14.87	13.34	36.62	26.25	18.79	40.8	14.32	35.01	38.95	36.36	4.47	12.04	33.6	41.87	7.07	17.26	2.24	35.01	12.65	5.0	7.62	13.93	39.12	28.18	30.41	21.21	27.46	24.7	38.83	5.0	27.02	17.03	17.0	37.36	29.12	4.24	0.0	25.24	7.81	2.24	17.8	32.25	25.96	16.76	29.97	23.02	25.0	1.41	7.21	10.63	13.15	7.81	30.02	
17.03	30.0	24.02	6.0	16.0	17.2	20.25	7.07	36.4	21.1	26.25	19.31	30.0	29.07	8.0	10.77	34.79	26.08	29.97	6.0	23.02	32.25	14.32	15.3	12.21	18.36	26.48	10.3	25.63	17.26	20.22	8.25	18.44	33.12	34.37	6.08	5.66	20.25	18.79	16.0	31.02	29.15	19.24	18.0	30.41	20.1	17.12	23.35	15.81	8.49	18.97	31.76	18.25	25.61	29.0	34.48	20.59	22.02	16.03	19.0	13.6	6.0	11.0	19.92	1.0	37.64	29.53	14.32	20.22	8.49	24.6	9.22	24.76	25.24	0.0	33.02	27.2	7.62	24.76	17.8	26.08	6.08	9.43	29.73	26.63	26.25	28.64	17.89	24.21	27.2	
17.09	37.12	18.25	29.97	27.17	15.81	12.81	26.91	9.22	21.84	7.28	42.06	43.93	41.77	26.87	32.28	30.59	17.03	6.0	36.8	10.0	35.01	25.55	20.0	44.69	14.87	24.02	30.0	10.44	43.27	45.79	25.5	17.49	3.61	25.0	27.66	34.44	20.0	19.1	44.2	30.07	22.09	48.41	21.02	40.31	46.32	43.83	10.44	18.97	41.4	49.58	4.12	23.77	7.62	40.61	10.82	12.73	13.15	21.1	46.62	35.51	38.08	28.16	33.0	32.45	43.05	5.1	33.54	23.09	24.7	44.01	36.4	9.22	7.81	33.02	0.0	5.83	25.61	38.33	32.7	21.02	37.59	30.61	29.02	6.4	10.05	13.04	19.24	12.0	35.36	
11.4	34.06	15.13	24.17	22.0	10.0	7.07	21.21	12.37	18.03	2.24	37.16	40.2	38.12	21.26	26.68	29.15	14.56	5.83	31.11	4.24	32.56	20.62	14.76	38.95	9.22	21.38	24.7	7.28	38.08	40.71	19.8	12.65	7.0	24.19	21.93	28.64	15.3	14.04	38.83	27.89	20.25	43.01	16.49	37.0	41.18	38.59	5.0	13.34	35.61	44.05	6.08	19.42	2.0	37.05	12.53	7.21	8.06	16.16	41.34	30.41	32.25	22.56	28.16	26.63	40.61	4.47	28.16	19.1	18.87	39.56	30.68	4.12	2.24	27.2	5.83	0.0	19.85	34.37	28.16	18.44	31.76	25.24	26.68	1.0	6.4	11.66	14.0	7.62	32.0	
10.77	27.02	17.12	7.62	14.76	9.9	12.81	2.0	28.79	14.87	19.1	21.0	29.15	27.73	3.16	13.04	29.53	19.03	22.36	11.4	15.62	28.32	9.22	8.0	19.1	10.82	20.62	8.25	18.03	20.4	23.35	1.41	11.05	25.55	28.16	2.24	11.05	16.0	14.04	20.25	26.08	22.8	24.17	11.4	28.3	23.54	20.62	16.4	10.2	15.81	24.7	24.19	12.53	18.38	27.29	26.93	13.04	15.65	9.22	23.09	14.04	13.34	10.63	20.62	7.28	34.83	21.95	16.4	14.32	3.16	25.32	14.32	17.8	17.8	7.62	25.61	19.85	0.0	23.26	15.65	19.65	13.15	8.06	24.7	19.21	19.72	21.21	13.04	17.89	24.21	
31.58	7.0	20.25	29.41	38.01	28.16	29.0	21.47	35.36	16.49	35.13	10.0	6.08	4.47	20.12	35.0	17.46	21.93	32.57	20.81	31.06	11.18	15.3	21.1	25.3	27.02	15.81	15.26	27.89	14.04	14.14	21.93	22.02	36.06	21.4	21.95	30.41	38.33	36.14	17.12	13.89	19.21	20.02	18.03	5.83	15.13	15.03	34.0	32.02	25.94	23.0	34.79	15.03	34.13	4.24	32.25	28.02	35.13	19.03	17.03	11.4	29.21	33.62	43.57	25.5	13.42	33.24	38.6	15.3	26.4	7.21	33.94	35.01	32.25	24.76	38.33	34.37	23.26	0.0	7.62	18.36	29.83	15.81	13.6	33.38	38.0	26.4	35.17	37.05	5.39	
24.19	12.21	15.62	22.02	30.41	21.0	22.2	13.89	31.24	11.4	28.64	9.9	13.6	12.08	12.53	27.66	19.0	17.69	27.29	14.87	24.52	14.87	8.0	14.04	21.02	20.1	13.42	7.81	22.36	12.53	14.21	14.32	15.52	30.89	20.88	14.42	23.43	30.81	28.64	14.87	15.0	17.0	18.79	11.7	12.81	15.0	13.42	27.17	24.52	20.62	21.19	29.53	8.94	27.66	11.66	28.32	21.38	28.0	12.17	16.12	6.0	22.83	26.08	36.06	18.44	19.85	27.73	31.24	10.0	18.79	11.4	27.02	28.28	25.96	17.8	32.7	28.16	15.65	7.62	0.0	15.0	23.32	8.49	14.04	27.2	31.14	22.02	27.66	30.02	9.43	
21.21	16.12	3.61	27.2	31.62	16.97	15.81	19.24	17.0	5.0	19.92	24.84	23.41	21.19	18.11	32.31	11.4	4.0	15.03	26.31	16.55	14.14	12.04	12.08	33.96	14.87	3.0	17.26	11.18	27.46	29.21	18.44	10.0	18.25	8.54	20.22	30.59	28.32	26.17	29.53	9.49	3.16	33.62	8.25	19.42	30.0	28.3	20.12	22.67	32.25	35.78	17.12	8.06	18.97	19.92	13.89	14.42	22.47	10.44	31.06	20.12	32.06	29.07	38.28	26.17	22.2	16.0	35.34	6.08	21.54	25.0	33.96	20.62	16.76	26.08	21.02	18.44	19.65	18.36	15.0	0.0	32.14	18.25	8.25	17.46	23.77	8.25	25.46	23.71	14.56	
20.81	35.51	30.0	7.81	16.16	21.93	25.08	13.0	41.76	27.17	30.53	23.02	34.66	33.97	14.04	9.22	40.8	32.02	35.11	9.22	27.73	38.01	20.4	21.1	11.05	23.41	32.56	16.16	31.05	20.12	22.85	14.04	24.19	38.08	40.45	12.0	3.61	22.2	21.26	18.03	37.0	35.23	20.22	24.02	35.61	22.47	19.7	27.46	19.21	7.0	19.0	36.77	24.33	30.02	34.06	40.02	25.63	25.61	22.0	20.88	18.44	1.0	11.66	18.0	6.0	43.01	34.54	12.0	26.31	13.0	28.6	5.1	28.84	29.97	6.08	37.59	31.76	13.15	29.83	23.32	32.14	0.0	15.23	35.74	31.3	29.83	34.37	20.52	27.66	32.76	
18.25	20.62	17.09	13.6	22.47	16.16	18.36	6.08	31.62	13.34	25.06	13.04	21.47	20.25	5.0	19.21	25.71	19.31	26.17	8.06	21.1	22.83	6.32	10.63	15.81	16.12	18.0	1.0	21.26	13.0	15.81	7.0	13.45	29.7	26.0	6.32	15.0	24.02	22.0	13.6	21.84	21.1	17.8	11.18	21.26	16.16	13.42	22.85	18.03	14.04	19.1	28.28	10.2	24.19	20.0	29.15	18.03	22.8	10.0	16.12	6.0	14.87	17.89	27.78	10.0	28.32	26.17	22.8	12.17	11.18	17.26	18.6	24.17	23.02	9.43	30.61	25.24	8.06	15.81	8.49	18.25	15.23	0.0	20.62	24.41	26.57	22.83	21.0	25.0	17.8	
28.6	8.94	11.7	32.25	38.21	24.41	23.71	23.71	23.77	10.63	28.16	22.47	17.2	15.0	22.36	37.74	5.1	12.17	23.02	28.28	24.7	6.0	15.65	18.38	35.0	22.47	5.39	19.65	19.42	25.96	26.93	23.32	17.2	26.02	7.81	24.6	34.93	35.81	33.6	28.64	1.41	7.07	32.28	14.14	12.53	27.86	26.93	28.23	29.83	34.23	34.93	25.0	12.21	27.2	13.6	20.62	22.36	30.41	16.28	29.41	20.02	35.44	35.0	44.69	30.08	14.04	24.08	41.05	10.63	27.2	20.81	38.48	28.79	25.0	29.73	29.02	26.68	24.7	13.6	14.04	8.25	35.74	20.62	0.0	25.71	31.95	16.0	32.8	31.78	8.49	
11.18	33.06	14.14	23.77	22.02	9.43	6.4	20.52	12.17	17.03	2.83	36.25	39.2	37.12	20.52	26.48	28.23	13.6	5.39	30.41	3.61	31.58	19.7	13.89	38.29	8.49	20.4	23.85	6.32	37.22	39.82	19.1	11.7	7.07	23.32	21.26	28.23	15.52	14.14	38.01	26.93	19.31	42.2	15.52	36.0	40.31	37.74	5.1	13.15	35.0	43.28	6.0	18.44	2.24	36.06	12.08	6.4	8.25	15.23	40.5	29.53	31.76	22.36	28.28	26.08	39.62	4.12	28.07	18.11	18.36	38.6	30.36	4.47	1.41	26.63	6.4	1.0	19.21	33.38	27.2	17.46	31.3	24.41	25.71	0.0	7.07	10.82	14.04	8.06	31.0	
9.22	38.64	20.25	22.02	17.46	10.44	9.0	21.47	18.38	22.36	4.24	39.29	44.01	42.05	21.93	23.26	34.89	20.12	12.21	31.06	7.28	37.64	23.19	17.12	38.42	11.05	26.57	26.25	13.04	39.56	42.38	20.12	16.03	12.65	30.23	21.95	26.4	10.05	9.49	39.81	33.24	25.94	43.83	20.02	41.3	42.72	39.92	4.0	10.63	34.71	44.42	12.08	23.02	5.0	41.11	18.87	10.05	4.24	19.03	42.54	32.28	30.48	19.24	23.02	25.5	45.61	10.82	24.04	23.19	17.8	42.43	27.78	3.16	7.21	26.25	10.05	6.4	19.72	38.0	31.14	23.77	29.83	26.57	31.95	7.07	0.0	17.8	9.85	2.24	36.35	
18.38	24.33	6.4	28.0	29.73	14.56	12.08	21.59	9.22	10.63	13.6	31.89	31.62	29.41	20.88	32.25	17.72	4.47	7.07	30.46	11.4	22.0	16.64	13.34	38.48	12.37	11.18	21.95	5.0	33.97	36.07	20.4	10.2	10.05	12.53	22.56	32.06	24.7	22.83	35.61	17.03	9.06	39.82	11.66	27.66	36.77	34.71	14.87	20.25	36.06	41.62	9.0	13.45	12.81	28.16	6.4	10.77	17.8	13.0	37.54	26.25	34.53	28.44	36.4	28.44	30.02	8.25	34.71	12.04	22.0	32.76	35.0	14.87	10.63	28.64	13.04	11.66	21.21	26.4	22.02	8.25	34.37	22.83	16.0	10.82	17.8	0.0	22.36	18.38	22.8	
4.24	37.58	21.93	12.81	8.0	8.49	10.3	15.03	26.17	22.2	12.04	34.01	41.23	39.56	16.0	13.42	36.8	22.8	19.24	23.41	11.4	37.74	19.92	14.76	30.02	10.63	27.66	21.02	17.46	33.38	36.35	14.0	15.62	21.0	33.42	15.13	16.97	3.16	1.0	32.98	34.21	28.32	36.69	18.87	39.56	36.5	33.54	9.0	3.16	26.08	36.77	20.02	21.47	12.0	38.9	25.71	11.66	6.08	17.0	35.9	27.0	21.26	9.43	14.32	17.0	45.18	18.11	14.32	22.47	10.2	38.12	18.03	10.05	13.15	17.89	19.24	14.0	13.04	35.17	27.66	25.46	20.52	21.0	32.8	14.04	9.85	22.36	0.0	7.62	34.93	
7.21	38.08	20.12	19.85	15.3	9.06	8.25	19.7	19.92	21.84	5.39	37.85	43.1	41.19	20.25	21.02	34.99	20.25	13.42	29.15	7.21	37.34	22.02	16.0	36.4	10.05	26.4	24.74	13.45	37.95	40.8	18.38	15.3	14.32	30.61	20.12	24.21	8.0	7.28	38.08	33.11	26.08	42.05	19.24	40.61	41.11	38.28	3.61	8.49	32.65	42.54	13.6	22.2	5.83	40.31	20.12	9.49	2.24	18.03	40.85	30.81	28.32	17.0	21.0	23.43	45.22	12.08	21.84	22.56	15.81	41.19	25.55	3.61	7.81	24.21	12.0	7.62	17.89	37.05	30.02	23.71	27.66	25.0	31.78	8.06	2.24	18.38	7.62	0.0	35.69	
31.02	2.83	17.12	31.11	38.83	27.2	27.46	22.67	31.38	14.04	33.06	15.13	8.94	6.71	21.26	36.77	12.08	18.44	29.43	24.17	29.15	6.0	15.26	20.25	29.61	25.71	11.7	17.03	25.08	19.03	19.42	22.8	20.4	32.76	16.28	23.35	32.8	38.08	35.85	22.0	8.6	14.76	25.18	16.49	5.0	20.4	20.02	32.39	31.78	29.73	28.07	31.58	13.6	32.06	5.39	28.23	26.31	33.96	18.03	22.2	14.87	32.25	34.83	44.82	27.8	10.63	30.27	40.31	13.15	27.2	12.53	36.4	33.24	30.02	27.2	35.36	32.0	24.21	5.39	9.43	14.56	32.76	17.8	8.49	31.0	36.35	22.8	34.93	35.69	0.0	
