90
0.0	27.0	28.07	16.12	14.04	21.02	5.1	17.0	11.05	12.53	30.59	30.0	25.3	28.43	17.49	8.0	31.38	28.84	25.3	9.0	12.53	29.61	35.85	19.0	32.06	3.0	20.59	21.26	17.72	32.45	11.4	9.43	34.54	6.71	15.26	15.3	8.25	10.2	33.29	16.4	32.65	10.0	23.26	28.02	7.28	12.37	27.66	24.74	16.49	20.1	7.21	19.42	29.0	4.12	16.64	29.61	28.28	33.02	21.59	17.49	36.67	13.93	7.62	10.82	25.0	37.59	34.06	22.8	20.52	9.22	36.25	11.66	6.08	15.26	7.62	18.87	25.32	21.02	18.44	18.11	15.65	29.41	8.49	2.24	22.8	34.13	30.81	16.55	14.04	5.39	
27.0	0.0	2.24	15.26	13.04	6.08	32.02	14.42	30.08	34.79	6.71	3.0	8.54	18.68	15.0	28.16	32.65	16.28	8.54	28.46	17.09	35.81	15.23	33.02	5.39	24.0	24.76	20.62	27.8	18.0	35.17	23.41	13.93	24.74	23.02	12.37	19.1	17.12	18.03	21.4	31.38	35.51	27.02	1.41	34.06	15.3	6.0	40.8	28.02	7.28	23.77	22.63	22.14	23.02	22.8	6.32	4.12	19.0	7.81	23.43	17.09	14.87	34.13	34.21	41.62	18.97	7.28	7.81	18.44	22.14	16.16	18.03	28.64	37.34	20.22	23.35	4.47	6.08	29.21	34.13	24.41	17.26	33.54	29.02	7.81	7.62	18.11	13.89	13.04	32.06	
28.07	2.24	0.0	15.23	14.04	7.07	33.02	14.32	30.36	35.17	4.47	2.83	10.77	20.88	14.76	28.64	34.89	18.44	7.21	28.86	17.46	38.01	16.76	35.0	5.66	25.08	26.91	22.8	29.83	20.02	35.69	25.08	11.7	25.32	22.83	13.04	20.4	18.0	20.0	23.43	33.62	36.22	29.21	1.0	35.0	16.03	4.12	42.8	30.0	8.0	24.33	24.76	24.35	24.19	24.84	8.06	2.0	21.02	9.9	25.5	18.68	16.55	35.36	34.71	43.6	20.62	6.0	7.21	20.62	22.56	17.72	18.44	30.08	39.0	21.02	25.46	3.61	7.62	31.24	36.06	26.4	19.42	34.93	30.15	10.0	7.81	20.22	13.93	14.32	33.0	
16.12	15.26	15.23	0.0	7.0	9.9	20.25	1.0	15.3	20.22	16.12	17.89	18.87	27.2	1.41	14.0	37.05	26.0	10.0	14.04	3.61	37.85	29.07	30.41	20.59	13.6	26.31	24.0	26.57	29.07	21.02	18.36	18.68	11.18	7.81	5.1	11.66	7.21	29.53	21.38	37.01	22.09	29.27	15.65	21.84	5.39	13.15	37.74	26.0	8.49	10.2	24.19	29.61	13.45	22.56	20.52	14.56	29.97	14.76	23.54	30.61	13.04	23.71	20.02	38.28	32.2	20.88	8.25	22.02	8.06	29.83	4.47	20.52	30.41	8.6	24.33	11.7	11.4	27.86	30.53	23.09	26.93	24.41	18.36	16.12	22.83	28.23	1.41	9.0	19.92	
14.04	13.04	14.04	7.0	0.0	7.0	19.0	7.07	18.03	22.36	16.76	16.03	13.45	20.62	8.06	15.65	30.07	19.72	12.21	16.12	5.83	31.05	24.21	24.41	18.25	11.05	19.42	17.0	20.12	23.02	22.47	12.73	21.63	12.08	13.42	2.24	6.71	4.12	23.6	14.56	30.02	22.56	22.36	14.0	21.02	2.83	13.93	32.02	19.72	6.08	11.18	17.26	22.8	10.2	15.81	16.55	14.32	23.85	9.22	16.76	25.5	6.08	21.38	21.54	32.65	26.87	20.02	9.43	15.03	10.0	24.84	6.4	16.55	26.08	7.28	17.46	11.4	7.28	21.47	24.84	16.55	20.59	21.19	16.12	10.63	20.4	21.95	6.08	2.0	19.03	
21.02	6.08	7.07	9.9	7.0	0.0	26.0	9.22	24.17	28.79	10.3	9.06	9.49	19.03	10.0	22.14	31.32	17.26	7.62	22.47	11.18	33.54	19.21	29.0	11.4	18.03	21.95	18.38	24.08	19.92	29.12	18.36	16.28	18.68	17.69	6.32	13.34	11.05	20.25	17.8	30.59	29.43	24.6	7.0	28.02	9.22	7.81	36.8	24.04	1.41	17.72	19.72	22.02	17.12	19.21	10.63	7.62	20.88	6.0	20.0	20.81	10.0	28.28	28.16	37.54	22.47	13.04	5.1	16.16	16.16	20.0	12.08	23.09	32.2	14.14	20.25	5.0	2.0	25.5	29.83	20.52	18.25	27.89	23.09	7.07	13.6	19.42	8.49	7.28	26.02	
5.1	32.02	33.02	20.25	19.0	26.0	0.0	21.19	10.77	10.05	35.36	35.01	30.36	33.02	21.54	8.6	34.48	33.62	29.83	9.43	16.76	31.95	40.85	20.62	37.12	8.06	24.21	25.5	20.59	37.22	8.25	13.45	38.9	9.43	17.69	20.1	13.34	15.03	38.08	20.52	36.06	5.83	26.63	33.0	2.24	17.12	32.39	25.02	19.24	25.02	10.3	23.35	33.3	9.22	20.52	34.71	33.14	37.74	26.68	21.26	41.63	18.97	4.47	8.06	25.08	42.49	39.01	27.46	25.0	12.53	41.23	15.81	8.06	14.32	12.17	22.67	30.15	26.08	21.02	19.24	19.21	34.13	7.07	3.61	27.89	39.2	35.51	20.88	19.1	1.0	
17.0	14.42	14.32	1.0	7.07	9.22	21.19	0.0	16.28	21.21	15.13	17.0	18.36	26.93	1.0	15.0	37.12	25.63	9.0	15.03	4.47	38.08	28.43	30.89	19.72	14.42	26.48	24.02	26.93	28.64	22.02	18.87	17.72	12.17	8.6	5.0	12.21	7.81	29.07	21.59	37.0	23.09	29.43	14.76	22.8	5.83	12.17	38.28	26.4	7.81	11.18	24.33	29.43	14.21	22.8	19.8	13.6	29.55	14.32	23.77	30.0	13.15	24.6	21.02	38.83	31.62	19.92	7.28	22.0	9.06	29.21	5.39	21.26	31.14	9.43	24.52	10.77	10.82	28.23	31.06	23.41	26.57	25.24	19.24	15.65	21.95	27.86	1.0	9.06	20.88	
11.05	30.08	30.36	15.3	18.03	24.17	10.77	16.28	0.0	5.0	31.4	32.89	31.4	37.01	16.12	3.16	42.06	36.8	25.18	2.24	13.0	40.61	42.2	30.02	35.47	11.7	31.02	30.89	28.64	40.31	6.32	19.92	33.06	6.4	9.22	17.89	15.81	14.21	41.01	26.4	43.08	8.6	33.84	30.68	10.82	15.26	28.44	35.36	27.46	22.85	7.07	29.55	38.28	13.0	26.93	34.48	29.83	41.04	27.2	27.86	43.42	21.26	15.23	5.39	35.51	44.69	36.14	23.54	29.68	8.06	42.8	12.08	17.0	25.0	11.31	29.15	26.93	25.06	29.43	29.02	26.25	37.54	17.72	12.04	28.6	37.7	38.95	16.49	19.21	9.85	
12.53	34.79	35.17	20.22	22.36	28.79	10.05	21.21	5.0	0.0	36.35	37.64	35.51	40.31	21.1	6.71	43.86	40.36	30.15	6.32	17.72	41.76	46.32	30.59	40.16	14.21	33.12	33.6	30.08	43.93	2.24	21.95	38.05	10.3	14.14	22.47	19.1	18.36	44.69	28.84	45.18	5.39	35.78	35.44	9.06	19.7	33.38	35.0	28.79	27.51	11.18	31.91	41.23	15.62	29.15	38.91	34.71	44.6	31.38	30.02	47.43	24.84	14.04	2.0	35.01	48.6	41.0	28.44	32.65	12.65	46.87	16.76	17.72	24.08	15.26	31.38	31.78	29.55	30.68	29.27	28.18	41.04	17.0	12.65	32.76	42.38	42.45	21.38	23.32	9.06	
30.59	6.71	4.47	16.12	16.76	10.3	35.36	15.13	31.4	36.35	0.0	6.0	15.23	25.3	15.3	30.07	39.36	22.8	6.32	30.15	19.0	42.44	20.22	39.05	8.25	27.66	31.24	27.2	33.97	24.19	37.12	28.65	7.28	27.0	23.09	15.3	23.41	20.4	24.08	27.59	38.08	38.0	33.6	5.39	37.22	18.25	3.0	46.86	34.06	10.77	26.0	29.07	28.79	26.93	29.0	12.04	2.83	25.18	14.21	29.7	22.2	20.25	38.08	36.12	47.63	24.19	5.66	8.0	25.0	24.02	21.21	20.0	33.24	42.49	23.19	29.73	5.39	11.4	35.38	40.0	30.48	23.77	37.95	32.76	14.42	9.85	24.52	15.03	17.46	35.23	
30.0	3.0	2.83	17.89	16.03	9.06	35.01	17.0	32.89	37.64	6.0	0.0	10.0	19.7	17.49	31.05	34.13	17.09	10.0	31.32	19.92	37.64	14.32	35.51	2.83	27.0	26.91	22.63	30.23	18.25	38.08	26.25	13.15	27.66	25.55	15.3	22.09	20.1	18.11	23.85	32.65	38.47	29.0	2.24	37.05	18.25	6.71	43.27	30.53	10.2	26.68	24.84	23.26	26.02	25.24	6.08	4.47	19.24	10.3	25.81	16.28	17.72	37.12	37.11	44.1	18.25	4.47	10.0	20.52	25.0	15.3	20.88	31.58	40.16	23.19	25.61	6.4	9.06	31.62	36.72	26.93	18.03	36.5	32.02	10.0	5.0	18.68	16.55	16.03	35.06	
25.3	8.54	10.77	18.87	13.45	9.49	30.36	18.36	31.4	35.51	15.23	10.0	0.0	10.2	19.24	28.84	24.19	8.0	16.0	29.41	19.1	27.66	10.82	26.4	10.0	22.47	17.2	12.81	21.02	10.44	35.36	19.0	22.47	25.24	26.4	14.21	17.09	17.2	10.77	14.87	22.85	34.93	19.1	9.85	32.57	16.28	14.32	34.0	21.54	10.77	24.41	15.26	13.6	21.19	16.16	5.39	12.65	11.4	4.24	16.55	12.04	11.4	31.4	34.48	34.89	13.45	14.14	14.14	10.82	23.43	11.4	19.8	25.08	32.39	20.25	16.12	12.04	7.62	22.36	27.86	18.03	9.0	30.07	26.93	2.83	11.18	10.05	17.49	12.21	30.68	
28.43	18.68	20.88	27.2	20.62	19.03	33.02	26.93	37.01	40.31	25.3	19.7	10.2	0.0	27.89	34.06	14.87	2.83	26.08	34.83	26.4	19.42	11.7	22.02	18.87	26.17	12.0	8.25	17.03	5.0	39.62	19.72	32.57	30.61	34.01	22.14	21.26	23.32	6.0	13.0	13.04	38.42	12.37	19.92	35.23	23.26	24.52	28.64	18.11	20.1	30.0	11.18	3.61	24.76	13.6	13.89	22.8	5.1	13.04	13.34	11.18	15.81	32.65	38.9	29.61	11.0	23.32	24.0	8.06	29.68	11.4	26.83	25.94	30.41	25.81	12.17	22.2	17.03	18.0	24.0	15.52	2.24	30.46	29.41	12.0	19.21	3.0	25.96	18.79	33.6	
17.49	15.0	14.76	1.41	8.06	10.0	21.54	1.0	16.12	21.1	15.3	17.49	19.24	27.89	0.0	15.03	38.12	26.57	9.06	15.0	5.0	39.05	29.21	31.76	20.25	15.0	27.46	25.02	27.86	29.55	22.0	19.72	17.46	12.37	8.06	6.0	13.04	8.6	29.97	22.56	38.0	23.19	30.41	15.26	23.09	6.71	12.37	39.12	27.31	8.6	11.4	25.32	30.41	14.87	23.77	20.52	13.93	30.46	15.23	24.74	30.81	14.14	25.06	21.0	39.66	32.45	20.25	7.62	23.0	9.22	30.0	5.83	21.93	31.83	10.0	25.5	11.18	11.66	29.15	31.91	24.35	27.51	25.81	19.72	16.55	22.47	28.79	2.0	10.05	21.19	
8.0	28.16	28.64	14.0	15.65	22.14	8.6	15.0	3.16	6.71	30.07	31.05	28.84	34.06	15.03	0.0	38.9	33.94	24.0	1.0	11.18	37.48	39.66	27.0	33.53	8.54	27.86	27.78	25.5	37.48	7.07	16.76	32.39	3.61	9.43	15.81	12.81	11.66	38.21	23.26	39.92	8.25	30.68	28.86	9.22	13.0	27.07	32.56	24.33	20.88	4.47	26.4	35.23	9.85	23.77	32.2	28.28	38.18	24.7	24.7	40.8	18.38	13.04	6.08	32.76	42.01	34.53	22.09	26.63	6.08	40.22	10.2	14.04	22.47	8.6	26.0	25.32	22.85	26.31	26.08	23.09	34.66	15.23	9.22	26.08	35.74	36.07	15.03	16.64	7.81	
31.38	32.65	34.89	37.05	30.07	31.32	34.48	37.12	42.06	43.86	39.36	34.13	24.19	14.87	38.12	38.9	0.0	17.69	38.9	39.85	35.01	6.0	25.81	15.62	33.6	30.36	11.18	13.15	13.89	18.6	42.49	22.14	46.52	36.14	42.19	32.14	27.29	31.06	19.42	16.12	3.0	40.31	8.25	34.0	36.36	32.0	38.08	18.68	15.26	32.02	35.9	13.04	11.31	29.12	15.3	28.6	36.67	18.03	25.63	14.32	24.7	24.02	32.2	42.05	19.65	23.71	38.01	36.4	15.3	36.5	25.24	35.06	26.42	25.61	32.39	13.15	35.47	29.41	13.6	17.8	15.81	16.97	29.21	31.3	25.08	34.06	17.03	36.12	28.07	35.36	
28.84	16.28	18.44	26.0	19.72	17.26	33.62	25.63	36.8	40.36	22.8	17.09	8.0	2.83	26.57	33.94	17.69	0.0	24.0	34.66	25.55	22.2	9.22	24.19	16.12	26.4	14.14	10.0	19.03	3.61	39.82	20.62	30.08	30.41	33.12	21.02	21.26	22.8	4.47	14.32	15.81	38.83	14.87	17.46	35.85	22.47	22.2	31.05	20.0	18.44	29.73	13.0	6.4	25.0	15.13	11.18	20.4	4.24	11.4	15.03	9.0	15.56	33.62	39.05	32.02	9.22	20.59	22.09	9.22	29.21	9.06	26.08	26.93	32.14	25.5	14.0	20.02	15.3	20.1	26.08	17.12	1.0	31.62	30.02	10.2	16.4	2.24	24.7	18.03	34.13	
25.3	8.54	7.21	10.0	12.21	7.62	29.83	9.0	25.18	30.15	6.32	10.0	16.0	26.08	9.06	24.0	38.9	24.0	0.0	24.02	13.15	41.15	23.77	36.12	12.81	22.47	29.53	26.0	31.4	26.17	31.02	24.84	9.43	21.1	16.76	10.3	18.87	15.23	26.31	25.24	38.08	32.06	32.2	8.06	31.58	13.0	3.61	43.86	31.24	7.21	20.1	27.29	29.27	21.93	26.63	14.87	5.66	27.17	13.34	27.46	25.63	17.03	32.89	30.02	44.55	27.51	11.66	2.83	23.77	18.03	24.7	14.14	28.65	38.28	17.72	27.78	4.12	9.49	32.8	36.77	27.8	25.0	33.11	27.51	14.14	14.87	26.02	9.06	13.45	29.61	
9.0	28.46	28.86	14.04	16.12	22.47	9.43	15.03	2.24	6.32	30.15	31.32	29.41	34.83	15.0	1.0	39.85	34.66	24.02	0.0	11.4	38.47	40.22	28.0	33.84	9.49	28.79	28.65	26.48	38.18	7.0	17.72	32.25	4.24	8.94	16.16	13.6	12.21	38.9	24.17	40.85	8.54	31.62	29.12	9.9	13.42	27.17	33.54	25.32	21.19	5.0	27.31	36.06	10.77	24.7	32.65	28.44	38.9	25.24	25.63	41.4	19.1	13.89	6.0	33.73	42.64	34.71	22.2	27.46	6.32	40.8	10.44	15.03	23.41	9.22	26.93	25.5	23.26	27.29	27.07	24.04	35.38	16.16	10.2	26.63	36.06	36.8	15.13	17.2	8.6	
12.53	17.09	17.46	3.61	5.83	11.18	16.76	4.47	13.0	17.72	19.0	19.92	19.1	26.4	5.0	11.18	35.01	25.55	13.15	11.4	0.0	35.36	29.73	27.31	22.47	10.0	24.02	22.2	23.77	28.84	18.25	15.23	22.14	8.0	7.62	5.0	8.54	4.12	29.41	19.03	35.23	19.0	27.02	17.72	18.44	3.16	16.0	34.48	23.09	9.85	7.0	22.0	28.46	9.9	20.1	21.63	17.12	29.68	14.87	21.1	31.11	11.18	20.12	17.26	34.99	32.56	23.35	11.0	20.4	5.1	30.41	1.0	16.97	26.87	5.0	22.02	14.14	12.21	25.0	27.29	20.4	26.42	20.81	14.76	16.28	24.7	27.78	4.12	7.62	16.49	
29.61	35.81	38.01	37.85	31.05	33.54	31.95	38.08	40.61	41.76	42.44	37.64	27.66	19.42	39.05	37.48	6.0	22.2	41.15	38.47	35.36	0.0	30.89	11.66	37.48	29.15	11.7	15.26	12.04	23.71	40.16	21.02	49.4	35.13	42.05	33.24	27.07	31.26	24.6	16.49	9.0	37.7	8.94	37.2	33.62	32.56	40.82	13.0	13.15	34.01	35.06	13.93	16.12	28.07	15.3	32.53	39.66	23.26	28.3	14.32	29.97	25.0	29.07	39.85	13.93	29.15	41.77	38.48	17.49	36.0	30.41	35.23	24.04	21.26	32.02	13.6	38.08	31.76	11.18	13.6	15.03	21.63	25.94	29.12	28.02	38.21	21.95	37.11	29.12	32.89	
35.85	15.23	16.76	29.07	24.21	19.21	40.85	28.43	42.2	46.32	20.22	14.32	10.82	11.7	29.21	39.66	25.81	9.22	23.77	40.22	29.73	30.89	0.0	33.38	12.04	33.11	23.35	19.1	28.16	7.21	46.14	28.64	27.02	36.06	36.8	24.76	27.73	28.02	6.4	23.02	23.43	45.62	24.04	15.81	43.08	27.02	20.88	40.26	29.07	20.62	35.23	22.09	14.76	31.78	24.0	8.94	18.68	7.81	15.0	24.02	2.0	21.93	41.48	45.28	41.23	4.0	16.03	22.83	18.0	34.21	1.0	30.48	34.93	41.01	31.06	23.09	19.7	17.69	29.27	35.23	26.0	9.49	39.81	37.34	13.6	11.05	8.94	27.66	23.02	41.23	
19.0	33.02	35.0	30.41	24.41	29.0	20.62	30.89	30.02	30.59	39.05	35.51	26.4	22.02	31.76	27.0	15.62	24.19	36.12	28.0	27.31	11.66	33.38	0.0	36.24	19.24	10.05	14.32	5.39	27.02	28.86	12.08	45.25	25.18	32.98	26.63	18.79	23.26	28.02	11.66	18.03	26.25	10.2	34.41	22.14	25.06	36.8	7.81	5.0	29.0	25.32	11.4	20.1	18.44	10.3	31.78	36.24	27.0	25.24	9.85	33.14	19.1	17.46	28.64	8.6	33.02	39.96	33.3	15.81	26.68	33.24	26.93	13.04	10.0	23.09	10.44	33.97	27.66	4.12	2.24	8.6	24.08	14.32	18.11	25.55	37.58	25.02	30.02	22.8	21.59	
32.06	5.39	5.66	20.59	18.25	11.4	37.12	19.72	35.47	40.16	8.25	2.83	10.0	18.87	20.25	33.53	33.6	16.12	12.81	33.84	22.47	37.48	12.04	36.24	0.0	29.07	27.2	22.8	30.89	16.76	40.52	27.66	15.0	30.08	28.3	17.72	24.0	22.36	16.49	24.6	31.91	40.79	29.07	5.0	39.2	20.62	9.43	43.91	31.3	12.65	29.12	25.24	22.47	28.02	25.94	5.0	7.21	17.72	11.4	26.42	14.04	19.24	39.01	39.56	44.78	16.03	4.47	12.81	20.81	27.51	13.04	23.41	33.24	41.48	25.5	26.08	9.22	11.05	32.25	37.58	27.73	17.0	38.21	34.01	10.77	2.24	17.46	19.24	18.03	37.22	
3.0	24.0	25.08	13.6	11.05	18.03	8.06	14.42	11.7	14.21	27.66	27.0	22.47	26.17	15.0	8.54	30.36	26.4	22.47	9.49	10.0	29.15	33.11	19.24	29.07	0.0	19.31	19.42	17.12	30.0	13.45	8.25	31.78	6.0	13.93	12.37	5.39	7.28	30.81	14.76	31.38	12.53	22.14	25.02	10.2	9.49	24.74	25.63	16.03	17.12	6.08	17.89	27.02	1.41	15.23	26.68	25.32	30.61	18.68	16.16	34.0	11.18	10.44	12.73	26.0	34.99	31.06	19.92	18.44	7.62	33.54	9.22	7.21	17.03	5.0	17.46	22.36	18.03	18.03	18.68	14.56	27.02	10.82	5.1	19.92	31.14	28.43	13.89	11.05	8.25	
20.59	24.76	26.91	26.31	19.42	21.95	24.21	26.48	31.02	33.12	31.24	26.91	17.2	12.0	27.46	27.86	11.18	14.14	29.53	28.79	24.02	11.7	23.35	10.05	27.2	19.31	0.0	4.47	5.1	17.0	31.91	11.18	38.01	25.0	31.06	21.59	16.12	20.0	18.0	5.0	12.08	30.0	3.0	26.17	26.25	21.1	29.41	17.09	6.32	22.36	24.74	2.24	10.44	18.03	4.12	22.47	28.43	17.03	17.03	3.16	23.09	13.34	22.67	31.38	18.03	23.0	31.24	26.83	6.4	25.32	23.19	24.0	16.28	18.68	21.21	2.0	26.63	20.25	6.0	12.0	5.0	14.04	20.0	20.81	16.97	28.3	15.0	25.5	17.46	25.0	
21.26	20.62	22.8	24.0	17.0	18.38	25.5	24.02	30.89	33.6	27.2	22.63	12.81	8.25	25.02	27.78	13.15	10.0	26.0	28.65	22.2	15.26	19.1	14.32	22.8	19.42	4.47	0.0	9.06	13.15	32.65	12.04	34.13	24.6	29.61	19.03	15.23	18.44	14.14	5.0	13.04	31.11	6.4	22.02	27.66	19.1	25.55	21.54	10.0	18.97	24.17	3.0	7.81	18.03	5.39	18.03	24.41	13.34	13.04	5.1	19.0	11.05	24.7	32.02	22.47	19.1	26.91	23.41	2.24	24.35	19.03	22.36	18.03	22.2	20.25	4.0	22.83	16.55	10.2	16.12	7.28	10.05	22.36	21.93	12.81	23.85	11.18	23.02	15.0	26.17	
17.72	27.8	29.83	26.57	20.12	24.08	20.59	26.93	28.64	30.08	33.97	30.23	21.02	17.03	27.86	25.5	13.89	19.03	31.4	26.48	23.77	12.04	28.16	5.39	30.89	17.12	5.1	9.06	0.0	22.02	28.64	9.0	40.36	23.09	30.15	22.36	15.3	19.65	23.02	6.4	15.62	26.42	6.4	29.21	22.47	21.19	31.83	13.04	1.41	24.21	23.02	6.08	15.52	16.03	5.0	26.4	31.14	22.09	20.0	4.47	28.02	14.42	18.44	28.23	13.89	28.02	34.67	28.6	10.44	24.02	28.07	23.54	12.53	13.6	20.1	5.1	29.0	22.63	1.41	7.07	3.61	19.0	15.56	17.46	20.25	32.2	20.02	26.0	18.36	21.47	
32.45	18.0	20.02	29.07	23.02	19.92	37.22	28.64	40.31	43.93	24.19	18.25	10.44	5.0	29.55	37.48	18.6	3.61	26.17	38.18	28.84	23.71	7.21	27.02	16.76	30.0	17.0	13.15	22.02	0.0	43.42	24.17	31.4	33.94	36.36	24.19	24.84	26.25	1.0	17.72	16.28	42.44	17.26	19.03	39.45	25.81	24.0	33.54	23.09	21.19	33.24	16.12	7.62	28.6	18.44	12.17	22.02	1.0	14.32	18.25	6.32	19.1	37.16	42.64	34.53	6.0	21.19	24.52	12.65	32.65	6.71	29.41	30.46	35.36	29.0	17.12	22.09	18.03	23.0	29.0	20.4	3.16	35.11	33.62	13.0	16.55	2.0	27.73	21.4	37.74	
11.4	35.17	35.69	21.02	22.47	29.12	8.25	22.02	6.32	2.24	37.12	38.08	35.36	39.62	22.0	7.07	42.49	39.82	31.02	7.0	18.25	40.16	46.14	28.86	40.52	13.45	31.91	32.65	28.64	43.42	0.0	20.81	39.2	10.44	15.52	22.8	18.6	18.38	44.2	27.8	43.91	3.16	34.48	35.9	7.0	19.92	34.13	33.02	27.31	27.89	11.4	30.81	40.36	14.87	28.02	39.0	35.36	44.05	31.3	28.84	47.17	24.41	12.0	1.0	33.0	48.26	41.59	29.15	31.83	13.15	46.65	17.26	16.16	22.02	15.23	30.23	32.39	29.73	29.15	27.46	26.93	40.46	15.03	11.18	32.65	42.72	41.87	22.09	23.26	7.28	
9.43	23.41	25.08	18.36	12.73	18.36	13.45	18.87	19.92	21.95	28.65	26.25	19.0	19.72	19.72	16.76	22.14	20.62	24.84	17.72	15.23	21.02	28.64	12.08	27.66	8.25	11.18	12.04	9.0	24.17	20.81	0.0	34.21	14.14	21.21	14.87	6.71	11.18	25.08	7.07	23.26	19.1	13.93	24.7	15.62	13.04	26.08	19.42	8.06	18.03	14.04	10.0	19.85	7.07	7.21	24.08	25.94	24.6	16.28	8.06	29.12	8.54	13.0	20.25	20.0	29.73	30.68	22.02	11.66	15.03	28.86	14.87	6.32	13.93	11.18	9.43	23.32	17.46	10.05	12.21	6.32	21.02	11.18	9.9	17.12	29.43	22.36	18.03	11.4	14.14	
34.54	13.93	11.7	18.68	21.63	16.28	38.9	17.72	33.06	38.05	7.28	13.15	22.47	32.57	17.46	32.39	46.52	30.08	9.43	32.25	22.14	49.4	27.02	45.25	15.0	31.78	38.01	34.13	40.36	31.4	39.2	34.21	0.0	29.83	24.0	19.72	28.3	24.6	31.26	34.06	45.31	40.61	40.5	12.65	40.52	22.36	8.6	53.04	40.31	16.28	28.86	35.81	36.06	31.3	35.47	19.24	9.85	32.39	21.1	36.24	29.02	26.17	42.15	38.21	53.76	31.02	11.18	12.21	31.91	26.68	28.02	23.09	38.08	47.71	26.93	36.4	11.4	17.8	41.77	46.01	36.8	31.05	42.49	36.77	21.47	16.12	31.78	18.03	22.8	38.6	
6.71	24.74	25.32	11.18	12.08	18.68	9.43	12.17	6.4	10.3	27.0	27.66	25.24	30.61	12.37	3.61	36.14	30.41	21.1	4.24	8.0	35.13	36.06	25.18	30.08	6.0	25.0	24.6	23.09	33.94	10.44	14.14	29.83	0.0	8.6	12.37	9.43	8.06	34.66	20.25	37.0	11.0	27.89	25.5	10.77	9.49	24.0	31.32	22.02	17.46	1.0	23.41	31.91	7.07	20.88	28.64	25.08	34.66	21.1	21.84	37.2	14.87	13.45	9.49	31.62	38.42	31.26	19.0	23.32	3.16	36.62	7.0	12.65	21.95	5.0	23.09	22.09	19.31	24.02	24.52	20.4	31.14	15.0	8.6	22.47	32.28	32.56	12.04	13.04	8.94	
15.26	23.02	22.83	7.81	13.42	17.69	17.69	8.6	9.22	14.14	23.09	25.55	26.4	34.01	8.06	9.43	42.19	33.12	16.76	8.94	7.62	42.05	36.8	32.98	28.3	13.93	31.06	29.61	30.15	36.36	15.52	21.21	24.0	8.6	0.0	12.21	15.0	11.18	36.89	26.08	42.58	17.46	34.06	23.32	18.6	10.77	20.25	39.56	29.27	16.28	8.06	29.15	36.06	14.56	27.02	28.32	21.93	37.22	22.2	28.02	38.29	18.68	21.93	14.56	39.92	39.82	28.23	15.65	27.89	6.32	37.54	7.28	21.02	30.53	10.05	29.07	19.24	19.1	31.26	32.57	27.02	34.0	23.6	17.2	23.6	30.53	35.36	9.22	15.23	17.03	
15.3	12.37	13.04	5.1	2.24	6.32	20.1	5.0	17.89	22.47	15.3	15.3	14.21	22.14	6.0	15.81	32.14	21.02	10.3	16.16	5.0	33.24	24.76	26.63	17.72	12.37	21.59	19.03	22.36	24.19	22.8	14.87	19.72	12.37	12.21	0.0	8.6	5.1	24.7	16.76	32.0	23.19	24.52	13.15	22.02	3.0	12.37	34.21	21.95	5.1	11.4	19.42	24.52	11.7	18.03	16.64	13.04	25.06	10.0	18.97	26.17	8.25	22.8	21.84	34.83	27.66	19.03	7.62	17.0	9.85	25.46	5.83	18.36	28.02	8.0	19.65	10.05	7.21	23.71	27.02	18.79	21.93	22.85	17.46	11.4	19.92	23.26	4.0	4.12	20.02	
8.25	19.1	20.4	11.66	6.71	13.34	13.34	12.21	15.81	19.1	23.41	22.09	17.09	21.26	13.04	12.81	27.29	21.26	18.87	13.6	8.54	27.07	27.73	18.79	24.0	5.39	16.12	15.23	15.3	24.84	18.6	6.71	28.3	9.43	15.0	8.6	0.0	4.47	25.61	11.18	27.89	17.89	19.1	20.22	15.52	6.4	20.62	26.08	14.56	12.65	8.94	14.32	22.47	4.12	12.04	21.38	20.88	25.5	13.34	13.04	28.65	5.83	15.03	17.8	26.63	29.68	26.31	16.12	13.89	9.22	28.18	8.25	9.85	19.42	5.1	14.14	18.03	13.04	16.49	18.87	12.04	21.93	14.56	10.05	14.56	26.02	23.35	11.4	6.08	13.6	
10.2	17.12	18.0	7.21	4.12	11.05	15.03	7.81	14.21	18.36	20.4	20.1	17.2	23.32	8.6	11.66	31.06	22.8	15.23	12.21	4.12	31.26	28.02	23.26	22.36	7.28	20.0	18.44	19.65	26.25	18.38	11.18	24.6	8.06	11.18	5.1	4.47	0.0	26.91	15.0	31.4	18.44	23.0	18.03	17.0	2.24	17.46	30.53	18.97	10.0	7.21	18.03	25.08	6.71	16.03	20.62	18.11	27.02	13.04	17.03	29.21	7.62	17.72	17.46	31.06	30.48	24.0	12.65	16.76	6.4	28.6	4.0	13.6	23.43	3.16	18.0	15.13	11.4	20.88	23.32	16.28	23.6	17.89	12.37	14.42	24.52	25.0	7.07	5.0	15.0	
33.29	18.03	20.0	29.53	23.6	20.25	38.08	29.07	41.01	44.69	24.08	18.11	10.77	6.0	29.97	38.21	19.42	4.47	26.31	38.9	29.41	24.6	6.4	28.02	16.49	30.81	18.0	14.14	23.02	1.0	44.2	25.08	31.26	34.66	36.89	24.7	25.61	26.91	0.0	18.68	17.03	43.27	18.25	19.0	40.31	26.4	24.02	34.53	24.08	21.54	33.94	17.12	8.54	29.41	19.42	12.04	22.0	1.41	14.76	19.24	5.39	19.85	38.08	43.42	35.51	5.0	20.88	24.74	13.6	33.3	5.83	30.0	31.38	36.35	29.7	18.11	22.2	18.38	24.0	30.0	21.38	4.12	36.06	34.48	13.42	16.16	3.0	28.18	22.02	38.59	
16.4	21.4	23.43	21.38	14.56	17.8	20.52	21.59	26.4	28.84	27.59	23.85	14.87	13.0	22.56	23.26	16.12	14.32	25.24	24.17	19.03	16.49	23.02	11.66	24.6	14.76	5.0	5.0	6.4	17.72	27.8	7.07	34.06	20.25	26.08	16.76	11.18	15.0	18.68	0.0	16.76	26.17	8.0	22.8	22.67	16.12	25.5	19.42	6.71	18.03	19.92	3.16	12.81	13.42	1.41	20.25	24.76	18.03	13.6	2.24	23.19	8.54	19.72	27.2	20.25	23.54	28.3	22.47	5.1	20.4	23.09	19.0	13.04	18.0	16.28	3.0	22.67	16.28	7.81	13.0	3.16	14.56	17.46	16.97	13.89	26.0	15.81	20.62	12.65	21.21	
32.65	31.38	33.62	37.01	30.02	30.59	36.06	37.0	43.08	45.18	38.08	32.65	22.85	13.04	38.0	39.92	3.0	15.81	38.08	40.85	35.23	9.0	23.43	18.03	31.91	31.38	12.08	13.04	15.62	16.28	43.91	23.26	45.31	37.0	42.58	32.0	27.89	31.4	17.03	16.76	0.0	41.88	9.43	32.7	38.01	32.14	37.0	21.59	17.03	31.4	36.69	13.6	9.43	30.08	16.16	26.93	35.47	15.62	24.74	15.23	22.2	24.08	34.06	43.42	22.56	21.1	36.36	35.69	15.0	37.11	22.8	35.36	28.02	28.02	32.98	13.93	34.48	28.64	15.56	20.25	17.0	15.0	31.14	32.76	24.04	32.2	14.87	36.0	28.02	36.89	
10.0	35.51	36.22	22.09	22.56	29.43	5.83	23.09	8.6	5.39	38.0	38.47	34.93	38.42	23.19	8.25	40.31	38.83	32.06	8.54	19.0	37.7	45.62	26.25	40.79	12.53	30.0	31.11	26.42	42.44	3.16	19.1	40.61	11.0	17.46	23.19	17.89	18.44	43.27	26.17	41.88	0.0	32.45	36.35	4.12	20.22	35.0	30.07	25.06	28.28	12.0	29.07	38.9	13.89	26.25	38.9	36.06	43.01	31.02	27.02	46.53	23.71	9.06	3.61	30.02	47.51	42.19	30.0	30.48	14.04	46.07	18.0	13.89	19.0	15.3	28.43	33.06	29.83	26.83	24.74	25.0	39.41	12.17	9.22	32.31	42.95	40.8	23.02	23.09	5.0	
23.26	27.02	29.21	29.27	22.36	24.6	26.63	29.43	33.84	35.78	33.6	29.0	19.1	12.37	30.41	30.68	8.25	14.87	32.2	31.62	27.02	8.94	24.04	10.2	29.07	22.14	3.0	6.4	6.4	17.26	34.48	13.93	40.5	27.89	34.06	24.52	19.1	23.0	18.25	8.0	9.43	32.45	0.0	28.43	28.6	24.08	31.91	16.28	7.81	25.08	27.66	5.1	10.0	20.88	7.07	24.21	30.81	17.12	19.42	6.08	23.54	16.28	24.76	34.0	17.26	23.19	33.24	29.55	8.6	28.28	23.77	27.0	18.6	19.7	24.19	5.0	29.15	22.83	6.71	12.37	7.62	14.56	21.93	23.32	19.21	30.0	15.3	28.44	20.4	27.46	
28.02	1.41	1.0	15.65	14.0	7.0	33.0	14.76	30.68	35.44	5.39	2.24	9.85	19.92	15.26	28.86	34.0	17.46	8.06	29.12	17.72	37.2	15.81	34.41	5.0	25.02	26.17	22.02	29.21	19.03	35.9	24.7	12.65	25.5	23.32	13.15	20.22	18.03	19.0	22.8	32.7	36.35	28.43	0.0	35.01	16.12	5.1	42.2	29.41	8.06	24.52	24.04	23.41	24.08	24.21	7.07	3.0	20.02	9.22	24.84	17.72	16.16	35.23	34.93	43.01	19.65	6.08	7.81	19.85	22.8	16.76	18.68	29.83	38.63	21.1	24.76	4.24	7.28	30.61	35.51	25.81	18.44	34.71	30.07	9.22	7.21	19.24	14.32	14.14	33.02	
7.28	34.06	35.0	21.84	21.02	28.02	2.24	22.8	10.82	9.06	37.22	37.05	32.57	35.23	23.09	9.22	36.36	35.85	31.58	9.9	18.44	33.62	43.08	22.14	39.2	10.2	26.25	27.66	22.47	39.45	7.0	15.62	40.52	10.77	18.6	22.02	15.52	17.0	40.31	22.67	38.01	4.12	28.6	35.01	0.0	19.03	34.23	26.02	21.1	27.0	11.7	25.46	35.47	11.4	22.63	36.88	35.06	39.96	28.86	23.35	43.86	21.19	5.0	7.07	26.0	44.72	41.0	29.27	27.2	13.93	43.46	17.46	10.0	15.03	14.04	24.76	32.06	28.16	22.83	20.62	21.26	36.36	8.06	5.83	30.08	41.3	37.74	22.56	21.21	2.0	
12.37	15.3	16.03	5.39	2.83	9.22	17.12	5.83	15.26	19.7	18.25	18.25	16.28	23.26	6.71	13.0	32.0	22.47	13.0	13.42	3.16	32.56	27.02	25.06	20.62	9.49	21.1	19.1	21.19	25.81	19.92	13.04	22.36	9.49	10.77	3.0	6.4	2.24	26.4	16.12	32.14	20.22	24.08	16.12	19.03	0.0	15.3	32.45	20.62	8.06	8.54	19.03	25.3	8.94	17.26	19.24	16.03	26.63	12.04	18.25	28.32	8.06	19.92	18.97	33.02	29.7	22.02	10.44	17.26	7.21	27.66	3.61	15.81	25.61	5.0	19.1	13.04	9.85	22.47	25.24	17.72	23.32	20.12	14.56	13.45	22.8	24.7	5.0	4.47	17.03	
27.66	6.0	4.12	13.15	13.93	7.81	32.39	12.17	28.44	33.38	3.0	6.71	14.32	24.52	12.37	27.07	38.08	22.2	3.61	27.17	16.0	40.82	20.88	36.8	9.43	24.74	29.41	25.55	31.83	24.0	34.13	26.08	8.6	24.0	20.25	12.37	20.62	17.46	24.02	25.5	37.0	35.0	31.91	5.1	34.23	15.3	0.0	44.6	31.83	8.06	23.0	27.2	27.89	24.04	26.91	12.17	2.24	25.0	12.53	27.66	22.8	17.8	35.17	33.14	45.34	24.74	8.06	5.0	23.32	21.02	21.84	17.0	30.46	39.82	20.22	27.8	2.83	9.22	33.24	37.64	28.28	23.19	35.11	29.83	13.0	11.4	24.08	12.04	14.76	32.25	
24.74	40.8	42.8	37.74	32.02	36.8	25.02	38.28	35.36	35.0	46.86	43.27	34.0	28.64	39.12	32.56	18.68	31.05	43.86	33.54	34.48	13.0	40.26	7.81	43.91	25.63	17.09	21.54	13.04	33.54	33.02	19.42	53.04	31.32	39.56	34.21	26.08	30.53	34.53	19.42	21.59	30.07	16.28	42.2	26.02	32.45	44.6	0.0	12.81	36.77	31.62	18.79	26.17	25.08	18.03	39.36	44.05	33.38	33.02	17.49	39.81	26.87	21.02	33.0	1.0	39.46	47.71	41.04	23.26	33.24	40.02	34.0	18.68	11.18	29.97	17.89	41.77	35.47	11.66	7.21	16.4	30.81	18.0	23.35	33.29	45.18	31.58	37.44	30.48	26.02	
16.49	28.02	30.0	26.0	19.72	24.04	19.24	26.4	27.46	28.79	34.06	30.53	21.54	18.11	27.31	24.33	15.26	20.0	31.24	25.32	23.09	13.15	29.07	5.0	31.3	16.03	6.32	10.0	1.41	23.09	27.31	8.06	40.31	22.02	29.27	21.95	14.56	18.97	24.08	6.71	17.03	25.06	7.81	29.41	21.1	20.62	31.83	12.81	0.0	24.08	22.0	7.0	16.76	15.0	5.39	26.93	31.24	23.19	20.25	5.1	29.0	14.21	17.03	26.93	13.6	29.07	34.99	28.43	11.18	23.09	29.02	22.8	11.18	12.37	19.24	6.0	29.0	22.67	2.0	6.32	3.61	20.02	14.14	16.16	20.59	32.7	21.1	25.5	18.03	20.12	
20.1	7.28	8.0	8.49	6.08	1.41	25.02	7.81	22.85	27.51	10.77	10.2	10.77	20.1	8.6	20.88	32.02	18.44	7.21	21.19	9.85	34.01	20.62	29.0	12.65	17.12	22.36	18.97	24.21	21.19	27.89	18.03	16.28	17.46	16.28	5.1	12.65	10.0	21.54	18.03	31.4	28.28	25.08	8.06	27.0	8.06	8.06	36.77	24.08	0.0	16.49	20.12	23.0	16.28	19.42	12.04	8.25	22.14	7.07	20.25	22.2	9.9	27.46	26.93	37.48	23.85	14.0	4.47	16.76	14.87	21.4	10.77	22.47	31.76	13.04	20.59	5.39	3.16	25.61	29.73	20.62	19.42	27.2	22.2	8.25	14.87	20.62	7.07	6.71	25.0	
7.21	23.77	24.33	10.2	11.18	17.72	10.3	11.18	7.07	11.18	26.0	26.68	24.41	30.0	11.4	4.47	35.9	29.73	20.1	5.0	7.0	35.06	35.23	25.32	29.12	6.08	24.74	24.17	23.02	33.24	11.4	14.04	28.86	1.0	8.06	11.4	8.94	7.21	33.94	19.92	36.69	12.0	27.66	24.52	11.7	8.54	23.0	31.62	22.0	16.49	0.0	23.09	31.38	7.0	20.62	27.73	24.08	33.97	20.25	21.59	36.4	14.21	14.21	10.44	31.95	37.64	30.27	18.0	22.83	2.24	35.81	6.0	13.0	22.47	4.24	22.8	21.1	18.38	24.0	24.74	20.22	30.48	15.62	9.22	21.63	31.32	31.89	11.05	12.21	9.85	
19.42	22.63	24.76	24.19	17.26	19.72	23.35	24.33	29.55	31.91	29.07	24.84	15.26	11.18	25.32	26.4	13.04	13.0	27.29	27.31	22.0	13.93	22.09	11.4	25.24	17.89	2.24	3.0	6.08	16.12	30.81	10.0	35.81	23.41	29.15	19.42	14.32	18.03	17.12	3.16	13.6	29.07	5.1	24.04	25.46	19.03	27.2	18.79	7.0	20.12	23.09	0.0	10.3	16.55	2.83	20.59	26.25	16.28	14.87	2.24	22.0	11.18	22.2	30.23	19.7	22.09	29.21	24.6	4.47	23.54	22.02	22.02	15.62	19.24	19.42	1.0	24.41	18.03	7.28	13.15	4.47	13.04	19.72	19.85	14.87	26.42	14.14	23.35	15.3	24.08	
29.0	22.14	24.35	29.61	22.8	22.02	33.3	29.43	38.28	41.23	28.79	23.26	13.6	3.61	30.41	35.23	11.31	6.4	29.27	36.06	28.46	16.12	14.76	20.1	22.47	27.02	10.44	7.81	15.52	7.62	40.36	19.85	36.06	31.91	36.06	24.52	22.47	25.08	8.54	12.81	9.43	38.9	10.0	23.41	35.47	25.3	27.89	26.17	16.76	23.0	31.38	10.3	0.0	25.61	13.04	17.49	26.25	7.28	16.03	12.53	13.93	17.46	32.45	39.7	27.17	13.34	26.93	27.07	8.6	31.3	14.32	28.79	25.81	29.12	27.29	11.18	25.5	20.02	16.28	22.2	14.76	5.66	30.02	29.73	15.13	22.8	5.83	28.44	20.88	33.97	
4.12	23.02	24.19	13.45	10.2	17.12	9.22	14.21	13.0	15.62	26.93	26.02	21.19	24.76	14.87	9.85	29.12	25.0	21.93	10.77	9.9	28.07	31.78	18.44	28.02	1.41	18.03	18.03	16.03	28.6	14.87	7.07	31.3	7.07	14.56	11.7	4.12	6.71	29.41	13.42	30.08	13.89	20.88	24.08	11.4	8.94	24.04	25.08	15.0	16.28	7.0	16.55	25.61	0.0	13.93	25.5	24.52	29.21	17.46	14.87	32.65	9.85	11.18	14.14	25.5	33.62	30.15	19.31	17.03	8.25	32.2	9.22	7.07	16.97	5.0	16.16	21.59	17.0	17.0	18.03	13.34	25.61	11.18	6.0	18.68	30.07	27.02	13.6	10.0	9.49	
16.64	22.8	24.84	22.56	15.81	19.21	20.52	22.8	26.93	29.15	29.0	25.24	16.16	13.6	23.77	23.77	15.3	15.13	26.63	24.7	20.1	15.3	24.0	10.3	25.94	15.23	4.12	5.39	5.0	18.44	28.02	7.21	35.47	20.88	27.02	18.03	12.04	16.03	19.42	1.41	16.16	26.25	7.07	24.21	22.63	17.26	26.91	18.03	5.39	19.42	20.62	2.83	13.04	13.93	0.0	21.54	26.17	18.68	15.0	1.0	24.08	9.85	19.42	27.46	18.87	24.33	29.68	23.85	6.0	21.21	24.02	20.02	12.81	17.03	17.12	2.24	24.08	17.69	6.4	11.7	2.0	15.3	17.0	17.03	15.26	27.31	16.49	21.84	13.93	21.26	
29.61	6.32	8.06	20.52	16.55	10.63	34.71	19.8	34.48	38.91	12.04	6.08	5.39	13.89	20.52	32.2	28.6	11.18	14.87	32.65	21.63	32.53	8.94	31.78	5.0	26.68	22.47	18.03	26.4	12.17	39.0	24.08	19.24	28.64	28.32	16.64	21.38	20.62	12.04	20.25	26.93	38.9	24.21	7.07	36.88	19.24	12.17	39.36	26.93	12.04	27.73	20.59	17.49	25.5	21.54	0.0	10.05	13.15	8.06	21.93	10.77	16.03	36.12	38.08	40.25	12.65	9.43	13.89	16.12	26.42	9.85	22.47	30.0	37.66	23.77	21.47	10.77	9.43	27.73	33.24	23.41	12.08	35.0	31.4	7.0	5.83	12.65	19.1	15.81	34.93	
28.28	4.12	2.0	14.56	14.32	7.62	33.14	13.6	29.83	34.71	2.83	4.47	12.65	22.8	13.93	28.28	36.67	20.4	5.66	28.44	17.12	39.66	18.68	36.24	7.21	25.32	28.43	24.41	31.14	22.02	35.36	25.94	9.85	25.08	21.93	13.04	20.88	18.11	22.0	24.76	35.47	36.06	30.81	3.0	35.06	16.03	2.24	44.05	31.24	8.25	24.08	26.25	26.25	24.52	26.17	10.05	0.0	23.02	11.4	26.87	20.62	17.49	35.69	34.37	44.82	22.56	6.32	6.32	22.2	22.2	19.65	18.11	30.68	39.81	21.02	26.91	3.0	8.6	32.56	37.2	27.66	21.38	35.44	30.41	11.66	9.22	22.2	13.34	14.87	33.06	
33.02	19.0	21.02	29.97	23.85	20.88	37.74	29.55	41.04	44.6	25.18	19.24	11.4	5.1	30.46	38.18	18.03	4.24	27.17	38.9	29.68	23.26	7.81	27.0	17.72	30.61	17.03	13.34	22.09	1.0	44.05	24.6	32.39	34.66	37.22	25.06	25.5	27.02	1.41	18.03	15.62	43.01	17.12	20.02	39.96	26.63	25.0	33.38	23.19	22.14	33.97	16.28	7.28	29.21	18.68	13.15	23.02	0.0	15.23	18.44	6.71	19.8	37.58	43.28	34.37	6.08	22.14	25.5	13.0	33.42	7.21	30.23	30.87	35.51	29.73	17.26	23.09	18.97	23.02	29.02	20.62	3.61	35.47	34.13	13.93	17.46	2.24	28.64	22.2	38.28	
21.59	7.81	9.9	14.76	9.22	6.0	26.68	14.32	27.2	31.38	14.21	10.3	4.24	13.04	15.23	24.7	25.63	11.4	13.34	25.24	14.87	28.3	15.0	25.24	11.4	18.68	17.03	13.04	20.0	14.32	31.3	16.28	21.1	21.1	22.2	10.0	13.34	13.04	14.76	13.6	24.74	31.02	19.42	9.22	28.86	12.04	12.53	33.02	20.25	7.07	20.25	14.87	16.03	17.46	15.0	8.06	11.4	15.23	0.0	15.62	16.28	8.0	28.07	30.41	33.84	17.69	14.76	11.05	10.82	19.21	15.62	15.56	22.02	30.08	16.12	15.56	9.85	4.0	21.4	26.42	16.64	12.37	27.02	23.35	1.41	13.15	13.6	13.42	8.06	26.93	
17.49	23.43	25.5	23.54	16.76	20.0	21.26	23.77	27.86	30.02	29.7	25.81	16.55	13.34	24.74	24.7	14.32	15.03	27.46	25.63	21.1	14.32	24.02	9.85	26.42	16.16	3.16	5.1	4.47	18.25	28.84	8.06	36.24	21.84	28.02	18.97	13.04	17.03	19.24	2.24	15.23	27.02	6.08	24.84	23.35	18.25	27.66	17.49	5.1	20.25	21.59	2.24	12.53	14.87	1.0	21.93	26.87	18.44	15.62	0.0	24.02	10.77	20.0	28.3	18.36	24.19	30.23	24.7	6.08	22.2	24.0	21.02	13.45	17.12	18.11	1.41	24.84	18.44	5.83	11.4	2.24	15.13	17.49	17.8	15.81	27.73	16.28	22.8	14.87	22.02	
36.67	17.09	18.68	30.61	25.5	20.81	41.63	30.0	43.42	47.43	22.2	16.28	12.04	11.18	30.81	40.8	24.7	9.0	25.63	41.4	31.11	29.97	2.0	33.14	14.04	34.0	23.09	19.0	28.02	6.32	47.17	29.12	29.02	37.2	38.29	26.17	28.65	29.21	5.39	23.19	22.2	46.53	23.54	17.72	43.86	28.32	22.8	39.81	29.0	22.2	36.4	22.0	13.93	32.65	24.08	10.77	20.62	6.71	16.28	24.02	0.0	22.83	42.06	46.32	40.79	2.0	18.03	24.6	18.11	35.47	1.0	31.83	35.44	41.11	32.2	23.0	21.54	19.21	29.07	35.06	26.08	9.06	40.26	38.08	14.87	13.04	8.25	29.21	24.21	42.05	
13.93	14.87	16.55	13.04	6.08	10.0	18.97	13.15	21.26	24.84	20.25	17.72	11.4	15.81	14.14	18.38	24.02	15.56	17.03	19.1	11.18	25.0	21.93	19.1	19.24	11.18	13.34	11.05	14.42	19.1	24.41	8.54	26.17	14.87	18.68	8.25	5.83	7.62	19.85	8.54	24.08	23.71	16.28	16.16	21.19	8.06	17.8	26.87	14.21	9.9	14.21	11.18	17.46	9.85	9.85	16.03	17.49	19.8	8.0	10.77	22.83	0.0	20.1	23.6	27.59	23.85	22.14	14.21	9.22	13.89	22.36	11.4	14.04	22.47	10.0	11.4	15.0	8.94	15.81	19.85	10.82	16.28	19.03	15.52	9.06	21.1	17.69	12.17	4.12	19.31	
7.62	34.13	35.36	23.71	21.38	28.28	4.47	24.6	15.23	14.04	38.08	37.12	31.4	32.65	25.06	13.04	32.2	33.62	32.89	13.89	20.12	29.07	41.48	17.46	39.01	10.44	22.67	24.7	18.44	37.16	12.0	13.0	42.15	13.45	21.93	22.8	15.03	17.72	38.08	19.72	34.06	9.06	24.76	35.23	5.0	19.92	35.17	21.02	17.03	27.46	14.21	22.2	32.45	11.18	19.42	36.12	35.69	37.58	28.07	20.0	42.06	20.1	0.0	12.04	21.0	42.72	41.3	30.36	24.6	16.4	41.76	19.24	6.71	10.05	15.23	21.4	32.76	28.07	18.6	15.81	17.8	34.01	3.16	5.39	29.15	41.0	35.34	24.17	21.1	5.39	
10.82	34.21	34.71	20.02	21.54	28.16	8.06	21.02	5.39	2.0	36.12	37.11	34.48	38.9	21.0	6.08	42.05	39.05	30.02	6.0	17.26	39.85	45.28	28.64	39.56	12.73	31.38	32.02	28.23	42.64	1.0	20.25	38.21	9.49	14.56	21.84	17.8	17.46	43.42	27.2	43.42	3.61	34.0	34.93	7.07	18.97	33.14	33.0	26.93	26.93	10.44	30.23	39.7	14.14	27.46	38.08	34.37	43.28	30.41	28.3	46.32	23.6	12.04	0.0	33.02	47.43	40.61	28.16	31.14	12.17	45.79	16.28	15.81	22.09	14.32	29.68	31.4	28.79	28.79	27.29	26.42	39.7	15.0	10.77	31.76	41.76	41.11	21.1	22.36	7.07	
25.0	41.62	43.6	38.28	32.65	37.54	25.08	38.83	35.51	35.01	47.63	44.1	34.89	29.61	39.66	32.76	19.65	32.02	44.55	33.73	34.99	13.93	41.23	8.6	44.78	26.0	18.03	22.47	13.89	34.53	33.0	20.0	53.76	31.62	39.92	34.83	26.63	31.06	35.51	20.25	22.56	30.02	17.26	43.01	26.0	33.02	45.34	1.0	13.6	37.48	31.95	19.7	27.17	25.5	18.87	40.25	44.82	34.37	33.84	18.36	40.79	27.59	21.0	33.02	0.0	40.45	48.55	41.73	24.17	33.62	41.0	34.48	18.97	11.05	30.41	18.79	42.52	36.24	12.53	7.81	17.2	31.78	18.03	23.54	34.13	46.07	32.56	38.01	31.14	26.08	
37.59	18.97	20.62	32.2	26.87	22.47	42.49	31.62	44.69	48.6	24.19	18.25	13.45	11.0	32.45	42.01	23.71	9.22	27.51	42.64	32.56	29.15	4.0	33.02	16.03	34.99	23.0	19.1	28.02	6.0	48.26	29.73	31.02	38.42	39.82	27.66	29.68	30.48	5.0	23.54	21.1	47.51	23.19	19.65	44.72	29.7	24.74	39.46	29.07	23.85	37.64	22.09	13.34	33.62	24.33	12.65	22.56	6.08	17.69	24.19	2.0	23.85	42.72	47.43	40.45	0.0	20.02	26.4	18.44	36.8	3.0	33.24	36.06	41.3	33.42	23.09	23.41	20.81	29.0	35.0	26.31	9.06	40.8	38.91	16.28	15.03	8.0	30.81	25.5	42.94	
34.06	7.28	6.0	20.88	20.02	13.04	39.01	19.92	36.14	41.0	5.66	4.47	14.14	23.32	20.25	34.53	38.01	20.59	11.66	34.71	23.35	41.77	16.03	39.96	4.47	31.06	31.24	26.91	34.67	21.19	41.59	30.68	11.18	31.26	28.23	19.03	26.31	24.0	20.88	28.3	36.36	42.19	33.24	6.08	41.0	22.02	8.06	47.71	34.99	14.0	30.27	29.21	26.93	30.15	29.68	9.43	6.32	22.14	14.76	30.23	18.03	22.14	41.3	40.61	48.55	20.02	0.0	12.65	24.84	28.44	17.03	24.33	35.9	44.6	27.02	30.0	9.22	13.34	36.06	41.18	31.38	21.47	40.79	36.12	14.42	5.0	21.93	19.65	20.22	39.0	
22.8	7.81	7.21	8.25	9.43	5.1	27.46	7.28	23.54	28.44	8.0	10.0	14.14	24.0	7.62	22.09	36.4	22.09	2.83	22.2	11.0	38.48	22.83	33.3	12.81	19.92	26.83	23.41	28.6	24.52	29.15	22.02	12.21	19.0	15.65	7.62	16.12	12.65	24.74	22.47	35.69	30.0	29.55	7.81	29.27	10.44	5.0	41.04	28.43	4.47	18.0	24.6	27.07	19.31	23.85	13.89	6.32	25.5	11.05	24.7	24.6	14.21	30.36	28.16	41.73	26.4	12.65	0.0	21.19	16.03	23.71	12.0	25.94	35.51	15.3	25.06	3.61	7.07	30.0	33.94	25.0	23.09	30.46	25.0	12.0	15.0	24.19	7.07	10.63	27.29	
20.52	18.44	20.62	22.02	15.03	16.16	25.0	22.0	29.68	32.65	25.0	20.52	10.82	8.06	23.0	26.63	15.3	9.22	23.77	27.46	20.4	17.49	18.0	15.81	20.81	18.44	6.4	2.24	10.44	12.65	31.83	11.66	31.91	23.32	27.89	17.0	13.89	16.76	13.6	5.1	15.0	30.48	8.6	19.85	27.2	17.26	23.32	23.26	11.18	16.76	22.83	4.47	8.6	17.03	6.0	16.12	22.2	13.0	10.82	6.08	18.11	9.22	24.6	31.14	24.17	18.44	24.84	21.19	0.0	22.85	18.03	20.62	17.89	23.02	18.79	5.39	20.59	14.32	11.7	17.46	8.0	9.49	22.47	21.4	10.63	21.95	10.77	21.0	13.04	25.61	
9.22	22.14	22.56	8.06	10.0	16.16	12.53	9.06	8.06	12.65	24.02	25.0	23.43	29.68	9.22	6.08	36.5	29.21	18.03	6.32	5.1	36.0	34.21	26.68	27.51	7.62	25.32	24.35	24.02	32.65	13.15	15.03	26.68	3.16	6.32	9.85	9.22	6.4	33.3	20.4	37.11	14.04	28.28	22.8	13.93	7.21	21.02	33.24	23.09	14.87	2.24	23.54	31.3	8.25	21.21	26.42	22.2	33.42	19.21	22.2	35.47	13.89	16.4	12.17	33.62	36.8	28.44	16.03	22.85	0.0	34.83	4.12	14.76	24.41	4.12	23.35	19.24	17.0	25.08	26.25	21.02	30.0	17.69	11.31	20.62	29.73	31.4	9.0	11.31	12.08	
36.25	16.16	17.72	29.83	24.84	20.0	41.23	29.21	42.8	46.87	21.21	15.3	11.4	11.4	30.0	40.22	25.24	9.06	24.7	40.8	30.41	30.41	1.0	33.24	13.04	33.54	23.19	19.03	28.07	6.71	46.65	28.86	28.02	36.62	37.54	25.46	28.18	28.6	5.83	23.09	22.8	46.07	23.77	16.76	43.46	27.66	21.84	40.02	29.02	21.4	35.81	22.02	14.32	32.2	24.02	9.85	19.65	7.21	15.62	24.0	1.0	22.36	41.76	45.79	41.0	3.0	17.03	23.71	18.03	34.83	0.0	31.14	35.17	41.05	31.62	23.02	20.62	18.44	29.15	35.13	26.02	9.22	40.02	37.7	14.21	12.04	8.54	28.43	23.6	41.63	
11.66	18.03	18.44	4.47	6.4	12.08	15.81	5.39	12.08	16.76	20.0	20.88	19.8	26.83	5.83	10.2	35.06	26.08	14.14	10.44	1.0	35.23	30.48	26.93	23.41	9.22	24.0	22.36	23.54	29.41	17.26	14.87	23.09	7.0	7.28	5.83	8.25	4.0	30.0	19.0	35.36	18.0	27.0	18.68	17.46	3.61	17.0	34.0	22.8	10.77	6.0	22.02	28.79	9.22	20.02	22.47	18.11	30.23	15.56	21.02	31.83	11.4	19.24	16.28	34.48	33.24	24.33	12.0	20.62	4.12	31.14	0.0	16.28	26.17	4.24	22.0	15.13	13.04	24.74	26.83	20.22	26.93	20.0	13.89	16.97	25.63	28.3	5.1	8.06	15.52	
6.08	28.64	30.08	20.52	16.55	23.09	8.06	21.26	17.0	17.72	33.24	31.58	25.08	25.94	21.93	14.04	26.42	26.93	28.65	15.03	16.97	24.04	34.93	13.04	33.24	7.21	16.28	18.03	12.53	30.46	16.16	6.32	38.08	12.65	21.02	18.36	9.85	13.6	31.38	13.04	28.02	13.89	18.6	29.83	10.0	15.81	30.46	18.68	11.18	22.47	13.0	15.62	25.81	7.07	12.81	30.0	30.68	30.87	22.02	13.45	35.44	14.04	6.71	15.81	18.97	36.06	35.9	25.94	17.89	14.76	35.17	16.28	0.0	9.9	12.04	14.87	27.86	22.56	13.0	12.04	11.31	27.31	5.0	5.1	23.0	35.13	28.64	20.62	15.81	8.94	
15.26	37.34	39.0	30.41	26.08	32.2	14.32	31.14	25.0	24.08	42.49	40.16	32.39	30.41	31.83	22.47	25.61	32.14	38.28	23.41	26.87	21.26	41.01	10.0	41.48	17.03	18.68	22.2	13.6	35.36	22.02	13.93	47.71	21.95	30.53	28.02	19.42	23.43	36.35	18.0	28.02	19.0	19.7	38.63	15.03	25.61	39.82	11.18	12.37	31.76	22.47	19.24	29.12	16.97	17.03	37.66	39.81	35.51	30.08	17.12	41.11	22.47	10.05	22.09	11.05	41.3	44.6	35.51	23.02	24.41	41.05	26.17	9.9	0.0	21.93	18.25	37.12	31.38	13.0	7.81	15.03	32.25	7.28	13.42	30.81	43.17	33.38	30.48	25.06	15.3	
7.62	20.22	21.02	8.6	7.28	14.14	12.17	9.43	11.31	15.26	23.19	23.19	20.25	25.81	10.0	8.6	32.39	25.5	17.72	9.22	5.0	32.02	31.06	23.09	25.5	5.0	21.21	20.25	20.1	29.0	15.23	11.18	26.93	5.0	10.05	8.0	5.1	3.16	29.7	16.28	32.98	15.3	24.19	21.1	14.04	5.0	20.22	29.97	19.24	13.04	4.24	19.42	27.29	5.0	17.12	23.77	21.02	29.73	16.12	18.11	32.2	10.0	15.23	14.32	30.41	33.42	27.02	15.3	18.79	4.12	31.62	4.24	12.04	21.93	0.0	19.24	18.03	14.56	21.21	22.85	17.0	26.25	15.81	9.85	17.49	27.66	27.66	8.94	8.06	12.04	
18.87	23.35	25.46	24.33	17.46	20.25	22.67	24.52	29.15	31.38	29.73	25.61	16.12	12.17	25.5	26.0	13.15	14.0	27.78	26.93	22.02	13.6	23.09	10.44	26.08	17.46	2.0	4.0	5.1	17.12	30.23	9.43	36.4	23.09	29.07	19.65	14.14	18.0	18.11	3.0	13.93	28.43	5.0	24.76	24.76	19.1	27.8	17.89	6.0	20.59	22.8	1.0	11.18	16.16	2.24	21.47	26.91	17.26	15.56	1.41	23.0	11.4	21.4	29.68	18.79	23.09	30.0	25.06	5.39	23.35	23.02	22.0	14.87	18.25	19.24	0.0	25.0	18.6	6.32	12.17	3.61	14.04	18.87	19.21	15.62	27.29	15.13	23.54	15.52	23.43	
25.32	4.47	3.61	11.7	11.4	5.0	30.15	10.77	26.93	31.78	5.39	6.4	12.04	22.2	11.18	25.32	35.47	20.02	4.12	25.5	14.14	38.08	19.7	33.97	9.22	22.36	26.63	22.83	29.0	22.09	32.39	23.32	11.4	22.09	19.24	10.05	18.03	15.13	22.2	22.67	34.48	33.06	29.15	4.24	32.06	13.04	2.83	41.77	29.0	5.39	21.1	24.41	25.5	21.59	24.08	10.77	3.0	23.09	9.85	24.84	21.54	15.0	32.76	31.4	42.52	23.41	9.22	3.61	20.59	19.24	20.62	15.13	27.86	37.12	18.03	25.0	0.0	6.4	30.41	34.83	25.46	21.02	32.57	27.46	10.44	11.4	22.0	10.44	12.08	30.07	
21.02	6.08	7.62	11.4	7.28	2.0	26.08	10.82	25.06	29.55	11.4	9.06	7.62	17.03	11.66	22.85	29.41	15.3	9.49	23.26	12.21	31.76	17.69	27.66	11.05	18.03	20.25	16.55	22.63	18.03	29.73	17.46	17.8	19.31	19.1	7.21	13.04	11.4	18.38	16.28	28.64	29.83	22.83	7.28	28.16	9.85	9.22	35.47	22.67	3.16	18.38	18.03	20.02	17.0	17.69	9.43	8.6	18.97	4.0	18.44	19.21	8.94	28.07	28.79	36.24	20.81	13.34	7.07	14.32	17.0	18.44	13.04	22.56	31.38	14.56	18.6	6.4	0.0	24.04	28.6	19.1	16.28	27.46	23.0	5.1	13.15	17.46	10.0	7.0	26.17	
18.44	29.21	31.24	27.86	21.47	25.5	21.02	28.23	29.43	30.68	35.38	31.62	22.36	18.0	29.15	26.31	13.6	20.1	32.8	27.29	25.0	11.18	29.27	4.12	32.25	18.03	6.0	10.2	1.41	23.0	29.15	10.05	41.77	24.02	31.26	23.71	16.49	20.88	24.0	7.81	15.56	26.83	6.71	30.61	22.83	22.47	33.24	11.66	2.0	25.61	24.0	7.28	16.28	17.0	6.4	27.73	32.56	23.02	21.4	5.83	29.07	15.81	18.6	28.79	12.53	29.0	36.06	30.0	11.7	25.08	29.15	24.74	13.0	13.0	21.21	6.32	30.41	24.04	0.0	6.0	5.0	20.02	15.62	18.03	21.63	33.54	21.0	27.31	19.72	21.93	
18.11	34.13	36.06	30.53	24.84	29.83	19.24	31.06	29.02	29.27	40.0	36.72	27.86	24.0	31.91	26.08	17.8	26.08	36.77	27.07	27.29	13.6	35.23	2.24	37.58	18.68	12.0	16.12	7.07	29.0	27.46	12.21	46.01	24.52	32.57	27.02	18.87	23.32	30.0	13.0	20.25	24.74	12.37	35.51	20.62	25.24	37.64	7.21	6.32	29.73	24.74	13.15	22.2	18.03	11.7	33.24	37.2	29.02	26.42	11.4	35.06	19.85	15.81	27.29	7.81	35.0	41.18	33.94	17.46	26.25	35.13	26.83	12.04	7.81	22.85	12.17	34.83	28.6	6.0	0.0	9.85	26.02	12.65	17.0	26.83	39.0	27.0	30.23	23.35	20.22	
15.65	24.41	26.4	23.09	16.55	20.52	19.21	23.41	26.25	28.18	30.48	26.93	18.03	15.52	24.35	23.09	15.81	17.12	27.8	24.04	20.4	15.03	26.0	8.6	27.73	14.56	5.0	7.28	3.61	20.4	26.93	6.32	36.8	20.4	27.02	18.79	12.04	16.28	21.38	3.16	17.0	25.0	7.62	25.81	21.26	17.72	28.28	16.4	3.61	20.62	20.22	4.47	14.76	13.34	2.0	23.41	27.66	20.62	16.64	2.24	26.08	10.82	17.8	26.42	17.2	26.31	31.38	25.0	8.0	21.02	26.02	20.22	11.31	15.03	17.0	3.61	25.46	19.1	5.0	9.85	0.0	17.26	15.26	15.81	17.0	29.15	18.44	22.47	14.76	20.0	
29.41	17.26	19.42	26.93	20.59	18.25	34.13	26.57	37.54	41.04	23.77	18.03	9.0	2.24	27.51	34.66	16.97	1.0	25.0	35.38	26.42	21.63	9.49	24.08	17.0	27.02	14.04	10.05	19.0	3.16	40.46	21.02	31.05	31.14	34.0	21.93	21.93	23.6	4.12	14.56	15.0	39.41	14.56	18.44	36.36	23.32	23.19	30.81	20.02	19.42	30.48	13.04	5.66	25.61	15.3	12.08	21.38	3.61	12.37	15.13	9.06	16.28	34.01	39.7	31.78	9.06	21.47	23.09	9.49	30.0	9.22	26.93	27.31	32.25	26.25	14.04	21.02	16.28	20.02	26.02	17.26	0.0	31.95	30.53	11.18	17.2	1.41	25.63	18.87	34.67	
8.49	33.54	34.93	24.41	21.19	27.89	7.07	25.24	17.72	17.0	37.95	36.5	30.07	30.46	25.81	15.23	29.21	31.62	33.11	16.16	20.81	25.94	39.81	14.32	38.21	10.82	20.0	22.36	15.56	35.11	15.03	11.18	42.49	15.0	23.6	22.85	14.56	17.89	36.06	17.46	31.14	12.17	21.93	34.71	8.06	20.12	35.11	18.0	14.14	27.2	15.62	19.72	30.02	11.18	17.0	35.0	35.44	35.47	27.02	17.49	40.26	19.03	3.16	15.0	18.03	40.8	40.79	30.46	22.47	17.69	40.02	20.0	5.0	7.28	15.81	18.87	32.57	27.46	15.62	12.65	15.26	31.95	0.0	6.4	28.0	40.11	33.24	24.7	20.62	8.06	
2.24	29.02	30.15	18.36	16.12	23.09	3.61	19.24	12.04	12.65	32.76	32.02	26.93	29.41	19.72	9.22	31.3	30.02	27.51	10.2	14.76	29.12	37.34	18.11	34.01	5.1	20.81	21.93	17.46	33.62	11.18	9.9	36.77	8.6	17.2	17.46	10.05	12.37	34.48	16.97	32.76	9.22	23.32	30.07	5.83	14.56	29.83	23.35	16.16	22.2	9.22	19.85	29.73	6.0	17.03	31.4	30.41	34.13	23.35	17.8	38.08	15.52	5.39	10.77	23.54	38.91	36.12	25.0	21.4	11.31	37.7	13.89	5.1	13.42	9.85	19.21	27.46	23.0	18.03	17.0	15.81	30.53	6.4	0.0	24.52	36.06	31.91	18.79	16.0	4.24	
22.8	7.81	10.0	16.12	10.63	7.07	27.89	15.65	28.6	32.76	14.42	10.0	2.83	12.0	16.55	26.08	25.08	10.2	14.14	26.63	16.28	28.02	13.6	25.55	10.77	19.92	16.97	12.81	20.25	13.0	32.65	17.12	21.47	22.47	23.6	11.4	14.56	14.42	13.42	13.89	24.04	32.31	19.21	9.22	30.08	13.45	13.0	33.29	20.59	8.25	21.63	14.87	15.13	18.68	15.26	7.0	11.66	13.93	1.41	15.81	14.87	9.06	29.15	31.76	34.13	16.28	14.42	12.0	10.63	20.62	14.21	16.97	23.0	30.81	17.49	15.62	10.44	5.1	21.63	26.83	17.0	11.18	28.0	24.52	0.0	12.37	12.37	14.76	9.43	28.16	
34.13	7.62	7.81	22.83	20.4	13.6	39.2	21.95	37.7	42.38	9.85	5.0	11.18	19.21	22.47	35.74	34.06	16.4	14.87	36.06	24.7	38.21	11.05	37.58	2.24	31.14	28.3	23.85	32.2	16.55	42.72	29.43	16.12	32.28	30.53	19.92	26.02	24.52	16.16	26.0	32.2	42.95	30.0	7.21	41.3	22.8	11.4	45.18	32.7	14.87	31.32	26.42	22.8	30.07	27.31	5.83	9.22	17.46	13.15	27.73	13.04	21.1	41.0	41.76	46.07	15.03	5.0	15.0	21.95	29.73	12.04	25.63	35.13	43.17	27.66	27.29	11.4	13.15	33.54	39.0	29.15	17.2	40.11	36.06	12.37	0.0	17.49	21.47	20.1	39.32	
30.81	18.11	20.22	28.23	21.95	19.42	35.51	27.86	38.95	42.45	24.52	18.68	10.05	3.0	28.79	36.07	17.03	2.24	26.02	36.8	27.78	21.95	8.94	25.02	17.46	28.43	15.0	11.18	20.02	2.0	41.87	22.36	31.78	32.56	35.36	23.26	23.35	25.0	3.0	15.81	14.87	40.8	15.3	19.24	37.74	24.7	24.08	31.58	21.1	20.62	31.89	14.14	5.83	27.02	16.49	12.65	22.2	2.24	13.6	16.28	8.25	17.69	35.34	41.11	32.56	8.0	21.93	24.19	10.77	31.4	8.54	28.3	28.64	33.38	27.66	15.13	22.0	17.46	21.0	27.0	18.44	1.41	33.24	31.91	12.37	17.49	0.0	26.93	20.25	36.06	
16.55	13.89	13.93	1.41	6.08	8.49	20.88	1.0	16.49	21.38	15.03	16.55	17.49	25.96	2.0	15.03	36.12	24.7	9.06	15.13	4.12	37.11	27.66	30.02	19.24	13.89	25.5	23.02	26.0	27.73	22.09	18.03	18.03	12.04	9.22	4.0	11.4	7.07	28.18	20.62	36.0	23.02	28.44	14.32	22.56	5.0	12.04	37.44	25.5	7.07	11.05	23.35	28.44	13.6	21.84	19.1	13.34	28.64	13.42	22.8	29.21	12.17	24.17	21.1	38.01	30.81	19.65	7.07	21.0	9.0	28.43	5.1	20.62	30.48	8.94	23.54	10.44	10.0	27.31	30.23	22.47	25.63	24.7	18.79	14.76	21.47	26.93	0.0	8.06	20.62	
14.04	13.04	14.32	9.0	2.0	7.28	19.1	9.06	19.21	23.32	17.46	16.03	12.21	18.79	10.05	16.64	28.07	18.03	13.45	17.2	7.62	29.12	23.02	22.8	18.03	11.05	17.46	15.0	18.36	21.4	23.26	11.4	22.8	13.04	15.23	4.12	6.08	5.0	22.02	12.65	28.02	23.09	20.4	14.14	21.21	4.47	14.76	30.48	18.03	6.71	12.21	15.3	20.88	10.0	13.93	15.81	14.87	22.2	8.06	14.87	24.21	4.12	21.1	22.36	31.14	25.5	20.22	10.63	13.04	11.31	23.6	8.06	15.81	25.06	8.06	15.52	12.08	7.0	19.72	23.35	14.76	18.87	20.62	16.0	9.43	20.1	20.25	8.06	0.0	19.24	
5.39	32.06	33.0	19.92	19.03	26.02	1.0	20.88	9.85	9.06	35.23	35.06	30.68	33.6	21.19	7.81	35.36	34.13	29.61	8.6	16.49	32.89	41.23	21.59	37.22	8.25	25.0	26.17	21.47	37.74	7.28	14.14	38.6	8.94	17.03	20.02	13.6	15.0	38.59	21.21	36.89	5.0	27.46	33.02	2.0	17.03	32.25	26.02	20.12	25.0	9.85	24.08	33.97	9.49	21.26	34.93	33.06	38.28	26.93	22.02	42.05	19.31	5.39	7.07	26.08	42.94	39.0	27.29	25.61	12.08	41.63	15.52	8.94	15.3	12.04	23.43	30.07	26.17	21.93	20.22	20.0	34.67	8.06	4.24	28.16	39.32	36.06	20.62	19.24	0.0	
