90
0.0	30.61	35.81	32.76	25.61	34.54	45.8	32.76	41.4	36.8	33.24	12.04	23.02	11.4	32.57	19.03	18.36	16.03	32.98	25.3	12.37	29.15	21.59	38.21	41.0	9.0	42.43	11.31	10.63	28.64	29.41	34.41	36.67	23.09	37.74	8.0	14.04	29.61	36.35	41.76	8.06	30.08	27.89	17.0	6.08	27.78	37.48	43.46	12.08	24.02	11.66	17.26	26.93	4.0	34.67	33.6	34.79	32.39	18.87	39.05	34.41	40.45	28.84	24.21	33.24	25.5	38.05	32.2	5.1	7.07	22.56	27.0	10.44	7.81	27.46	32.25	29.15	7.28	13.04	20.62	5.1	30.41	20.22	28.0	37.85	32.02	36.07	30.07	5.39	40.01	
30.61	0.0	10.44	11.4	5.0	17.03	18.25	4.47	14.04	8.06	9.9	23.32	25.32	19.21	11.4	25.0	15.3	25.18	20.62	32.39	27.89	10.82	14.32	9.22	25.81	24.21	12.53	19.42	20.0	13.6	8.6	4.12	24.04	17.26	13.6	37.22	20.59	20.59	33.62	24.19	36.72	18.87	18.79	20.25	26.91	11.18	8.25	22.14	37.7	25.5	19.1	27.07	18.38	27.59	11.18	8.94	37.7	31.78	14.32	24.21	9.85	27.66	3.0	9.0	19.85	35.23	32.2	2.0	34.13	25.94	29.15	19.24	28.46	22.8	30.08	5.0	35.9	28.64	21.1	12.08	28.65	31.02	27.02	25.63	36.72	26.42	6.32	18.03	33.62	32.65	
35.81	10.44	0.0	4.12	13.04	8.54	10.0	13.89	5.66	4.47	19.72	31.32	22.8	25.06	21.47	24.17	17.69	25.55	13.34	29.43	29.41	7.21	24.0	5.1	16.28	31.38	9.06	24.7	25.55	24.04	6.4	11.4	15.65	15.65	3.16	41.01	28.86	15.0	26.93	14.21	40.31	13.0	14.14	29.27	33.54	8.6	5.39	11.7	40.0	22.56	25.5	26.83	14.32	33.62	2.0	2.24	32.25	26.17	17.03	15.0	1.41	18.6	13.34	11.66	12.37	32.56	24.7	11.18	38.21	29.73	26.93	29.61	30.61	28.3	26.08	14.76	32.06	31.83	29.12	21.1	32.56	26.02	25.63	21.02	30.08	20.22	6.4	28.46	37.48	24.6	
32.76	11.4	4.12	0.0	12.37	5.66	13.45	15.56	9.43	8.06	21.26	29.43	18.68	22.47	22.8	20.12	14.42	21.63	9.85	25.32	25.61	3.61	23.35	9.0	14.42	29.12	13.15	21.93	22.85	24.6	4.0	13.6	12.81	11.66	5.0	37.54	27.17	11.05	23.41	13.0	36.8	9.06	10.05	28.0	31.02	5.0	9.06	12.0	36.24	18.44	23.09	22.83	10.2	30.87	2.24	3.16	28.44	22.36	13.89	12.81	3.0	16.28	13.89	9.22	8.94	28.44	21.47	12.73	34.83	26.4	22.8	29.73	26.91	25.5	22.02	16.28	28.02	28.32	27.29	20.1	29.21	22.09	21.54	17.0	26.57	16.49	9.49	29.07	34.06	21.63	
25.61	5.0	13.04	12.37	0.0	17.46	22.14	8.06	17.72	12.08	11.7	18.79	22.14	14.21	12.53	21.21	11.0	21.0	20.0	29.12	23.35	10.3	11.05	13.42	26.4	19.42	17.2	14.42	15.0	12.81	8.54	8.94	23.85	14.32	16.0	32.25	16.16	19.1	32.02	25.3	31.76	17.69	17.03	16.28	22.02	10.0	12.53	24.19	32.89	22.47	14.14	23.02	16.4	22.63	13.04	11.0	35.36	29.68	10.0	24.6	12.0	27.78	4.0	5.83	19.42	31.78	31.11	6.71	29.15	21.02	25.71	17.46	23.77	17.8	27.31	8.0	32.89	23.77	16.55	8.06	23.71	28.65	23.35	23.32	35.0	24.84	10.82	17.2	28.65	31.89	
34.54	17.03	8.54	5.66	17.46	0.0	14.87	21.21	12.04	13.0	26.91	33.02	16.64	25.32	28.43	19.1	16.49	21.26	5.0	22.47	25.61	7.28	28.16	13.6	8.94	32.25	17.12	24.52	25.5	30.02	8.94	19.21	7.21	11.66	7.0	38.28	31.02	7.62	18.44	8.06	37.44	5.83	7.81	32.25	33.73	8.06	13.93	8.94	36.12	16.12	26.17	21.93	8.49	33.24	6.71	8.6	24.02	18.0	16.28	7.21	8.06	10.63	19.42	13.15	4.0	25.63	16.16	18.38	35.85	27.73	20.59	34.93	27.2	27.89	18.68	21.93	24.52	29.15	31.0	24.74	30.41	18.11	20.0	13.6	21.59	12.0	14.76	34.48	34.99	16.12	
45.8	18.25	10.0	13.45	22.14	14.87	0.0	20.02	4.47	10.2	25.32	40.85	31.3	34.99	27.29	33.29	27.66	35.0	19.65	37.34	39.05	16.97	32.56	9.06	18.25	41.15	7.62	34.67	35.51	31.02	16.4	17.03	20.02	25.0	8.6	50.93	38.28	22.47	32.02	15.3	50.21	20.62	22.36	38.33	43.42	18.38	10.05	10.44	49.68	30.87	35.36	36.06	22.83	43.57	11.31	12.21	38.21	32.39	27.02	18.03	11.4	21.21	21.21	21.63	18.68	40.5	29.02	18.03	48.17	39.7	35.34	37.0	40.36	38.28	33.53	21.02	39.29	41.73	38.63	30.08	42.52	32.76	34.48	28.46	35.0	26.48	12.04	35.13	47.42	28.16	
32.76	4.47	13.89	15.56	8.06	21.21	20.02	0.0	16.28	10.44	5.83	24.08	29.61	21.47	7.62	29.07	19.03	29.02	25.0	36.67	31.4	15.26	13.89	11.18	29.83	25.5	13.15	21.93	22.36	11.0	13.04	3.0	28.32	21.59	17.0	39.81	21.26	25.06	38.08	28.02	39.4	23.32	23.26	20.25	28.43	15.65	10.2	25.5	40.8	29.83	21.1	31.0	22.85	29.41	15.0	12.81	42.15	36.25	18.03	28.32	13.6	31.83	4.12	13.15	24.21	39.46	36.62	2.83	36.67	28.79	33.38	17.03	31.78	25.06	34.48	1.0	40.26	31.62	21.93	12.73	31.38	35.47	31.14	30.08	41.18	30.89	8.25	15.13	36.25	37.01	
41.4	14.04	5.66	9.43	17.72	12.04	4.47	16.28	0.0	6.0	21.84	36.4	27.86	30.53	23.77	29.53	23.35	31.06	17.03	34.21	35.0	12.81	28.28	5.1	17.46	36.67	5.83	30.23	31.06	27.17	12.04	13.34	18.25	21.1	5.1	46.67	33.84	19.42	30.15	14.76	45.97	17.46	18.97	33.96	38.95	14.21	6.08	10.63	45.61	27.51	30.89	32.25	19.31	39.12	7.21	7.81	36.0	30.02	22.67	16.76	7.07	20.25	17.03	17.2	16.03	37.36	27.46	14.04	43.86	35.38	31.95	33.06	36.24	33.84	30.59	17.26	36.5	37.48	34.18	25.71	38.21	30.15	30.87	25.5	33.24	24.02	8.06	31.4	43.14	26.93	
36.8	8.06	4.47	8.06	12.08	13.0	10.2	10.44	6.0	0.0	16.16	30.87	26.31	25.61	18.03	27.2	19.42	28.23	17.72	33.14	31.76	10.2	22.36	1.41	20.62	31.38	5.83	25.5	26.25	21.21	8.54	7.62	20.12	18.68	7.07	42.64	28.23	19.1	31.32	18.38	42.01	17.12	18.0	28.16	33.84	11.4	1.0	15.26	42.19	26.17	25.81	29.73	18.03	34.21	6.32	5.0	36.5	30.41	18.6	19.42	5.1	23.02	11.05	12.81	16.76	36.22	29.15	8.06	39.7	31.24	30.41	27.07	32.76	29.07	30.0	11.4	36.0	33.6	28.64	19.92	34.06	30.15	28.86	25.02	34.48	24.52	2.24	25.5	39.05	29.07	
33.24	9.9	19.72	21.26	11.7	26.91	25.32	5.83	21.84	16.16	0.0	23.02	33.84	22.56	2.0	32.76	22.36	32.25	30.48	40.8	34.0	20.62	12.21	16.76	35.61	25.06	18.03	23.35	23.54	6.71	18.44	8.54	33.94	26.0	22.83	40.8	20.25	30.23	43.27	33.84	40.52	28.6	28.3	18.44	28.18	20.81	15.81	31.3	42.58	34.18	21.84	34.37	27.78	29.55	20.81	18.6	46.96	41.18	21.38	34.06	19.42	37.54	8.06	17.46	29.73	43.42	42.01	8.6	37.64	30.41	37.36	12.65	34.06	25.96	39.0	5.0	44.6	33.38	21.1	12.65	32.76	40.25	34.93	34.89	46.32	36.06	13.93	10.05	37.36	42.52	
12.04	23.32	31.32	29.43	18.79	33.02	40.85	24.08	36.4	30.87	23.02	0.0	27.29	8.54	21.95	23.85	17.26	21.4	33.24	32.02	19.85	26.17	10.82	32.2	41.11	3.16	35.85	9.85	8.94	17.46	25.5	26.4	37.34	23.54	33.96	20.02	2.83	30.59	40.72	41.0	20.1	30.27	28.44	5.1	6.0	25.08	31.3	41.3	23.77	28.18	7.28	23.43	27.46	8.06	30.81	29.12	41.05	37.12	17.12	39.12	30.08	41.44	20.81	20.22	33.14	33.24	41.44	24.41	17.12	13.6	28.6	15.03	18.6	8.49	32.76	23.35	36.24	16.12	2.24	11.4	14.32	35.36	25.81	31.38	42.94	34.79	29.53	18.25	17.26	43.01	
23.02	25.32	22.8	18.68	22.14	16.64	31.3	29.61	27.86	26.31	33.84	27.29	0.0	18.87	34.54	4.0	12.21	7.0	12.73	7.07	11.18	16.12	28.43	27.46	19.72	25.08	31.78	17.49	18.36	33.62	18.03	29.15	15.26	8.06	22.85	24.04	26.63	9.22	13.6	21.4	23.09	10.82	8.94	29.21	25.0	15.03	27.29	24.76	20.59	1.0	20.25	6.32	8.54	23.54	20.88	21.38	14.14	9.85	13.04	18.03	21.59	18.38	25.96	16.49	13.45	10.0	15.03	27.29	22.36	16.12	4.12	36.24	13.15	19.31	5.66	29.83	10.77	16.03	26.08	25.0	18.0	8.06	3.61	5.1	15.65	9.22	27.07	37.44	21.38	17.0	
11.4	19.21	25.06	22.47	14.21	25.32	34.99	21.47	30.53	25.61	22.56	8.54	18.87	0.0	22.2	15.62	9.0	13.45	25.02	24.04	13.0	18.97	12.17	27.02	33.0	7.0	31.14	1.41	1.0	19.03	18.79	23.02	29.07	15.13	27.31	18.38	7.81	22.2	32.2	33.14	18.03	22.02	20.1	10.63	8.54	17.72	26.25	33.96	20.1	19.72	1.41	15.62	19.1	8.6	24.17	22.83	32.8	28.65	9.06	31.0	23.71	33.14	17.49	13.42	25.0	25.61	32.89	20.81	15.23	8.0	20.52	19.31	12.37	3.61	24.41	21.02	28.28	11.0	7.21	10.05	10.2	26.93	17.69	22.85	34.48	26.25	24.76	21.59	14.87	34.48	
32.57	11.4	21.47	22.8	12.53	28.43	27.29	7.62	23.77	18.03	2.0	21.95	34.54	22.2	0.0	33.24	22.8	32.56	31.83	41.44	34.06	21.93	11.18	18.68	37.2	24.17	20.02	23.09	23.19	5.0	19.8	10.44	35.38	26.83	24.6	40.26	19.24	31.4	44.41	35.51	40.02	29.83	29.41	17.2	27.31	22.02	17.72	33.11	42.3	34.93	21.38	34.71	28.84	28.79	22.47	20.25	47.89	42.19	21.84	35.61	21.1	39.05	9.22	18.36	31.11	43.97	43.28	10.3	37.11	30.15	37.95	10.77	34.0	25.5	39.81	6.71	45.31	33.14	20.12	12.17	32.39	41.18	35.44	35.85	47.43	37.2	15.81	8.06	36.88	43.86	
19.03	25.0	24.17	20.12	21.21	19.1	33.29	29.07	29.53	27.2	32.76	23.85	4.0	15.62	33.24	0.0	10.44	3.0	15.81	8.6	7.28	17.09	26.08	28.46	23.26	21.47	32.89	14.21	15.0	31.78	18.68	29.02	18.79	8.54	24.7	20.25	23.43	12.21	17.46	24.7	19.31	13.45	11.31	26.17	21.19	15.81	28.16	27.66	17.2	5.0	17.03	2.83	10.63	19.65	22.36	22.47	17.2	13.6	11.4	21.47	22.85	22.14	25.18	16.0	16.4	10.77	19.03	27.0	18.44	12.17	5.0	33.84	9.22	15.65	8.94	29.15	12.81	12.04	22.8	22.83	14.0	11.7	2.24	9.06	19.31	13.15	27.66	35.36	17.46	21.0	
18.36	15.3	17.69	14.42	11.0	16.49	27.66	19.03	23.35	19.42	22.36	17.26	12.21	9.0	22.8	10.44	0.0	10.0	16.03	18.79	12.65	10.82	16.28	20.81	24.0	16.0	25.24	8.06	9.06	21.47	11.31	19.42	20.1	6.32	19.42	23.35	15.81	13.34	24.41	24.19	22.67	13.04	11.18	17.89	17.26	9.43	20.25	25.3	22.83	12.81	10.05	12.04	10.2	16.76	16.4	15.56	26.25	21.26	1.0	22.0	16.28	24.19	15.0	6.71	16.0	21.19	24.6	17.26	20.52	12.04	15.23	24.08	13.42	11.4	17.8	19.0	22.83	14.21	15.52	12.81	14.87	19.8	12.65	15.0	27.02	17.89	19.24	25.24	19.8	26.0	
16.03	25.18	25.55	21.63	21.0	21.26	35.0	29.02	31.06	28.23	32.25	21.4	7.0	13.45	32.56	3.0	10.0	0.0	18.36	10.63	4.47	18.36	24.6	29.55	26.0	18.87	34.01	12.04	12.73	30.68	19.7	29.27	21.54	10.0	26.4	17.46	21.21	14.76	20.4	27.29	16.55	15.81	13.6	24.08	18.38	17.0	29.15	30.0	14.87	8.0	14.87	2.24	12.81	16.76	23.85	23.71	19.72	16.49	11.0	24.17	24.19	25.0	25.0	16.28	18.87	12.21	22.02	27.17	15.52	9.22	7.21	32.25	6.32	13.04	11.7	29.0	14.87	9.06	20.52	21.54	11.0	14.56	4.47	12.04	22.14	16.12	28.46	34.01	14.56	24.0	
32.98	20.62	13.34	9.85	20.0	5.0	19.65	25.0	17.03	17.72	30.48	33.24	12.73	25.02	31.83	15.81	16.03	18.36	0.0	17.89	22.83	9.9	29.97	18.44	8.06	32.02	22.09	24.0	25.0	32.8	12.04	23.32	4.12	10.05	12.0	35.78	31.58	3.61	13.6	8.94	34.89	3.0	5.1	33.24	33.06	10.0	18.68	12.04	33.02	12.04	26.08	18.6	6.08	32.25	11.4	13.0	19.03	13.0	16.12	6.08	12.65	8.25	22.63	14.76	1.0	21.02	11.66	22.2	33.62	25.96	16.4	37.22	24.6	27.07	13.93	25.61	19.65	26.93	31.4	26.4	28.46	13.15	16.28	8.94	16.76	7.0	19.31	37.2	32.7	12.04	
25.3	32.39	29.43	25.32	29.12	22.47	37.34	36.67	34.21	33.14	40.8	32.02	7.07	24.04	41.44	8.6	18.79	10.63	17.89	0.0	13.0	23.02	34.67	34.23	23.35	29.41	38.47	22.63	23.35	40.25	25.0	36.22	19.21	15.13	29.12	24.0	31.83	14.87	12.37	25.61	23.0	16.76	15.3	34.66	28.65	22.0	34.13	29.68	19.24	7.0	25.46	8.6	15.13	26.83	27.46	28.16	9.49	8.54	19.7	22.02	28.28	21.26	32.98	23.54	18.79	3.16	15.23	34.37	23.19	19.24	3.61	42.44	14.87	23.6	4.24	36.88	4.24	18.03	31.14	31.38	20.25	6.71	6.4	8.94	13.0	12.04	34.01	43.91	22.2	17.46	
12.37	27.89	29.41	25.61	23.35	25.61	39.05	31.4	35.0	31.76	34.0	19.85	11.18	13.0	34.06	7.28	12.65	4.47	22.83	13.0	0.0	22.2	25.0	33.12	30.46	16.97	37.59	11.7	12.08	31.58	23.32	32.02	26.0	14.14	30.48	13.0	20.25	19.24	24.08	31.76	12.08	20.25	18.03	23.32	15.81	20.81	32.65	34.41	10.63	12.17	14.32	5.0	17.2	13.89	27.8	27.46	22.47	20.1	13.6	28.64	28.02	29.41	27.29	19.31	23.32	13.6	26.02	29.83	11.18	6.4	10.2	32.31	2.0	11.4	15.13	31.26	17.0	5.1	19.42	22.36	7.28	18.11	8.0	16.28	25.5	20.4	31.78	34.48	10.2	28.07	
29.15	10.82	7.21	3.61	10.3	7.28	16.97	15.26	12.81	10.2	20.62	26.17	16.12	18.97	21.93	17.09	10.82	18.36	9.9	23.02	22.2	0.0	20.88	11.4	16.16	25.71	15.81	18.38	19.31	23.02	2.24	13.93	13.6	8.54	8.6	33.97	24.02	9.85	22.83	15.3	33.24	8.06	8.25	25.08	27.51	1.41	11.18	15.13	32.8	16.03	19.65	19.7	8.06	27.31	5.66	5.39	27.2	21.19	10.3	14.32	5.83	17.49	12.73	6.0	9.22	26.08	21.4	12.53	31.24	22.8	20.22	27.73	23.43	21.93	20.1	15.81	26.08	24.76	24.08	17.46	25.61	20.62	18.68	15.3	25.94	15.65	11.0	27.46	30.48	21.93	
21.59	14.32	24.0	23.35	11.05	28.16	32.56	13.89	28.28	22.36	12.21	10.82	28.43	12.17	11.18	26.08	16.28	24.6	29.97	34.67	25.0	20.88	0.0	23.54	37.0	13.0	26.57	13.34	13.15	7.07	19.42	16.55	34.01	22.02	27.02	29.43	8.06	28.3	40.46	36.14	29.27	27.29	26.08	6.4	16.16	20.25	22.56	35.23	32.0	29.07	11.05	26.83	25.24	17.72	24.08	22.02	42.52	37.48	15.56	35.11	23.02	38.08	11.4	15.23	29.55	36.72	40.22	14.87	26.31	20.1	31.06	7.81	24.52	15.0	34.06	13.04	38.83	23.09	8.94	3.61	22.0	36.07	28.3	31.14	43.19	33.6	20.62	9.49	26.17	41.34	
38.21	9.22	5.1	9.0	13.42	13.6	9.06	11.18	5.1	1.41	16.76	32.2	27.46	27.02	18.68	28.46	20.81	29.55	18.44	34.23	33.12	11.4	23.54	0.0	20.81	32.76	4.47	26.91	27.66	22.09	9.85	8.25	20.62	19.92	7.21	44.05	29.55	20.02	32.02	18.44	43.42	18.03	19.03	29.41	35.23	12.65	1.0	15.0	43.57	27.29	27.2	31.02	19.1	35.61	7.07	6.08	37.34	31.26	20.0	19.72	6.0	23.32	12.17	14.21	17.46	37.34	29.73	9.0	41.11	32.65	31.58	28.02	34.13	30.48	31.02	12.17	37.01	35.0	29.97	21.19	35.47	31.06	30.08	26.0	35.17	25.32	3.0	26.31	40.46	29.55	
41.0	25.81	16.28	14.42	26.4	8.94	18.25	29.83	17.46	20.62	35.61	41.11	19.72	33.0	37.2	23.26	24.0	26.0	8.06	23.35	30.46	16.16	37.0	20.81	0.0	40.0	23.26	32.02	33.02	38.95	17.89	27.59	4.47	18.11	13.6	43.46	39.32	11.4	14.56	3.0	42.54	11.05	13.15	40.79	41.11	16.76	21.4	8.0	40.31	18.87	34.01	25.94	14.14	40.31	14.87	17.03	21.19	16.12	24.02	2.0	16.28	3.0	28.3	21.84	8.0	26.25	11.18	27.02	41.44	33.96	22.8	43.86	32.31	35.13	19.1	30.61	23.85	34.79	39.2	33.53	36.4	17.2	23.32	15.0	17.26	11.31	22.67	43.42	40.5	10.0	
9.0	24.21	31.38	29.12	19.42	32.25	41.15	25.5	36.67	31.38	25.06	3.16	25.08	7.0	24.17	21.47	16.0	18.87	32.02	29.41	16.97	25.71	13.0	32.76	40.0	0.0	36.62	8.06	7.07	19.92	25.3	27.59	36.06	22.09	33.84	17.0	5.1	29.15	38.63	40.11	17.03	29.02	27.07	8.0	3.16	24.52	31.91	40.79	20.62	26.0	6.08	20.81	26.08	5.0	30.68	29.15	38.59	34.93	16.03	38.0	30.08	40.11	21.93	19.92	32.0	30.48	39.56	25.5	14.04	10.63	26.08	18.0	15.62	5.83	30.41	24.84	33.6	13.04	4.12	12.81	11.18	33.11	23.32	29.41	40.72	32.98	30.23	21.1	14.14	41.23	
42.43	12.53	9.06	13.15	17.2	17.12	7.62	13.15	5.83	5.83	18.03	35.85	31.78	31.14	20.02	32.89	25.24	34.01	22.09	38.47	37.59	15.81	26.57	4.47	23.26	36.62	0.0	31.11	31.83	24.08	14.32	10.2	23.77	24.35	10.2	48.41	33.12	24.02	35.51	20.59	47.8	22.02	23.19	32.7	39.2	17.09	5.0	16.4	48.02	31.58	31.24	35.47	23.35	39.7	11.05	10.44	41.11	35.06	24.41	22.47	10.2	26.0	15.23	18.6	21.1	41.59	32.98	11.7	45.45	37.01	35.9	30.15	38.59	34.66	35.13	14.14	41.11	39.41	33.62	24.6	39.82	35.0	34.48	30.07	38.64	29.07	6.4	28.0	44.82	32.57	
11.31	19.42	24.7	21.93	14.42	24.52	34.67	21.93	30.23	25.5	23.35	9.85	17.49	1.41	23.09	14.21	8.06	12.04	24.0	22.63	11.7	18.38	13.34	26.91	32.02	8.06	31.11	0.0	1.0	20.1	18.36	23.32	28.02	14.04	26.83	17.89	9.22	21.1	30.87	32.25	17.46	21.0	19.03	12.04	9.22	17.09	26.17	33.24	19.24	18.36	2.83	14.21	18.03	8.94	23.71	22.47	31.4	27.29	8.25	30.02	23.32	32.06	17.89	13.04	24.02	24.21	31.62	21.1	14.76	7.07	19.1	20.62	11.18	3.61	23.02	21.54	26.87	10.05	8.6	11.0	9.49	25.55	16.28	21.54	33.12	25.0	24.76	22.8	14.32	33.24	
10.63	20.0	25.55	22.85	15.0	25.5	35.51	22.36	31.06	26.25	23.54	8.94	18.36	1.0	23.19	15.0	9.06	12.73	25.0	23.35	12.08	19.31	13.15	27.66	33.02	7.07	31.83	1.0	0.0	20.02	19.24	23.85	29.02	15.03	27.73	17.46	8.49	22.09	31.78	33.24	17.09	22.0	20.02	11.4	8.25	18.03	26.91	34.21	19.1	19.24	2.24	14.87	19.03	8.06	24.6	23.32	32.2	28.18	9.22	31.02	24.19	33.06	18.36	13.89	25.02	24.84	32.57	21.63	14.32	7.0	19.85	20.25	11.4	2.83	23.85	21.93	27.59	10.0	7.81	11.05	9.22	26.42	17.03	22.47	34.0	25.96	25.46	22.56	13.93	34.21	
28.64	13.6	24.04	24.6	12.81	30.02	31.02	11.0	27.17	21.21	6.71	17.46	33.62	19.03	5.0	31.78	21.47	30.68	32.8	40.25	31.58	23.02	7.07	22.09	38.95	19.92	24.08	20.1	20.02	0.0	21.1	14.0	36.62	26.4	27.2	36.5	14.87	31.83	44.6	37.58	36.35	30.48	29.7	12.53	23.09	22.8	21.1	35.74	39.01	34.13	18.0	32.89	29.0	24.74	24.7	22.47	47.43	42.01	20.59	37.22	23.41	40.5	10.77	18.38	32.2	42.54	43.86	13.15	33.38	27.02	36.67	6.08	31.26	22.02	39.12	10.0	44.29	30.02	15.81	9.22	29.02	40.8	34.01	35.61	47.51	37.48	19.1	4.47	33.24	44.69	
29.41	8.6	6.4	4.0	8.54	8.94	16.4	13.04	12.04	8.54	18.44	25.5	18.03	18.79	19.8	18.68	11.31	19.7	12.04	25.0	23.32	2.24	19.42	9.85	17.89	25.3	14.32	18.36	19.24	21.1	0.0	11.7	15.62	10.2	8.54	34.66	23.19	12.08	25.06	16.76	33.97	10.3	10.44	24.0	27.31	3.0	9.49	16.0	33.84	18.0	19.31	21.19	10.2	27.29	5.39	4.24	29.41	23.41	10.63	16.12	5.0	19.42	10.63	5.39	11.31	28.02	23.6	10.3	31.83	23.35	22.09	26.0	24.41	21.95	22.2	13.6	28.16	25.5	23.35	16.12	26.17	22.8	20.4	17.46	28.18	17.89	9.06	25.55	31.11	24.08	
34.41	4.12	11.4	13.6	8.94	19.21	17.03	3.0	13.34	7.62	8.54	26.4	29.15	23.02	10.44	29.02	19.42	29.27	23.32	36.22	32.02	13.93	16.55	8.25	27.59	27.59	10.2	23.32	23.85	14.0	11.7	0.0	26.4	21.1	14.42	41.18	23.6	23.77	36.67	25.61	40.71	21.93	22.14	22.83	30.41	14.56	7.28	22.83	41.79	29.27	22.8	31.14	21.84	31.24	12.73	10.63	41.11	35.11	18.44	26.17	11.31	29.73	5.66	13.04	22.47	39.12	34.99	2.24	38.08	29.97	33.06	20.02	32.57	26.63	33.73	4.0	39.62	32.7	24.21	15.0	32.65	34.48	31.0	29.12	39.81	29.55	5.39	18.11	37.59	35.23	
36.67	24.04	15.65	12.81	23.85	7.21	20.02	28.32	18.25	20.12	33.94	37.34	15.26	29.07	35.38	18.79	20.1	21.54	4.12	19.21	26.0	13.6	34.01	20.62	4.47	36.06	23.77	28.02	29.02	36.62	15.62	26.4	0.0	14.0	13.6	39.0	35.69	7.07	12.0	6.4	38.08	7.07	9.0	37.36	37.01	13.89	21.02	10.77	35.85	14.42	30.15	21.47	10.0	36.12	13.89	15.81	18.25	12.65	20.22	2.83	15.26	4.12	26.25	18.79	4.47	22.2	9.22	25.5	37.0	29.61	18.44	41.18	27.86	31.02	15.0	29.0	20.12	30.36	35.51	30.46	32.02	13.42	18.87	10.63	15.03	7.21	21.95	41.05	36.06	8.94	
23.09	17.26	15.65	11.66	14.32	11.66	25.0	21.59	21.1	18.68	26.0	23.54	8.06	15.13	26.83	8.54	6.32	10.0	10.05	15.13	14.14	8.54	22.02	19.92	18.11	22.09	24.35	14.04	15.03	26.4	10.2	21.1	14.0	0.0	16.4	26.63	22.14	7.07	18.44	18.68	25.81	7.07	5.0	24.17	23.02	7.28	19.65	20.59	24.76	8.25	16.28	11.18	4.0	22.2	13.89	13.93	21.1	15.62	6.71	16.12	14.32	18.03	18.03	8.54	10.2	18.03	18.36	19.24	24.19	16.16	12.0	29.73	15.62	17.03	13.0	21.84	18.68	17.49	21.84	18.44	18.79	14.42	10.2	9.22	21.21	11.66	19.24	30.48	23.32	19.7	
37.74	13.6	3.16	5.0	16.0	7.0	8.6	17.0	5.1	7.07	22.83	33.96	22.85	27.31	24.6	24.7	19.42	26.4	12.0	29.12	30.48	8.6	27.02	7.21	13.6	33.84	10.2	26.83	27.73	27.2	8.54	14.42	13.6	16.4	0.0	42.52	31.58	14.32	25.32	11.31	41.77	12.37	13.93	32.14	35.85	10.0	7.81	8.54	41.11	22.47	27.86	27.46	14.32	35.78	3.16	5.0	31.02	25.0	18.87	12.53	4.0	16.12	16.49	13.93	11.0	32.28	22.8	14.32	39.82	31.4	26.93	32.76	31.83	30.41	25.5	17.89	31.4	33.3	31.78	24.02	34.21	25.08	25.94	20.4	28.44	19.0	9.22	31.62	39.05	22.47	
8.0	37.22	41.01	37.54	32.25	38.28	50.93	39.81	46.67	42.64	40.8	20.02	24.04	18.38	40.26	20.25	23.35	17.46	35.78	24.0	13.0	33.97	29.43	44.05	43.46	17.0	48.41	17.89	17.46	36.5	34.66	41.18	39.0	26.63	42.52	0.0	22.02	32.2	36.12	44.72	1.0	33.12	30.89	25.0	14.04	32.56	43.42	47.17	5.83	25.0	18.97	17.72	30.02	12.0	39.62	38.9	33.14	32.14	24.08	41.63	39.6	42.38	35.78	29.83	36.24	23.19	38.47	38.95	3.16	11.4	22.2	35.0	11.18	14.87	27.17	39.4	27.17	9.22	21.02	28.16	8.6	30.15	20.62	29.12	37.0	33.24	42.2	38.05	3.61	40.61	
14.04	20.59	28.86	27.17	16.16	31.02	38.28	21.26	33.84	28.23	20.25	2.83	26.63	7.81	19.24	23.43	15.81	21.21	31.58	31.83	20.25	24.02	8.06	29.55	39.32	5.1	33.12	9.22	8.49	14.87	23.19	23.6	35.69	22.14	31.58	22.02	0.0	29.12	39.82	39.05	22.0	28.64	26.93	3.16	8.25	23.0	28.64	39.12	25.32	27.46	6.4	23.35	25.96	10.05	28.44	26.68	40.61	36.36	15.52	37.34	27.66	39.81	18.03	18.03	31.4	33.3	40.31	21.63	19.0	14.32	28.32	13.04	19.24	8.94	32.2	20.52	36.07	17.09	1.0	8.6	15.52	34.67	25.5	30.41	42.19	33.62	26.83	16.03	19.03	41.79	
29.61	20.59	15.0	11.05	19.1	7.62	22.47	25.06	19.42	19.1	30.23	30.59	9.22	22.2	31.4	12.21	13.34	14.76	3.61	14.87	19.24	9.85	28.3	20.02	11.4	29.15	24.02	21.1	22.09	31.83	12.08	23.77	7.07	7.07	14.32	32.2	29.12	0.0	13.04	12.53	31.3	2.0	2.24	31.02	30.0	9.43	20.1	15.56	29.41	8.6	23.35	15.0	3.16	29.07	13.0	14.14	17.46	11.4	13.6	9.49	14.04	11.0	22.2	13.45	4.24	18.03	12.04	22.36	30.08	22.56	13.04	35.81	21.02	24.0	11.18	25.55	17.12	23.41	28.86	24.7	25.0	11.05	12.73	6.08	16.12	5.83	20.4	36.12	29.15	13.04	
36.35	33.62	26.93	23.41	32.02	18.44	32.02	38.08	30.15	31.32	43.27	40.72	13.6	32.2	44.41	17.46	24.41	20.4	13.6	12.37	24.08	22.83	40.46	32.02	14.56	38.63	35.51	30.87	31.78	44.6	25.06	36.67	12.0	18.44	25.32	36.12	39.82	13.04	0.0	17.46	35.13	14.76	15.0	42.19	38.6	22.47	32.28	22.36	31.58	12.65	33.54	19.1	15.62	37.11	25.0	26.57	6.71	4.0	25.0	14.14	26.25	11.7	35.23	26.25	14.56	14.32	3.61	35.36	35.0	29.61	14.0	48.17	26.08	32.89	9.0	38.59	10.82	29.15	39.36	36.88	31.26	6.0	16.12	9.43	3.16	7.21	32.89	48.8	34.0	5.66	
41.76	24.19	14.21	13.0	25.3	8.06	15.3	28.02	14.76	18.38	33.84	41.0	21.4	33.14	35.51	24.7	24.19	27.29	8.94	25.61	31.76	15.3	36.14	18.44	3.0	40.11	20.59	32.25	33.24	37.58	16.76	25.61	6.4	18.68	11.31	44.72	39.05	12.53	17.46	0.0	43.83	11.7	13.93	40.31	41.44	16.12	19.1	5.0	41.88	20.62	34.06	27.46	14.87	40.79	13.04	15.26	24.04	18.79	24.08	3.61	14.42	6.0	26.83	21.21	8.54	28.6	14.14	25.24	42.54	34.79	24.76	42.72	33.54	35.51	21.4	28.84	26.42	35.85	39.01	32.76	37.34	19.72	25.0	16.97	20.22	13.6	20.52	42.05	41.63	13.0	
8.06	36.72	40.31	36.8	31.76	37.44	50.21	39.4	45.97	42.01	40.52	20.1	23.09	18.03	40.02	19.31	22.67	16.55	34.89	23.0	12.08	33.24	29.27	43.42	42.54	17.03	47.8	17.46	17.09	36.35	33.97	40.71	38.08	25.81	41.77	1.0	22.0	31.3	35.13	43.83	0.0	32.25	30.02	25.02	14.14	31.83	42.8	46.32	5.0	24.04	18.68	16.76	29.15	12.04	38.9	38.21	32.14	31.14	23.43	40.72	38.9	41.44	35.34	29.21	35.36	22.2	37.48	38.47	3.0	10.82	21.21	35.01	10.3	14.56	26.17	39.0	26.17	8.49	21.0	27.89	8.06	29.15	19.65	28.16	36.0	32.28	41.62	38.01	3.16	39.62	
30.08	18.87	13.0	9.06	17.69	5.83	20.62	23.32	17.46	17.12	28.6	30.27	10.82	22.02	29.83	13.45	13.04	15.81	3.0	16.76	20.25	8.06	27.29	18.03	11.05	29.02	22.02	21.0	22.0	30.48	10.3	21.93	7.07	7.07	12.37	33.12	28.64	2.0	14.76	11.7	32.25	0.0	2.24	30.36	30.07	7.81	18.11	14.21	30.61	10.3	23.09	16.28	3.16	29.27	11.0	12.17	19.42	13.34	13.15	9.06	12.04	11.18	20.62	12.21	3.16	19.92	13.45	20.59	30.87	23.09	14.76	34.67	21.95	24.08	13.15	23.85	19.1	24.17	28.44	23.71	25.63	13.04	14.21	8.06	17.89	7.62	18.44	34.83	29.97	14.21	
27.89	18.79	14.14	10.05	17.03	7.81	22.36	23.26	18.97	18.0	28.3	28.44	8.94	20.1	29.41	11.31	11.18	13.6	5.1	15.3	18.03	8.25	26.08	19.03	13.15	27.07	23.19	19.03	20.02	29.7	10.44	22.14	9.0	5.0	13.93	30.89	26.93	2.24	15.0	13.93	30.02	2.24	0.0	28.79	28.02	7.62	19.0	16.4	28.43	8.54	21.21	14.14	1.0	27.17	12.17	13.0	18.97	13.0	11.4	11.18	13.04	13.04	20.25	11.31	5.39	18.44	14.21	20.62	28.64	20.88	13.0	33.6	19.72	22.02	12.0	23.71	18.0	21.93	26.68	22.47	23.41	12.37	12.21	7.07	18.03	7.81	19.1	33.97	27.73	15.26	
17.0	20.25	29.27	28.0	16.28	32.25	38.33	20.25	33.96	28.16	18.44	5.1	29.21	10.63	17.2	26.17	17.89	24.08	33.24	34.66	23.32	25.08	6.4	29.41	40.79	8.0	32.7	12.04	11.4	12.53	24.0	22.83	37.36	24.17	32.14	25.0	3.16	31.02	42.19	40.31	25.02	30.36	28.79	0.0	11.05	24.19	28.46	40.0	28.44	30.0	9.22	26.25	27.86	13.0	29.07	27.17	43.28	38.83	17.46	38.83	28.16	41.48	17.46	19.1	32.98	36.24	42.49	21.02	22.02	17.46	31.11	10.0	22.36	12.08	34.83	19.42	38.9	20.25	4.12	8.25	18.68	37.2	28.28	32.76	44.65	35.78	26.57	13.15	22.09	43.86	
6.08	26.91	33.54	31.02	22.02	33.73	43.42	28.43	38.95	33.84	28.18	6.0	25.0	8.54	27.31	21.19	17.26	18.38	33.06	28.65	15.81	27.51	16.16	35.23	41.11	3.16	39.2	9.22	8.25	23.09	27.31	30.41	37.01	23.02	35.85	14.04	8.25	30.0	38.6	41.44	14.14	30.07	28.02	11.05	0.0	26.25	34.41	42.45	18.03	25.96	8.06	20.12	27.02	2.24	32.7	31.3	38.01	34.79	17.46	39.12	32.2	41.0	24.76	21.93	33.14	29.41	39.81	28.28	11.18	9.43	25.5	21.02	14.21	6.0	30.08	27.8	32.76	11.31	7.28	15.81	9.22	32.89	22.85	29.61	40.5	33.38	32.8	24.19	11.4	41.59	
27.78	11.18	8.6	5.0	10.0	8.06	18.38	15.65	14.21	11.4	20.81	25.08	15.03	17.72	22.02	15.81	9.43	17.0	10.0	22.0	20.81	1.41	20.25	12.65	16.76	24.52	17.09	17.09	18.03	22.8	3.0	14.56	13.89	7.28	10.0	32.56	23.0	9.43	22.47	16.12	31.83	7.81	7.62	24.19	26.25	0.0	12.37	16.28	31.4	15.0	18.44	18.38	7.28	26.0	7.07	6.71	26.57	20.62	8.94	14.87	7.21	17.89	12.81	5.1	9.43	25.02	21.26	13.0	29.83	21.4	19.1	27.29	22.02	20.62	19.24	16.12	25.18	23.35	23.02	16.76	24.21	19.92	17.46	14.56	25.55	15.26	12.04	27.2	29.07	21.93	
37.48	8.25	5.39	9.06	12.53	13.93	10.05	10.2	6.08	1.0	15.81	31.3	27.29	26.25	17.72	28.16	20.25	29.15	18.68	34.13	32.65	11.18	22.56	1.0	21.4	31.91	5.0	26.17	26.91	21.1	9.49	7.28	21.02	19.65	7.81	43.42	28.64	20.1	32.28	19.1	42.8	18.11	19.0	28.46	34.41	12.37	0.0	15.81	43.05	27.17	26.4	30.68	19.03	34.83	7.28	6.0	37.48	31.4	19.42	20.25	6.08	23.85	11.18	13.6	17.72	37.22	30.08	8.0	40.46	32.02	31.4	27.02	33.62	29.73	31.0	11.18	37.0	34.41	29.07	20.25	34.83	31.14	29.83	26.02	35.44	25.5	2.0	25.32	39.82	29.97	
43.46	22.14	11.7	12.0	24.19	8.94	10.44	25.5	10.63	15.26	31.3	41.3	24.76	33.96	33.11	27.66	25.3	30.0	12.04	29.68	34.41	15.13	35.23	15.0	8.0	40.79	16.4	33.24	34.21	35.74	16.0	22.83	10.77	20.59	8.54	47.17	39.12	15.56	22.36	5.0	46.32	14.21	16.4	40.0	42.45	16.28	15.81	0.0	44.82	24.08	34.71	30.48	17.2	42.06	11.18	13.34	28.86	23.41	25.0	8.25	12.37	11.0	25.0	21.1	11.31	32.76	19.1	22.85	44.78	36.67	28.43	41.23	36.06	36.69	25.55	26.4	30.87	38.08	39.2	32.06	39.36	24.17	28.28	20.81	25.18	17.89	17.49	40.16	43.91	18.0	
12.08	37.7	40.0	36.24	32.89	36.12	49.68	40.8	45.61	42.19	42.58	23.77	20.59	20.1	42.3	17.2	22.83	14.87	33.02	19.24	10.63	32.8	32.0	43.57	40.31	20.62	48.02	19.24	19.1	39.01	33.84	41.79	35.85	24.76	41.11	5.83	25.32	29.41	31.58	41.88	5.0	30.61	28.43	28.44	18.03	31.4	43.05	44.82	0.0	21.47	21.02	14.42	27.66	15.81	38.42	38.01	28.0	27.66	23.71	38.59	38.6	38.91	36.69	29.53	33.6	18.0	34.21	39.56	7.21	12.17	18.03	38.33	9.43	17.0	22.8	40.52	22.0	9.22	24.33	30.15	10.0	25.71	17.0	25.5	32.14	29.55	42.06	41.11	6.71	36.4	
24.02	25.5	22.56	18.44	22.47	16.12	30.87	29.83	27.51	26.17	34.18	28.18	1.0	19.72	34.93	5.0	12.81	8.0	12.04	7.0	12.17	16.03	29.07	27.29	18.87	26.0	31.58	18.36	19.24	34.13	18.0	29.27	14.42	8.25	22.47	25.0	27.46	8.6	12.65	20.62	24.04	10.3	8.54	30.0	25.96	15.0	27.17	24.08	21.47	0.0	21.1	7.28	8.25	24.52	20.62	21.21	13.45	8.94	13.6	17.2	21.38	17.46	26.25	16.76	12.81	10.05	14.04	27.46	23.35	17.12	4.47	36.88	14.14	20.25	5.0	30.08	10.44	17.03	26.93	25.61	19.0	7.21	4.47	4.12	14.76	8.25	27.02	38.01	22.36	16.0	
11.66	19.1	25.5	23.09	14.14	26.17	35.36	21.1	30.89	25.81	21.84	7.28	20.25	1.41	21.38	17.03	10.05	14.87	26.08	25.46	14.32	19.65	11.05	27.2	34.01	6.08	31.24	2.83	2.24	18.0	19.31	22.8	30.15	16.28	27.86	18.97	6.4	23.35	33.54	34.06	18.68	23.09	21.21	9.22	8.06	18.44	26.4	34.71	21.02	21.1	0.0	17.03	20.22	8.49	24.7	23.26	34.21	30.02	10.0	32.02	24.17	34.23	17.2	13.93	26.02	27.02	34.18	20.62	15.81	9.06	21.93	18.03	13.6	4.12	25.81	20.59	29.7	12.04	5.83	9.22	11.05	28.3	19.1	24.17	35.85	27.51	24.84	20.4	15.52	35.74	
17.26	27.07	26.83	22.83	23.02	21.93	36.06	31.0	32.25	29.73	34.37	23.43	6.32	15.62	34.71	2.83	12.04	2.24	18.6	8.6	5.0	19.7	26.83	31.02	25.94	20.81	35.47	14.21	14.87	32.89	21.19	31.14	21.47	11.18	27.46	17.72	23.35	15.0	19.1	27.46	16.76	16.28	14.14	26.25	20.12	18.38	30.68	30.48	14.42	7.28	17.03	0.0	13.45	18.38	25.06	25.08	17.89	15.13	13.04	24.19	25.5	24.7	27.02	18.11	19.21	10.0	21.02	29.07	16.12	10.77	5.39	34.48	7.0	15.0	10.2	31.02	12.81	10.05	22.63	23.77	12.17	13.15	3.0	11.4	20.62	15.52	30.08	36.25	15.13	23.09	
26.93	18.38	14.32	10.2	16.4	8.49	22.83	22.85	19.31	18.03	27.78	27.46	8.54	19.1	28.84	10.63	10.2	12.81	6.08	15.13	17.2	8.06	25.24	19.1	14.14	26.08	23.35	18.03	19.03	29.0	10.2	21.84	10.0	4.0	14.32	30.02	25.96	3.16	15.62	14.87	29.15	3.16	1.0	27.86	27.02	7.28	19.03	17.2	27.66	8.25	20.22	13.45	0.0	26.17	12.37	13.04	19.31	13.42	10.44	12.17	13.15	14.04	19.72	10.63	6.32	18.25	15.0	20.25	27.73	19.92	12.65	32.8	18.87	21.02	12.04	23.26	18.03	21.02	25.71	21.63	22.47	12.65	11.66	7.28	18.6	8.49	19.03	33.24	26.83	16.12	
4.0	27.59	33.62	30.87	22.63	33.24	43.57	29.41	39.12	34.21	29.55	8.06	23.54	8.6	28.79	19.65	16.76	16.76	32.25	26.83	13.89	27.31	17.72	35.61	40.31	5.0	39.7	8.94	8.06	24.74	27.29	31.24	36.12	22.2	35.78	12.0	10.05	29.07	37.11	40.79	12.04	29.27	27.17	13.0	2.24	26.0	34.83	42.06	15.81	24.52	8.49	18.38	26.17	0.0	32.65	31.38	36.25	33.24	17.09	38.33	32.25	40.05	25.61	21.95	32.39	27.46	38.47	29.07	9.06	7.62	23.77	23.0	12.21	5.39	28.46	28.84	30.89	9.22	9.06	17.0	7.07	31.32	21.19	28.28	38.9	32.14	33.3	26.08	9.22	40.31	
34.67	11.18	2.0	2.24	13.04	6.71	11.31	15.0	7.21	6.32	20.81	30.81	20.88	24.17	22.47	22.36	16.4	23.85	11.4	27.46	27.8	5.66	24.08	7.07	14.87	30.68	11.05	23.71	24.6	24.7	5.39	12.73	13.89	13.89	3.16	39.62	28.44	13.0	25.0	13.04	38.9	11.0	12.17	29.07	32.7	7.07	7.28	11.18	38.42	20.62	24.7	25.06	12.37	32.65	0.0	2.24	30.27	24.19	15.81	13.45	1.41	17.03	13.93	10.77	10.44	30.59	22.85	12.21	36.88	28.43	25.0	30.08	29.07	27.29	24.08	15.81	30.07	30.41	28.64	21.0	31.24	24.02	23.77	19.03	28.16	18.25	8.06	29.15	36.12	22.83	
33.6	8.94	2.24	3.16	11.0	8.6	12.21	12.81	7.81	5.0	18.6	29.12	21.38	22.83	20.25	22.47	15.56	23.71	13.0	28.16	27.46	5.39	22.02	6.08	17.03	29.15	10.44	22.47	23.32	22.47	4.24	10.63	15.81	13.93	5.0	38.9	26.68	14.14	26.57	15.26	38.21	12.17	13.0	27.17	31.3	6.71	6.0	13.34	38.01	21.21	23.26	25.08	13.04	31.38	2.24	0.0	31.58	25.5	14.87	15.56	1.0	19.1	11.7	9.43	12.08	31.26	24.6	10.0	36.07	27.59	25.5	27.89	28.6	26.08	25.0	13.6	31.0	29.73	26.93	19.03	30.41	25.18	24.04	20.02	29.73	19.65	6.32	26.93	35.36	24.7	
34.79	37.7	32.25	28.44	35.36	24.02	38.21	42.15	36.0	36.5	46.96	41.05	14.14	32.8	47.89	17.2	26.25	19.72	19.03	9.49	22.47	27.2	42.52	37.34	21.19	38.59	41.11	31.4	32.2	47.43	29.41	41.11	18.25	21.1	31.02	33.14	40.61	17.46	6.71	24.04	32.14	19.42	18.97	43.28	38.01	26.57	37.48	28.86	28.0	13.45	34.21	17.89	19.31	36.25	30.27	31.58	0.0	6.08	27.02	20.62	31.4	18.38	38.91	29.53	20.02	10.0	10.3	39.56	32.56	28.64	12.53	50.33	24.35	32.76	8.49	42.54	6.0	27.51	40.0	39.05	29.73	6.71	15.26	12.08	5.0	12.04	37.85	51.4	31.58	12.21	
32.39	31.78	26.17	22.36	29.68	18.0	32.39	36.25	30.02	30.41	41.18	37.12	9.85	28.65	42.19	13.6	21.26	16.49	13.0	8.54	20.1	21.19	37.48	31.26	16.12	34.93	35.06	27.29	28.18	42.01	23.41	35.11	12.65	15.62	25.0	32.14	36.36	11.4	4.0	18.79	31.14	13.34	13.0	38.83	34.79	20.62	31.4	23.41	27.66	8.94	30.02	15.13	13.42	33.24	24.19	25.5	6.08	0.0	21.93	15.23	25.32	13.6	33.12	23.85	14.0	10.82	6.71	33.62	31.0	25.71	10.0	45.25	22.09	29.15	5.0	36.67	7.81	25.18	35.85	33.94	27.29	2.0	12.17	6.4	5.83	6.0	31.78	46.1	30.0	8.94	
18.87	14.32	17.03	13.89	10.0	16.28	27.02	18.03	22.67	18.6	21.38	17.12	13.04	9.06	21.84	11.4	1.0	11.0	16.12	19.7	13.6	10.3	15.56	20.0	24.02	16.03	24.41	8.25	9.22	20.59	10.63	18.44	20.22	6.71	18.87	24.08	15.52	13.6	25.0	24.08	23.43	13.15	11.4	17.46	17.46	8.94	19.42	25.0	23.71	13.6	10.0	13.04	10.44	17.09	15.81	14.87	27.02	21.93	0.0	22.02	15.62	24.33	14.0	5.83	16.03	22.14	25.06	16.28	21.21	12.73	16.16	23.35	14.32	11.7	18.6	18.0	23.71	15.0	15.3	12.04	15.56	20.52	13.6	15.62	27.66	18.36	18.36	24.41	20.52	26.4	
39.05	24.21	15.0	12.81	24.6	7.21	18.03	28.32	16.76	19.42	34.06	39.12	18.03	31.0	35.61	21.47	22.0	24.17	6.08	22.02	28.64	14.32	35.11	19.72	2.0	38.0	22.47	30.02	31.02	37.22	16.12	26.17	2.83	16.12	12.53	41.63	37.34	9.49	14.14	3.61	40.72	9.06	11.18	38.83	39.12	14.87	20.25	8.25	38.59	17.2	32.02	24.19	12.17	38.33	13.45	15.56	20.62	15.23	22.02	0.0	14.87	3.61	26.63	19.92	6.0	25.0	11.0	25.5	39.56	32.02	21.26	42.05	30.46	33.14	17.8	29.07	22.83	32.89	37.22	31.62	34.48	16.12	21.63	13.45	17.03	10.0	21.4	41.68	38.63	10.2	
34.41	9.85	1.41	3.0	12.0	8.06	11.4	13.6	7.07	5.1	19.42	30.08	21.59	23.71	21.1	22.85	16.28	24.19	12.65	28.28	28.02	5.83	23.02	6.0	16.28	30.08	10.2	23.32	24.19	23.41	5.0	11.31	15.26	14.32	4.0	39.6	27.66	14.04	26.25	14.42	38.9	12.04	13.04	28.16	32.2	7.21	6.08	12.37	38.6	21.38	24.17	25.5	13.15	32.25	1.41	1.0	31.4	25.32	15.62	14.87	0.0	18.44	12.65	10.3	11.7	31.4	24.17	10.82	36.8	28.32	25.71	28.86	29.21	26.93	25.02	14.42	31.02	30.41	27.89	20.02	31.14	25.08	24.35	20.0	29.41	19.42	6.71	27.86	36.07	24.19	
40.45	27.66	18.6	16.28	27.78	10.63	21.21	31.83	20.25	23.02	37.54	41.44	18.38	33.14	39.05	22.14	24.19	25.0	8.25	21.26	29.41	17.49	38.08	23.32	3.0	40.11	26.0	32.06	33.06	40.5	19.42	29.73	4.12	18.03	16.12	42.38	39.81	11.0	11.7	6.0	41.44	11.18	13.04	41.48	41.0	17.89	23.85	11.0	38.91	17.46	34.23	24.7	14.04	40.05	17.03	19.1	18.38	13.6	24.33	3.61	18.44	0.0	30.0	22.85	8.54	24.04	8.25	29.0	40.52	33.38	21.1	45.18	31.32	35.0	17.03	32.56	21.4	33.96	39.62	34.54	35.69	14.87	21.93	13.42	14.32	9.43	25.0	44.94	39.56	7.0	
28.84	3.0	13.34	13.89	4.0	19.42	21.21	4.12	17.03	11.05	8.06	20.81	25.96	17.49	9.22	25.18	15.0	25.0	22.63	32.98	27.29	12.73	11.4	12.17	28.3	21.93	15.23	17.89	18.36	10.77	10.63	5.66	26.25	18.03	16.49	35.78	18.03	22.2	35.23	26.83	35.34	20.62	20.25	17.46	24.76	12.81	11.18	25.0	36.69	26.25	17.2	27.02	19.72	25.61	13.93	11.7	38.91	33.12	14.0	26.63	12.65	30.0	0.0	9.49	21.93	35.69	34.06	3.61	32.65	24.7	29.61	16.28	27.66	21.1	31.02	4.0	36.69	27.51	18.6	9.43	27.31	32.2	27.29	26.83	38.28	28.02	9.22	15.23	32.2	34.66	
24.21	9.0	11.66	9.22	5.83	13.15	21.63	13.15	17.2	12.81	17.46	20.22	16.49	13.42	18.36	16.0	6.71	16.28	14.76	23.54	19.31	6.0	15.23	14.21	21.84	19.92	18.6	13.04	13.89	18.38	5.39	13.04	18.79	8.54	13.93	29.83	18.03	13.45	26.25	21.21	29.21	12.21	11.31	19.1	21.93	5.1	13.6	21.1	29.53	16.76	13.93	18.11	10.63	21.95	10.77	9.43	29.53	23.85	5.83	19.92	10.3	22.85	9.49	0.0	14.32	26.31	25.5	11.0	26.91	18.44	20.22	22.47	20.12	16.64	21.54	13.34	27.2	20.81	18.11	11.7	21.26	22.83	18.03	17.49	29.21	19.1	12.53	22.67	26.25	26.4	
33.24	19.85	12.37	8.94	19.42	4.0	18.68	24.21	16.03	16.76	29.73	33.14	13.45	25.0	31.11	16.4	16.0	18.87	1.0	18.79	23.32	9.22	29.55	17.46	8.0	32.0	21.1	24.02	25.02	32.2	11.31	22.47	4.47	10.2	11.0	36.24	31.4	4.24	14.56	8.54	35.36	3.16	5.39	32.98	33.14	9.43	17.72	11.31	33.6	12.81	26.02	19.21	6.32	32.39	10.44	12.08	20.02	14.0	16.03	6.0	11.7	8.54	21.93	14.32	0.0	21.93	12.53	21.4	34.01	26.25	17.2	36.72	25.06	27.17	14.87	24.84	20.62	27.31	31.26	26.0	28.79	14.14	16.97	9.85	17.72	8.0	18.38	36.62	33.11	12.81	
25.5	35.23	32.56	28.44	31.78	25.63	40.5	39.46	37.36	36.22	43.42	33.24	10.0	25.61	43.97	10.77	21.19	12.21	21.02	3.16	13.6	26.08	36.72	37.34	26.25	30.48	41.59	24.21	24.84	42.54	28.02	39.12	22.2	18.03	32.28	23.19	33.3	18.03	14.32	28.6	22.2	19.92	18.44	36.24	29.41	25.02	37.22	32.76	18.0	10.05	27.02	10.0	18.25	27.46	30.59	31.26	10.0	10.82	22.14	25.0	31.4	24.04	35.69	26.31	21.93	0.0	17.49	37.22	22.8	20.0	6.08	44.42	15.26	24.76	7.21	39.62	4.0	18.36	32.56	33.54	20.59	9.22	8.54	12.08	14.32	15.0	37.05	46.07	21.84	19.72	
38.05	32.2	24.7	21.47	31.11	16.16	29.02	36.62	27.46	29.15	42.01	41.44	15.03	32.89	43.28	19.03	24.6	22.02	11.66	15.23	26.02	21.4	40.22	29.73	11.18	39.56	32.98	31.62	32.57	43.86	23.6	34.99	9.22	18.36	22.8	38.47	40.31	12.04	3.61	14.14	37.48	13.45	14.21	42.49	39.81	21.26	30.08	19.1	34.21	14.04	34.18	21.02	15.0	38.47	22.85	24.6	10.3	6.71	25.06	11.0	24.17	8.25	34.06	25.5	12.53	17.49	0.0	33.84	37.12	31.14	16.28	47.8	28.02	33.96	11.4	37.2	14.21	31.0	39.92	36.62	33.02	8.54	18.03	10.2	6.08	6.71	30.87	48.17	36.12	2.24	
32.2	2.0	11.18	12.73	6.71	18.38	18.03	2.83	14.04	8.06	8.6	24.41	27.29	20.81	10.3	27.0	17.26	27.17	22.2	34.37	29.83	12.53	14.87	9.0	27.02	25.5	11.7	21.1	21.63	13.15	10.3	2.24	25.5	19.24	14.32	38.95	21.63	22.36	35.36	25.24	38.47	20.59	20.62	21.02	28.28	13.0	8.0	22.85	39.56	27.46	20.62	29.07	20.25	29.07	12.21	10.0	39.56	33.62	16.28	25.5	10.82	29.0	3.61	11.0	21.4	37.22	33.84	0.0	35.85	27.73	31.14	19.03	30.36	24.41	32.02	3.61	37.85	30.46	22.2	13.04	30.41	32.89	29.02	27.51	38.47	28.18	6.0	17.46	35.36	34.21	
5.1	34.13	38.21	34.83	29.15	35.85	48.17	36.67	43.86	39.7	37.64	17.12	22.36	15.23	37.11	18.44	20.52	15.52	33.62	23.19	11.18	31.24	26.31	41.11	41.44	14.04	45.45	14.76	14.32	33.38	31.83	38.08	37.0	24.19	39.82	3.16	19.0	30.08	35.0	42.54	3.0	30.87	28.64	22.02	11.18	29.83	40.46	44.78	7.21	23.35	15.81	16.12	27.73	9.06	36.88	36.07	32.56	31.0	21.21	39.56	36.8	40.52	32.65	26.91	34.01	22.8	37.12	35.85	0.0	8.49	21.0	32.02	9.22	11.7	26.0	36.25	26.68	6.71	18.0	25.0	5.66	29.0	19.1	27.46	36.12	31.58	39.2	35.01	1.0	39.2	
7.07	25.94	29.73	26.4	21.02	27.73	39.7	28.79	35.38	31.24	30.41	13.6	16.12	8.0	30.15	12.17	12.04	9.22	25.96	19.24	6.4	22.8	20.1	32.65	33.96	10.63	37.01	7.07	7.0	27.02	23.35	29.97	29.61	16.16	31.4	11.4	14.32	22.56	29.61	34.79	10.82	23.09	20.88	17.46	9.43	21.4	32.02	36.67	12.17	17.12	9.06	10.77	19.92	7.62	28.43	27.59	28.64	25.71	12.73	32.02	28.32	33.38	24.7	18.44	26.25	20.0	31.14	27.73	8.49	0.0	16.16	26.93	5.0	5.39	20.88	28.46	23.32	3.0	13.42	18.03	2.83	23.77	13.6	21.02	31.32	25.0	30.81	29.43	7.81	33.06	
22.56	29.15	26.93	22.8	25.71	20.59	35.34	33.38	31.95	30.41	37.36	28.6	4.12	20.52	37.95	5.0	15.23	7.21	16.4	3.61	10.2	20.22	31.06	31.58	22.8	26.08	35.9	19.1	19.85	36.67	22.09	33.06	18.44	12.0	26.93	22.2	28.32	13.04	14.0	24.76	21.21	14.76	13.0	31.11	25.5	19.1	31.4	28.43	18.03	4.47	21.93	5.39	12.65	23.77	25.0	25.5	12.53	10.0	16.16	21.26	25.71	21.1	29.61	20.22	17.2	6.08	16.28	31.14	21.0	16.16	0.0	38.83	12.17	20.25	5.0	33.54	7.81	15.3	27.66	27.78	17.46	8.0	2.83	7.81	15.3	11.66	31.14	40.31	20.0	18.44	
27.0	19.24	29.61	29.73	17.46	34.93	37.0	17.03	33.06	27.07	12.65	15.03	36.24	19.31	10.77	33.84	24.08	32.25	37.22	42.44	32.31	27.73	7.81	28.02	43.86	18.0	30.15	20.62	20.25	6.08	26.0	20.02	41.18	29.73	32.76	35.0	13.04	35.81	48.17	42.72	35.01	34.67	33.6	10.0	21.02	27.29	27.02	41.23	38.33	36.88	18.03	34.48	32.8	23.0	30.08	27.89	50.33	45.25	23.35	42.05	28.86	45.18	16.28	22.47	36.72	44.42	47.8	19.03	32.02	26.93	38.83	0.0	31.62	21.59	41.87	16.03	46.62	29.83	14.04	11.31	28.44	43.86	36.06	38.9	50.93	41.23	25.02	3.61	32.06	48.83	
10.44	28.46	30.61	26.91	23.77	27.2	40.36	31.78	36.24	32.76	34.06	18.6	13.15	12.37	34.0	9.22	13.42	6.32	24.6	14.87	2.0	23.43	24.52	34.13	32.31	15.62	38.59	11.18	11.4	31.26	24.41	32.57	27.86	15.62	31.83	11.18	19.24	21.02	26.08	33.54	10.3	21.95	19.72	22.36	14.21	22.02	33.62	36.06	9.43	14.14	13.6	7.0	18.87	12.21	29.07	28.6	24.35	22.09	14.32	30.46	29.21	31.32	27.66	20.12	25.06	15.26	28.02	30.36	9.22	5.0	12.17	31.62	0.0	10.3	17.12	31.58	18.79	3.16	18.36	22.09	5.39	20.1	10.0	18.25	27.46	22.36	32.65	33.96	8.25	30.07	
7.81	22.8	28.3	25.5	17.8	27.89	38.28	25.06	33.84	29.07	25.96	8.49	19.31	3.61	25.5	15.65	11.4	13.04	27.07	23.6	11.4	21.93	15.0	30.48	35.13	5.83	34.66	3.61	2.83	22.02	21.95	26.63	31.02	17.03	30.41	14.87	8.94	24.0	32.89	35.51	14.56	24.08	22.02	12.08	6.0	20.62	29.73	36.69	17.0	20.25	4.12	15.0	21.02	5.39	27.29	26.08	32.76	29.15	11.7	33.14	26.93	35.0	21.1	16.64	27.17	24.76	33.96	24.41	11.7	5.39	20.25	21.59	10.3	0.0	24.6	24.6	27.8	8.25	8.06	13.34	7.0	27.31	17.49	23.77	34.93	27.46	28.28	24.19	11.4	35.69	
27.46	30.08	26.08	22.02	27.31	18.68	33.53	34.48	30.59	30.0	39.0	32.76	5.66	24.41	39.81	8.94	17.8	11.7	13.93	4.24	15.13	20.1	34.06	31.02	19.1	30.41	35.13	23.02	23.85	39.12	22.2	33.73	15.0	13.0	25.5	27.17	32.2	11.18	9.0	21.4	26.17	13.15	12.0	34.83	30.08	19.24	31.0	25.55	22.8	5.0	25.81	10.2	12.04	28.46	24.08	25.0	8.49	5.0	18.6	17.8	25.02	17.03	31.02	21.54	14.87	7.21	11.4	32.02	26.0	20.88	5.0	41.87	17.12	24.6	0.0	34.79	6.0	20.22	31.62	30.61	22.36	3.0	7.28	5.1	10.44	7.81	31.06	43.01	25.0	13.6	
32.25	5.0	14.76	16.28	8.0	21.93	21.02	1.0	17.26	11.4	5.0	23.35	29.83	21.02	6.71	29.15	19.0	29.0	25.61	36.88	31.26	15.81	13.04	12.17	30.61	24.84	14.14	21.54	21.93	10.0	13.6	4.0	29.0	21.84	17.89	39.4	20.52	25.55	38.59	28.84	39.0	23.85	23.71	19.42	27.8	16.12	11.18	26.4	40.52	30.08	20.59	31.02	23.26	28.84	15.81	13.6	42.54	36.67	18.0	29.07	14.42	32.56	4.0	13.34	24.84	39.62	37.2	3.61	36.25	28.46	33.54	16.03	31.58	24.6	34.79	0.0	40.52	31.32	21.21	12.04	31.02	35.85	31.26	30.46	41.68	31.38	9.22	14.14	35.85	37.64	
29.15	35.9	32.06	28.02	32.89	24.52	39.29	40.26	36.5	36.0	44.6	36.24	10.77	28.28	45.31	12.81	22.83	14.87	19.65	4.24	17.0	26.08	38.83	37.01	23.85	33.6	41.11	26.87	27.59	44.29	28.16	39.62	20.12	18.68	31.4	27.17	36.07	17.12	10.82	26.42	26.17	19.1	18.0	38.9	32.76	25.18	37.0	30.87	22.0	10.44	29.7	12.81	18.03	30.89	30.07	31.0	6.0	7.81	23.71	22.83	31.02	21.4	36.69	27.2	20.62	4.0	14.21	37.85	26.68	23.32	7.81	46.62	18.79	27.8	6.0	40.52	0.0	21.93	35.38	35.51	24.17	6.71	10.63	11.05	10.44	13.0	37.05	48.02	25.71	16.4	
7.28	28.64	31.83	28.32	23.77	29.15	41.73	31.62	37.48	33.6	33.38	16.12	16.03	11.0	33.14	12.04	14.21	9.06	26.93	18.03	5.1	24.76	23.09	35.0	34.79	13.04	39.41	10.05	10.0	30.02	25.5	32.7	30.36	17.49	33.3	9.22	17.09	23.41	29.15	35.85	8.49	24.17	21.93	20.25	11.31	23.35	34.41	38.08	9.22	17.03	12.04	10.05	21.02	9.22	30.41	29.73	27.51	25.18	15.0	32.89	30.41	33.96	27.51	20.81	27.31	18.36	31.0	30.46	6.71	3.0	15.3	29.83	3.16	8.25	20.22	31.32	21.93	0.0	16.16	21.02	2.24	23.19	13.04	21.1	30.59	25.18	33.29	32.39	5.83	33.02	
13.04	21.1	29.12	27.29	16.55	31.0	38.63	21.93	34.18	28.64	21.1	2.24	26.08	7.21	20.12	22.8	15.52	20.52	31.4	31.14	19.42	24.08	8.94	29.97	39.2	4.12	33.62	8.6	7.81	15.81	23.35	24.21	35.51	21.84	31.78	21.02	1.0	28.86	39.36	39.01	21.0	28.44	26.68	4.12	7.28	23.02	29.07	39.2	24.33	26.93	5.83	22.63	25.71	9.06	28.64	26.93	40.0	35.85	15.3	37.22	27.89	39.62	18.6	18.11	31.26	32.56	39.92	22.2	18.0	13.42	27.66	14.04	18.36	8.06	31.62	21.21	35.38	16.16	0.0	9.22	14.56	34.13	24.84	29.97	41.68	33.24	27.29	17.03	18.03	41.44	
20.62	12.08	21.1	20.1	8.06	24.74	30.08	12.73	25.71	19.92	12.65	11.4	25.0	10.05	12.17	22.83	12.81	21.54	26.4	31.38	22.36	17.46	3.61	21.19	33.53	12.81	24.6	11.0	11.05	9.22	16.12	15.0	30.46	18.44	24.02	28.16	8.6	24.7	36.88	32.76	27.89	23.71	22.47	8.25	15.81	16.76	20.25	32.06	30.15	25.61	9.22	23.77	21.63	17.0	21.0	19.03	39.05	33.94	12.04	31.62	20.02	34.54	9.43	11.7	26.0	33.54	36.62	13.04	25.0	18.03	27.78	11.31	22.09	13.34	30.61	12.04	35.51	21.02	9.22	0.0	20.22	32.56	25.06	27.59	39.62	30.0	18.38	12.53	24.74	37.74	
5.1	28.65	32.56	29.21	23.71	30.41	42.52	31.38	38.21	34.06	32.76	14.32	18.0	10.2	32.39	14.0	14.87	11.0	28.46	20.25	7.28	25.61	22.0	35.47	36.4	11.18	39.82	9.49	9.22	29.02	26.17	32.65	32.02	18.79	34.21	8.6	15.52	25.0	31.26	37.34	8.06	25.63	23.41	18.68	9.22	24.21	34.83	39.36	10.0	19.0	11.05	12.17	22.47	7.07	31.24	30.41	29.73	27.29	15.56	34.48	31.14	35.69	27.31	21.26	28.79	20.59	33.02	30.41	5.66	2.83	17.46	28.44	5.39	7.0	22.36	31.02	24.17	2.24	14.56	20.22	0.0	25.32	15.13	23.02	32.76	27.07	33.6	31.14	5.0	35.0	
30.41	31.02	26.02	22.09	28.65	18.11	32.76	35.47	30.15	30.15	40.25	35.36	8.06	26.93	41.18	11.7	19.8	14.56	13.15	6.71	18.11	20.62	36.07	31.06	17.2	33.11	35.0	25.55	26.42	40.8	22.8	34.48	13.42	14.42	25.08	30.15	34.67	11.05	6.0	19.72	29.15	13.04	12.37	37.2	32.89	19.92	31.14	24.17	25.71	7.21	28.3	13.15	12.65	31.32	24.02	25.18	6.71	2.0	20.52	16.12	25.08	14.87	32.2	22.83	14.14	9.22	8.54	32.89	29.0	23.77	8.0	43.86	20.1	27.31	3.0	35.85	6.71	23.19	34.13	32.56	25.32	0.0	10.2	5.39	7.62	6.32	31.4	44.82	28.0	10.77	
20.22	27.02	25.63	21.54	23.35	20.0	34.48	31.14	30.87	28.86	34.93	25.81	3.61	17.69	35.44	2.24	12.65	4.47	16.28	6.4	8.0	18.68	28.3	30.08	23.32	23.32	34.48	16.28	17.03	34.01	20.4	31.0	18.87	10.2	25.94	20.62	25.5	12.73	16.12	25.0	19.65	14.21	12.21	28.28	22.85	17.46	29.83	28.28	17.0	4.47	19.1	3.0	11.66	21.19	23.77	24.04	15.26	12.17	13.6	21.63	24.35	21.93	27.29	18.03	16.97	8.54	18.03	29.02	19.1	13.6	2.83	36.06	10.0	17.49	7.28	31.26	10.63	13.04	24.84	25.06	15.13	10.2	0.0	8.54	17.72	12.65	29.43	37.59	18.11	20.1	
28.0	25.63	21.02	17.0	23.32	13.6	28.46	30.08	25.5	25.02	34.89	31.38	5.1	22.85	35.85	9.06	15.0	12.04	8.94	8.94	16.28	15.3	31.14	26.0	15.0	29.41	30.07	21.54	22.47	35.61	17.46	29.12	10.63	9.22	20.4	29.12	30.41	6.08	9.43	16.97	28.16	8.06	7.07	32.76	29.61	14.56	26.02	20.81	25.5	4.12	24.17	11.4	7.28	28.28	19.03	20.02	12.08	6.4	15.62	13.45	20.0	13.42	26.83	17.49	9.85	12.08	10.2	27.51	27.46	21.02	7.81	38.9	18.25	23.77	5.1	30.46	11.05	21.1	29.97	27.59	23.02	5.39	8.54	0.0	12.04	4.12	26.17	39.7	26.48	12.04	
37.85	36.72	30.08	26.57	35.0	21.59	35.0	41.18	33.24	34.48	46.32	42.94	15.65	34.48	47.43	19.31	27.02	22.14	16.76	13.0	25.5	25.94	43.19	35.17	17.26	40.72	38.64	33.12	34.0	47.51	28.18	39.81	15.03	21.21	28.44	37.0	42.19	16.12	3.16	20.22	36.0	17.89	18.03	44.65	40.5	25.55	35.44	25.18	32.14	14.76	35.85	20.62	18.6	38.9	28.16	29.73	5.0	5.83	27.66	17.03	29.41	14.32	38.28	29.21	17.72	14.32	6.08	38.47	36.12	31.32	15.3	50.93	27.46	34.93	10.44	41.68	10.44	30.59	41.68	39.62	32.76	7.62	17.72	12.04	0.0	10.3	36.06	51.66	35.13	7.62	
32.02	26.42	20.22	16.49	24.84	12.0	26.48	30.89	24.02	24.52	36.06	34.79	9.22	26.25	37.2	13.15	17.89	16.12	7.0	12.04	20.4	15.65	33.6	25.32	11.31	32.98	29.07	25.0	25.96	37.48	17.89	29.55	7.21	11.66	19.0	33.24	33.62	5.83	7.21	13.6	32.28	7.62	7.81	35.78	33.38	15.26	25.5	17.89	29.55	8.25	27.51	15.52	8.49	32.14	18.25	19.65	12.04	6.0	18.36	10.0	19.42	9.43	28.02	19.1	8.0	15.0	6.71	28.18	31.58	25.0	11.66	41.23	22.36	27.46	7.81	31.38	13.0	25.18	33.24	30.0	27.07	6.32	12.65	4.12	10.3	0.0	25.96	41.73	30.59	8.25	
36.07	6.32	6.4	9.49	10.82	14.76	12.04	8.25	8.06	2.24	13.93	29.53	27.07	24.76	15.81	27.66	19.24	28.46	19.31	34.01	31.78	11.0	20.62	3.0	22.67	30.23	6.4	24.76	25.46	19.1	9.06	5.39	21.95	19.24	9.22	42.2	26.83	20.4	32.89	20.52	41.62	18.44	19.1	26.57	32.8	12.04	2.0	17.49	42.06	27.02	24.84	30.08	19.03	33.3	8.06	6.32	37.85	31.78	18.36	21.4	6.71	25.0	9.22	12.53	18.38	37.05	30.87	6.0	39.2	30.81	31.14	25.02	32.65	28.28	31.06	9.22	37.05	33.29	27.29	18.38	33.6	31.4	29.43	26.17	36.06	25.96	0.0	23.35	38.6	30.89	
30.07	18.03	28.46	29.07	17.2	34.48	35.13	15.13	31.4	25.5	10.05	18.25	37.44	21.59	8.06	35.36	25.24	34.01	37.2	43.91	34.48	27.46	9.49	26.31	43.42	21.1	28.0	22.8	22.56	4.47	25.55	18.11	41.05	30.48	31.62	38.05	16.03	36.12	48.8	42.05	38.01	34.83	33.97	13.15	24.19	27.2	25.32	40.16	41.11	38.01	20.4	36.25	33.24	26.08	29.15	26.93	51.4	46.1	24.41	41.68	27.86	44.94	15.23	22.67	36.62	46.07	48.17	17.46	35.01	29.43	40.31	3.61	33.96	24.19	43.01	14.14	48.02	32.39	17.03	12.53	31.14	44.82	37.59	39.7	51.66	41.73	23.35	0.0	35.0	49.04	
5.39	33.62	37.48	34.06	28.65	34.99	47.42	36.25	43.14	39.05	37.36	17.26	21.38	14.87	36.88	17.46	19.8	14.56	32.7	22.2	10.2	30.48	26.17	40.46	40.5	14.14	44.82	14.32	13.93	33.24	31.11	37.59	36.06	23.32	39.05	3.61	19.03	29.15	34.0	41.63	3.16	29.97	27.73	22.09	11.4	29.07	39.82	43.91	6.71	22.36	15.52	15.13	26.83	9.22	36.12	35.36	31.58	30.0	20.52	38.63	36.07	39.56	32.2	26.25	33.11	21.84	36.12	35.36	1.0	7.81	20.0	32.06	8.25	11.4	25.0	35.85	25.71	5.83	18.03	24.74	5.0	28.0	18.11	26.48	35.13	30.59	38.6	35.0	0.0	38.21	
40.01	32.65	24.6	21.63	31.89	16.12	28.16	37.01	26.93	29.07	42.52	43.01	17.0	34.48	43.86	21.0	26.0	24.0	12.04	17.46	28.07	21.93	41.34	29.55	10.0	41.23	32.57	33.24	34.21	44.69	24.08	35.23	8.94	19.7	22.47	40.61	41.79	13.04	5.66	13.0	39.62	14.21	15.26	43.86	41.59	21.93	29.97	18.0	36.4	16.0	35.74	23.09	16.12	40.31	22.83	24.7	12.21	8.94	26.4	10.2	24.19	7.0	34.66	26.4	12.81	19.72	2.24	34.21	39.2	33.06	18.44	48.83	30.07	35.69	13.6	37.64	16.4	33.02	41.44	37.74	35.0	10.77	20.1	12.04	7.62	8.25	30.89	49.04	38.21	0.0	
