90
0.0	6.08	12.0	15.65	23.35	15.81	38.6	29.0	21.1	9.49	28.28	9.49	33.14	38.08	43.14	13.0	30.68	30.68	19.31	15.13	6.4	35.23	5.1	24.74	41.01	36.67	29.83	24.08	11.7	36.89	8.06	17.26	26.42	36.35	31.4	6.4	5.83	15.81	29.07	14.14	9.85	20.59	17.46	23.77	25.0	35.13	26.17	37.8	18.6	17.69	28.28	17.72	15.13	21.54	31.76	34.67	5.39	30.15	34.89	29.27	20.12	8.25	18.03	31.24	34.99	24.7	22.47	39.36	42.43	30.36	21.54	24.19	26.25	26.93	31.32	26.17	18.44	25.63	12.65	25.5	38.42	19.31	5.39	18.03	4.47	12.08	33.62	39.81	13.0	33.73	
6.08	0.0	12.53	18.38	27.46	17.8	43.05	32.8	20.4	15.13	34.37	8.54	33.24	39.96	46.86	18.44	36.14	32.25	21.4	14.56	3.16	35.44	1.0	23.0	44.82	35.01	35.9	30.02	14.14	41.59	13.93	23.09	23.09	35.01	37.22	11.4	2.24	14.04	29.12	15.26	4.24	25.63	15.03	22.0	26.42	34.13	30.0	42.19	23.26	21.95	32.2	16.03	16.12	23.6	36.77	39.36	8.94	36.06	39.92	35.13	25.3	14.04	16.0	35.51	39.81	22.2	20.1	41.62	46.23	28.16	19.1	26.91	29.83	25.02	32.65	26.57	22.2	23.19	18.68	27.8	42.72	25.3	5.66	21.26	6.4	17.46	30.81	41.88	19.03	32.02	
12.0	12.53	0.0	7.28	17.46	5.83	32.89	21.93	9.22	12.73	32.25	4.24	21.21	27.46	35.51	13.89	29.07	19.72	9.22	3.61	9.43	23.35	12.08	13.42	33.62	25.0	34.67	26.0	4.12	32.02	17.46	19.24	17.03	24.52	31.78	9.43	10.3	5.83	17.12	2.83	12.04	18.11	8.06	12.53	13.89	23.19	19.31	31.95	15.03	13.0	21.54	7.07	3.61	11.31	28.16	29.83	7.28	31.32	31.26	30.08	18.25	12.81	7.81	25.3	30.59	14.21	12.04	29.21	34.99	19.24	11.31	15.0	18.79	15.65	20.12	14.32	12.17	15.0	20.0	15.56	32.31	26.17	7.28	10.44	16.12	13.04	23.02	29.41	17.69	22.14	
15.65	18.38	7.28	0.0	10.2	2.24	25.63	14.76	11.4	11.18	27.66	11.18	19.42	22.47	28.6	10.3	22.36	15.3	4.0	9.06	15.62	21.21	17.69	16.4	26.63	26.08	30.41	20.81	4.24	24.74	18.0	14.87	21.93	25.06	25.63	10.2	16.28	12.04	15.81	5.0	18.87	11.7	14.14	15.81	10.0	23.26	12.08	24.7	8.54	6.32	14.32	12.37	5.1	6.08	21.02	22.56	10.3	25.5	24.08	24.17	12.08	12.04	13.34	18.03	23.35	18.36	16.55	23.71	28.02	21.93	16.16	8.6	11.66	18.44	16.12	12.65	5.0	18.87	18.68	9.85	25.08	23.71	12.73	3.16	20.12	9.85	26.25	24.17	15.23	23.6	
23.35	27.46	17.46	10.2	0.0	12.04	15.65	5.83	19.65	15.26	22.83	21.19	22.02	19.1	19.85	12.08	13.42	14.76	10.2	19.03	25.06	23.02	26.63	24.35	17.69	31.24	25.94	15.65	13.93	14.56	22.36	13.0	30.81	29.73	17.8	16.97	25.55	22.02	19.85	15.13	28.64	6.08	24.0	24.04	12.81	27.59	3.16	14.76	5.39	5.66	5.0	22.02	15.03	9.85	11.05	12.37	18.6	18.38	14.0	16.97	7.07	16.64	23.02	8.06	13.15	26.93	25.5	19.03	19.1	29.07	25.32	7.07	4.0	26.0	16.12	17.2	5.39	27.2	20.62	9.22	15.26	23.02	21.95	7.07	27.59	12.53	33.54	20.0	16.49	29.41	
15.81	17.8	5.83	2.24	12.04	0.0	27.2	16.16	9.22	12.65	29.83	10.0	18.11	22.36	29.68	12.21	24.52	14.87	3.61	7.0	14.87	20.02	17.2	14.21	27.78	24.19	32.56	23.02	4.12	26.48	19.1	16.97	19.7	23.26	27.86	11.0	15.62	10.0	14.32	3.16	17.8	13.93	12.04	13.6	9.22	21.54	13.6	26.25	10.77	8.54	15.81	10.2	3.0	5.83	23.0	24.33	10.44	27.73	26.02	26.4	14.32	13.34	11.18	19.65	25.18	16.12	14.32	23.85	29.15	19.8	13.93	9.22	13.0	16.28	15.52	11.18	7.07	16.64	20.25	10.0	26.57	25.55	12.21	5.0	20.25	11.66	24.08	24.19	17.0	21.63	
38.6	43.05	32.89	25.63	15.65	27.2	0.0	11.18	33.06	29.73	27.17	36.77	29.73	20.0	8.06	26.17	13.15	21.84	24.52	33.96	40.71	29.55	42.19	37.01	6.32	40.16	30.07	22.14	29.55	3.0	36.12	24.41	44.0	38.28	18.0	32.2	41.18	36.88	29.61	30.36	44.28	18.38	38.64	37.0	24.02	36.06	13.6	1.0	20.0	21.1	11.4	36.5	30.08	23.19	8.54	4.47	34.13	20.02	7.0	19.1	19.1	31.14	37.48	7.62	5.1	40.0	39.05	17.69	7.07	40.45	39.12	19.1	14.32	38.12	23.09	28.16	21.02	40.01	33.02	20.0	1.41	32.7	37.59	22.47	42.64	26.91	44.72	19.1	29.21	39.29	
29.0	32.8	21.93	14.76	5.83	16.16	11.18	0.0	22.0	21.1	26.25	25.94	20.81	14.87	14.14	17.89	14.21	12.81	13.34	22.8	30.23	21.26	32.02	26.17	12.04	30.89	29.41	19.42	18.87	11.05	28.18	18.25	33.06	29.15	19.42	22.67	30.81	25.71	19.7	19.31	33.62	11.18	27.46	26.08	13.34	26.93	2.83	10.2	11.18	11.4	1.0	25.32	18.97	12.04	10.0	9.22	24.08	20.59	12.08	19.24	12.17	22.47	26.31	4.12	10.44	29.07	28.0	14.14	13.45	30.08	28.02	8.0	3.16	27.46	14.21	17.72	10.63	29.15	26.25	9.22	10.44	28.07	27.2	11.66	33.3	18.36	34.48	15.3	22.14	29.55	
21.1	20.4	9.22	11.4	19.65	9.22	33.06	22.0	0.0	21.1	39.05	12.04	13.0	22.02	33.53	21.26	32.89	14.42	9.49	6.0	17.26	15.23	20.22	5.0	32.02	15.81	41.77	32.2	11.66	33.02	26.57	26.17	11.18	15.3	36.67	18.38	18.25	6.71	8.94	8.06	18.38	22.83	7.07	4.47	9.49	14.04	20.1	32.06	19.72	17.49	22.02	5.0	7.21	10.05	30.59	31.06	16.49	36.72	33.38	35.36	23.32	21.47	5.66	26.02	32.14	7.28	6.0	24.41	33.24	10.63	6.08	14.0	19.03	7.07	14.21	7.07	15.65	7.62	28.65	13.15	32.14	34.41	16.0	13.42	25.0	20.62	14.87	24.21	25.81	13.0	
9.49	15.13	12.73	11.18	15.26	12.65	29.73	21.1	21.1	0.0	20.25	13.42	30.59	32.56	35.0	3.61	21.19	26.02	15.13	16.28	14.04	32.39	14.14	25.81	32.8	36.67	22.36	15.03	9.43	27.8	7.28	8.0	29.73	35.85	22.09	4.12	14.0	18.44	26.93	13.04	18.03	11.4	20.62	25.0	21.1	34.18	18.36	29.0	10.0	9.85	20.25	19.8	13.89	17.03	22.47	25.61	7.28	21.0	25.55	20.02	10.82	1.41	20.52	22.67	25.81	26.91	24.76	33.24	34.21	31.62	24.04	18.25	18.79	28.02	27.0	23.77	11.4	27.66	7.62	20.1	29.7	13.45	11.18	12.04	13.04	2.83	35.61	33.96	5.0	34.0	
28.28	34.37	32.25	27.66	22.83	29.83	27.17	26.25	39.05	20.25	0.0	33.62	44.65	41.11	35.06	18.36	14.04	37.59	30.41	35.51	33.96	45.79	33.38	44.05	33.02	53.15	3.16	7.21	28.3	24.19	21.0	13.04	49.09	51.86	9.49	24.35	33.73	38.08	42.01	31.62	37.85	17.2	40.31	43.42	35.0	49.82	25.08	27.07	19.85	21.93	25.3	39.12	32.2	31.24	19.0	23.02	27.51	7.28	20.22	8.06	16.4	20.88	39.96	24.33	22.09	45.8	43.83	40.26	34.06	49.58	43.27	29.68	26.4	46.1	38.95	39.05	24.08	46.4	16.0	31.91	28.07	10.44	31.32	26.17	30.0	19.24	53.91	41.48	15.52	50.93	
9.49	8.54	4.24	11.18	21.19	10.0	36.77	25.94	12.04	13.42	33.62	0.0	24.74	31.62	39.66	15.52	32.02	23.85	13.45	6.08	5.39	26.93	8.25	15.3	37.74	27.29	35.78	27.89	7.28	35.74	16.4	20.88	17.2	27.07	34.23	9.43	6.32	6.32	20.62	7.07	7.81	21.02	8.06	14.32	18.03	26.0	23.26	35.85	18.11	16.28	25.5	8.25	7.81	15.56	31.58	33.53	6.4	33.54	34.71	32.39	21.0	13.04	8.54	29.15	34.21	15.23	13.0	33.42	39.12	20.88	12.08	19.21	22.83	17.46	24.19	18.03	15.81	16.16	19.85	19.8	36.25	26.4	4.12	14.32	13.04	14.56	24.17	33.6	18.36	24.33	
33.14	33.24	21.21	19.42	22.02	18.11	29.73	20.81	13.0	30.59	44.65	24.74	0.0	12.17	27.07	29.41	34.71	8.06	15.52	18.68	30.08	2.24	32.98	12.73	26.31	10.44	47.71	37.44	22.02	30.87	37.22	33.11	18.87	8.54	39.6	29.07	31.05	19.7	4.12	19.03	31.38	27.46	19.72	13.45	9.85	6.32	20.52	28.79	25.06	23.26	21.4	17.89	18.03	13.93	30.81	29.53	28.02	40.36	32.76	38.95	28.3	31.4	18.36	24.7	30.89	15.62	16.28	15.13	27.17	12.65	17.03	15.0	19.1	12.21	6.71	7.0	21.02	15.0	38.08	12.81	28.46	42.72	28.44	19.31	37.34	29.12	16.12	14.32	34.48	10.0	
38.08	39.96	27.46	22.47	19.1	22.36	20.0	14.87	22.02	32.56	41.11	31.62	12.17	0.0	15.52	30.15	28.65	7.81	18.79	26.25	36.89	11.0	39.45	23.71	15.23	22.02	44.27	34.21	26.4	21.93	39.81	32.06	30.46	20.02	34.0	32.57	37.74	28.28	14.32	24.7	39.2	25.18	29.07	24.19	13.6	18.0	16.28	19.21	24.0	23.09	15.81	26.91	23.85	16.55	23.85	21.26	32.7	35.34	24.84	34.01	26.17	33.73	27.66	17.49	22.67	26.83	26.93	3.0	15.81	24.74	27.46	14.32	15.13	23.77	7.81	15.0	21.21	26.4	39.12	12.65	18.6	42.11	34.48	20.62	42.54	30.27	28.28	2.24	35.06	22.09	
43.14	46.86	35.51	28.6	19.85	29.68	8.06	14.14	33.53	35.0	35.06	39.66	27.07	15.52	0.0	31.62	21.02	20.1	26.42	35.78	44.2	26.31	46.1	36.67	2.24	37.34	38.01	29.61	32.8	11.05	41.88	30.87	43.74	35.36	26.02	36.8	44.82	38.48	28.07	32.76	47.43	24.19	39.92	36.88	24.04	33.24	16.97	8.0	25.0	25.5	14.87	37.7	32.25	24.6	16.12	12.04	38.21	28.0	15.03	27.02	25.06	36.4	38.63	12.53	13.0	39.81	39.29	12.65	1.0	39.05	39.56	20.59	17.03	37.34	21.02	27.46	24.76	39.62	39.36	20.62	7.0	39.85	41.23	25.61	47.42	32.2	43.0	13.93	35.36	37.05	
13.0	18.44	13.89	10.3	12.08	12.21	26.17	17.89	21.26	3.61	18.36	15.52	29.41	30.15	31.62	0.0	17.72	24.08	13.93	17.2	17.03	31.05	17.46	26.17	29.41	36.36	20.81	12.37	10.0	24.21	10.3	5.39	30.81	35.36	19.0	7.07	17.12	19.72	26.0	13.45	21.02	7.81	21.95	25.46	19.65	33.54	15.23	25.46	6.71	7.07	17.0	20.81	14.14	15.52	18.87	22.02	10.0	18.11	21.95	17.03	7.21	5.0	21.63	19.21	22.2	27.66	25.61	30.59	30.81	31.89	25.0	16.0	15.81	28.32	25.18	22.85	9.0	28.32	9.0	18.03	26.17	13.42	14.0	10.2	16.64	1.0	36.07	31.4	5.1	33.84	
30.68	36.14	29.07	22.36	13.42	24.52	13.15	14.21	32.89	21.19	14.04	32.02	34.71	28.65	21.02	17.72	0.0	26.87	23.41	31.4	34.53	35.36	35.17	37.7	19.0	44.41	17.0	9.43	25.02	10.2	26.08	13.89	43.97	42.8	5.39	24.74	34.71	34.37	33.02	27.29	38.47	11.0	36.5	37.34	26.08	40.61	14.21	13.04	14.04	16.12	13.45	34.71	27.46	23.26	5.1	9.0	27.46	7.07	6.32	6.0	11.05	22.47	35.69	11.18	8.06	40.16	38.6	27.31	20.02	42.49	38.33	20.25	15.62	39.4	28.28	30.53	17.46	40.5	22.02	22.2	14.04	20.25	31.4	19.65	34.01	18.68	46.96	28.64	18.87	42.72	
30.68	32.25	19.72	15.3	14.76	14.87	21.84	12.81	14.42	26.02	37.59	23.85	8.06	7.81	20.1	24.08	26.87	0.0	11.4	18.44	29.15	8.49	31.76	16.76	19.0	18.38	40.71	30.41	18.97	22.85	33.14	26.93	23.77	16.55	31.89	25.5	30.02	20.52	8.0	17.0	31.4	20.62	21.4	17.09	5.83	14.32	12.81	20.88	18.68	17.26	13.45	19.21	16.12	9.22	22.8	21.47	25.3	32.8	24.7	31.4	21.54	27.07	20.0	16.64	22.83	19.92	19.7	10.0	20.02	19.0	20.12	8.25	11.4	17.26	1.41	7.62	15.13	19.65	33.06	6.08	20.62	36.88	26.83	14.0	35.11	24.02	23.09	9.9	29.15	17.46	
19.31	21.4	9.22	4.0	10.2	3.61	24.52	13.34	9.49	15.13	30.41	13.45	15.52	18.79	26.42	13.93	23.41	11.4	0.0	9.49	18.44	17.26	20.81	14.32	24.6	22.8	33.3	23.35	7.62	24.08	22.0	18.03	20.62	21.63	27.29	14.14	19.21	12.37	12.08	6.4	21.26	13.6	14.14	13.93	6.0	19.72	11.05	23.54	10.63	8.49	13.15	12.04	5.83	2.24	21.21	22.02	13.93	27.46	24.08	26.08	14.21	16.03	13.04	17.12	23.0	16.76	15.3	20.25	25.94	19.42	15.13	5.83	10.2	16.12	12.17	8.94	6.4	17.09	22.56	6.4	23.77	27.31	15.81	4.24	23.77	13.6	23.85	20.59	18.97	20.52	
15.13	14.56	3.61	9.06	19.03	7.0	33.96	22.8	6.0	16.28	35.51	6.08	18.68	26.25	35.78	17.2	31.4	18.44	9.49	0.0	11.4	20.88	14.32	9.85	34.01	21.59	38.01	29.07	7.21	33.38	21.02	22.47	13.6	21.21	34.48	13.04	12.37	3.0	14.56	4.12	13.04	20.62	5.1	8.94	12.73	20.02	20.4	32.98	17.46	15.3	22.56	3.61	4.0	11.18	30.0	31.26	10.77	34.18	33.02	32.89	20.88	16.4	4.47	26.48	32.14	10.63	8.49	28.28	35.34	15.65	7.81	15.23	19.65	12.08	18.6	12.08	14.04	11.4	23.6	15.26	33.24	29.73	10.0	12.0	19.0	16.4	19.42	28.32	21.21	18.68	
6.4	3.16	9.43	15.62	25.06	14.87	40.71	30.23	17.26	14.04	33.96	5.39	30.08	36.89	44.2	17.03	34.53	29.15	18.44	11.4	0.0	32.28	3.0	20.02	42.2	32.06	35.74	29.07	11.4	39.4	14.42	22.02	20.62	32.0	36.01	10.0	1.0	11.0	25.96	12.21	4.0	23.77	12.17	19.03	23.32	31.06	27.46	39.82	21.19	19.7	29.68	13.0	13.04	20.62	34.79	37.16	7.07	35.01	37.95	34.0	23.54	13.15	13.04	33.12	37.7	19.42	17.26	38.6	43.6	25.32	16.28	24.04	27.2	22.09	29.53	23.41	19.72	20.4	18.79	24.84	40.31	25.5	3.16	18.6	8.54	16.03	28.16	38.83	18.44	29.07	
35.23	35.44	23.35	21.21	23.02	20.02	29.55	21.26	15.23	32.39	45.79	26.93	2.24	11.0	26.31	31.05	35.36	8.49	17.26	20.88	32.28	0.0	35.17	14.87	25.71	11.05	48.88	38.59	24.0	30.89	39.12	34.54	20.81	9.06	40.36	31.02	33.24	21.93	6.32	21.1	33.62	28.65	21.95	15.62	11.4	7.0	21.26	28.64	26.4	24.7	21.93	20.12	20.1	15.52	31.24	29.68	30.07	41.23	33.02	39.82	29.53	33.24	20.59	25.0	31.06	17.69	18.44	14.0	26.48	14.32	19.21	16.12	19.85	14.21	7.07	9.06	22.47	17.03	39.81	13.89	28.23	44.27	30.59	20.88	39.46	30.81	17.46	13.04	36.14	11.18	
5.1	1.0	12.08	17.69	26.63	17.2	42.19	32.02	20.22	14.14	33.38	8.25	32.98	39.45	46.1	17.46	35.17	31.76	20.81	14.32	3.0	35.17	0.0	23.02	44.05	35.06	34.93	29.02	13.45	40.71	13.0	22.09	23.41	35.0	36.22	10.44	2.0	14.0	28.86	14.76	5.0	24.7	15.13	22.02	25.94	34.06	29.21	41.34	22.36	21.1	31.4	16.0	15.65	23.02	35.85	38.47	8.06	35.06	39.0	34.13	24.35	13.04	16.03	34.67	38.91	22.36	20.22	41.05	45.45	28.28	19.24	26.25	29.07	25.08	32.2	26.25	21.4	23.35	17.72	27.2	41.88	24.35	5.0	20.52	5.83	16.49	31.05	41.34	18.03	32.06	
24.74	23.0	13.42	16.4	24.35	14.21	37.01	26.17	5.0	25.81	44.05	15.3	12.73	23.71	36.67	26.17	37.7	16.76	14.32	9.85	20.02	14.87	23.02	0.0	35.36	12.04	46.75	37.2	16.4	37.22	30.87	31.14	7.07	12.04	41.59	22.83	21.02	9.06	9.43	12.81	20.22	27.78	8.06	1.0	13.0	11.4	24.52	36.01	24.7	22.47	26.31	7.07	12.04	14.56	35.17	35.36	20.62	41.68	37.85	40.31	28.3	26.08	7.0	30.27	36.5	3.16	3.61	26.4	36.5	5.83	4.47	18.25	23.35	2.24	16.16	9.22	20.59	3.0	33.29	17.03	36.0	39.2	19.42	18.36	28.28	25.5	9.9	25.94	30.61	9.06	
41.01	44.82	33.62	26.63	17.69	27.78	6.32	12.04	32.02	32.8	33.02	37.74	26.31	15.23	2.24	29.41	19.0	19.0	24.6	34.01	42.2	25.71	44.05	35.36	0.0	36.67	36.0	27.46	30.81	9.22	39.66	28.64	42.43	34.71	24.08	34.66	42.8	36.77	27.0	30.89	45.49	21.95	38.28	35.51	22.56	32.56	14.87	6.08	22.8	23.35	12.73	36.06	30.41	22.85	14.04	10.0	36.12	26.02	13.15	25.0	22.83	34.21	37.0	10.3	11.05	38.47	37.85	12.53	1.41	38.0	38.08	18.79	15.0	36.12	20.02	26.17	22.67	38.33	37.12	18.97	5.1	37.64	39.2	23.6	45.28	30.0	42.05	13.89	33.12	36.22	
36.67	35.01	25.0	26.08	31.24	24.19	40.16	30.89	15.81	36.67	53.15	27.29	10.44	22.02	37.34	36.36	44.41	18.38	22.8	21.59	32.06	11.05	35.06	12.04	36.67	0.0	56.08	46.01	27.31	41.23	42.38	40.8	14.32	2.0	49.04	34.18	33.06	21.1	11.4	23.77	32.06	36.07	20.0	13.04	18.44	4.12	30.23	39.22	33.3	31.24	31.38	19.1	22.85	21.93	40.82	39.81	32.28	49.58	42.94	48.17	36.8	37.16	19.03	34.89	41.15	13.15	15.03	25.02	37.48	7.28	16.03	24.21	28.84	10.0	17.09	14.14	29.07	12.17	44.28	22.2	38.9	49.74	31.4	27.02	40.31	35.85	7.81	24.0	41.18	3.0	
29.83	35.9	34.67	30.41	25.94	32.56	30.07	29.41	41.77	22.36	3.16	35.78	47.71	44.27	38.01	20.81	17.0	40.71	33.3	38.01	35.74	48.88	34.93	46.75	36.0	56.08	0.0	10.3	30.81	27.07	22.2	15.62	51.61	54.82	12.17	26.4	35.44	40.5	45.0	34.21	39.56	20.25	42.72	46.1	38.01	52.8	28.23	30.02	22.8	24.84	28.46	41.62	34.83	34.21	22.02	26.0	29.55	10.05	23.09	11.0	19.42	22.85	42.44	27.46	25.02	48.41	46.4	43.42	37.01	52.35	45.8	32.76	29.55	48.84	42.06	42.01	27.02	49.04	17.26	34.99	31.02	11.0	33.24	29.07	31.14	21.63	56.64	44.64	17.46	53.81	
24.08	30.02	26.0	20.81	15.65	23.02	22.14	19.42	32.2	15.03	7.21	27.89	37.44	34.21	29.61	12.37	9.43	30.41	23.35	29.07	29.07	38.59	29.02	37.2	27.46	46.01	10.3	0.0	21.93	19.31	18.03	7.07	42.54	44.69	7.62	19.1	29.02	31.78	34.83	25.06	33.06	10.0	34.01	36.62	27.8	42.64	18.03	21.84	12.73	14.87	18.44	32.65	25.55	24.08	13.6	17.72	22.2	6.08	15.65	5.39	9.22	16.0	33.54	18.0	17.09	39.12	37.22	33.54	28.64	42.64	36.72	22.47	19.31	39.2	31.76	31.89	16.97	39.66	13.42	24.7	22.8	10.82	26.17	19.1	26.68	13.34	47.01	34.71	11.18	43.84	
11.7	14.14	4.12	4.24	13.93	4.12	29.55	18.87	11.66	9.43	28.3	7.28	22.02	26.4	32.8	10.0	25.02	18.97	7.62	7.21	11.4	24.0	13.45	16.4	30.81	27.31	30.81	21.93	0.0	28.46	15.3	15.26	20.81	26.57	27.66	7.07	12.04	9.85	18.11	3.61	14.76	14.04	12.08	15.62	13.34	25.0	16.12	28.64	11.0	9.06	18.36	10.82	4.47	9.85	24.33	26.25	6.32	27.2	27.46	25.96	14.14	9.85	11.66	21.93	26.93	17.69	15.62	27.78	32.2	22.2	15.0	12.81	15.81	18.6	19.65	15.03	8.54	18.38	17.0	13.89	29.07	22.8	8.49	7.21	16.16	9.22	26.25	28.18	14.21	24.6	
36.89	41.59	32.02	24.74	14.56	26.48	3.0	11.05	33.02	27.8	24.19	35.74	30.87	21.93	11.05	24.21	10.2	22.85	24.08	33.38	39.4	30.89	40.71	37.22	9.22	41.23	27.07	19.31	28.46	0.0	33.94	22.02	44.1	39.4	15.0	30.53	39.81	36.35	30.36	29.61	43.08	16.4	38.21	37.12	24.33	37.16	13.04	3.16	18.36	19.7	11.0	36.12	29.43	23.0	5.83	2.24	32.65	17.03	4.0	16.12	17.03	29.21	37.12	7.0	2.24	40.11	39.01	19.85	10.05	41.0	39.0	19.03	14.0	38.47	24.17	28.64	19.92	40.2	30.61	20.22	4.12	29.97	36.25	21.59	40.8	25.0	45.35	21.26	26.91	40.16	
8.06	13.93	17.46	18.0	22.36	19.1	36.12	28.18	26.57	7.28	21.0	16.4	37.22	39.81	41.88	10.3	26.08	33.14	22.0	21.02	14.42	39.12	13.0	30.87	39.66	42.38	22.2	18.03	15.3	33.94	0.0	12.21	33.6	41.76	25.63	8.25	13.89	22.47	33.38	18.68	17.89	17.8	24.41	29.97	28.0	40.26	25.5	35.47	17.0	17.09	27.29	24.19	19.65	24.02	28.32	31.83	10.3	24.04	31.24	23.41	17.03	6.08	24.7	29.41	31.83	31.38	29.15	40.52	41.05	36.67	28.3	25.5	26.0	33.11	34.06	30.27	18.68	32.25	5.0	27.29	36.24	11.4	12.73	19.24	9.0	9.85	40.31	41.23	7.21	39.56	
17.26	23.09	19.24	14.87	13.0	16.97	24.41	18.25	26.17	8.0	13.04	20.88	33.11	32.06	30.87	5.39	13.89	26.93	18.03	22.47	22.02	34.54	22.09	31.14	28.64	40.8	15.62	7.07	15.26	22.02	12.21	0.0	36.06	39.66	14.14	12.04	22.0	25.06	30.02	18.6	26.02	7.07	27.29	30.48	23.26	37.74	16.03	23.85	8.25	9.85	17.26	26.08	19.21	19.24	16.28	20.0	15.13	13.0	19.1	12.04	6.08	9.06	26.93	18.38	19.85	32.8	30.81	32.02	29.97	36.77	30.23	18.68	17.0	33.24	28.16	26.93	12.08	33.42	8.6	20.88	24.7	10.05	19.1	13.89	20.25	6.32	41.04	33.0	5.0	38.42	
26.42	23.09	17.03	21.93	30.81	19.7	44.0	33.06	11.18	29.73	49.09	17.2	18.87	30.46	43.74	30.81	43.97	23.77	20.62	13.6	20.62	20.81	23.41	7.07	42.43	14.32	51.61	42.54	20.81	44.1	33.6	36.06	0.0	15.26	47.54	26.17	21.54	11.31	16.16	17.49	19.42	33.62	9.22	7.0	20.02	15.62	31.26	43.0	30.46	28.23	33.14	10.0	17.0	21.21	41.77	42.19	23.43	47.42	44.55	46.1	34.01	29.7	9.22	37.12	43.29	4.0	5.39	33.24	43.57	7.21	5.83	25.08	30.15	6.71	23.09	16.28	26.57	4.12	36.8	24.0	43.01	43.14	21.1	24.35	29.15	30.0	8.0	32.7	34.71	11.66	
36.35	35.01	24.52	25.06	29.73	23.26	38.28	29.15	15.3	35.85	51.86	27.07	8.54	20.02	35.36	35.36	42.8	16.55	21.63	21.21	32.0	9.06	35.0	12.04	34.71	2.0	54.82	44.69	26.57	39.4	41.76	39.66	15.26	0.0	47.51	33.53	33.0	21.0	9.9	23.09	32.25	34.71	20.1	13.04	16.97	2.24	28.6	37.34	32.02	30.0	29.68	19.0	22.14	20.62	39.12	38.01	31.78	48.1	41.18	46.69	35.47	36.4	19.03	33.12	39.36	13.6	15.3	23.02	35.51	8.06	16.28	22.67	27.2	10.2	15.23	12.81	27.8	12.65	43.46	20.62	37.0	48.76	31.14	25.81	40.11	34.89	9.43	22.0	40.25	3.61	
31.4	37.22	31.78	25.63	17.8	27.86	18.0	19.42	36.67	22.09	9.49	34.23	39.6	34.0	26.02	19.0	5.39	31.89	27.29	34.48	36.01	40.36	36.22	41.59	24.08	49.04	12.17	7.62	27.66	15.0	25.63	14.14	47.54	47.51	0.0	26.02	36.06	37.36	37.64	30.36	40.01	13.93	39.56	41.15	30.61	45.34	19.1	18.03	17.09	19.31	18.6	37.95	30.68	27.46	10.44	14.14	29.0	2.24	11.0	2.24	13.6	23.19	38.9	16.55	13.04	43.86	42.15	32.7	25.02	46.65	41.79	24.84	20.52	43.42	33.3	35.0	21.02	44.28	21.02	26.91	19.03	17.69	33.0	23.26	34.21	20.0	51.11	34.01	18.68	47.2	
6.4	11.4	9.43	10.2	16.97	11.0	32.2	22.67	18.38	4.12	24.35	9.43	29.07	32.57	36.8	7.07	24.74	25.5	14.14	13.04	10.0	31.02	10.44	22.83	34.66	34.18	26.4	19.1	7.07	30.53	8.25	12.04	26.17	33.53	26.02	0.0	10.05	14.87	25.18	10.44	14.0	14.32	16.97	21.95	20.1	32.02	19.85	31.4	12.21	11.31	21.93	16.4	11.4	16.28	25.5	28.3	3.16	25.02	28.64	24.0	13.93	3.61	17.03	24.84	28.65	23.6	21.4	33.62	36.07	28.65	20.62	18.38	20.0	25.06	26.31	22.09	12.21	24.41	10.63	19.92	32.02	17.03	7.07	12.08	10.63	6.08	32.45	34.18	8.94	31.38	
5.83	2.24	10.3	16.28	25.55	15.62	41.18	30.81	18.25	14.0	33.73	6.32	31.05	37.74	44.82	17.12	34.71	30.02	19.21	12.37	1.0	33.24	2.0	21.02	42.8	33.06	35.44	29.02	12.04	39.81	13.89	22.0	21.54	33.0	36.06	10.05	0.0	12.0	26.93	13.04	4.12	24.04	13.15	20.02	24.19	32.06	28.02	40.31	21.54	20.12	30.23	14.0	13.89	21.4	35.11	37.58	7.28	35.0	38.28	34.01	23.77	13.04	14.04	33.62	38.08	20.4	18.25	39.41	44.2	26.31	17.26	24.76	27.8	23.09	30.41	24.35	20.25	21.38	18.38	25.61	40.82	25.08	3.61	19.21	7.62	16.12	29.12	39.66	18.25	30.07	
15.81	14.04	5.83	12.04	22.02	10.0	36.88	25.71	6.71	18.44	38.08	6.32	19.7	28.28	38.48	19.72	34.37	20.52	12.37	3.0	11.0	21.93	14.0	9.06	36.77	21.1	40.5	31.78	9.85	36.35	22.47	25.06	11.31	21.0	37.36	14.87	12.0	0.0	15.65	7.07	11.7	23.54	2.24	8.06	15.0	20.1	23.35	35.9	20.4	18.25	25.5	2.0	7.0	13.93	33.0	34.23	12.21	37.0	36.01	35.74	23.77	18.38	2.24	29.43	35.13	8.94	6.71	30.48	38.08	14.56	5.83	18.03	22.56	11.18	20.52	13.6	17.03	9.85	25.5	17.89	36.14	31.83	10.44	15.0	19.24	18.87	17.89	30.41	23.43	18.11	
29.07	29.12	17.12	15.81	19.85	14.32	29.61	19.7	8.94	26.93	42.01	20.62	4.12	14.32	28.07	26.0	33.02	8.0	12.08	14.56	25.96	6.32	28.86	9.43	27.0	11.4	45.0	34.83	18.11	30.36	33.38	30.02	16.16	9.9	37.64	25.18	26.93	15.65	0.0	15.0	27.31	24.84	15.81	10.0	7.07	7.81	18.87	28.64	22.2	20.25	20.12	13.89	14.0	10.82	29.53	28.79	24.0	38.21	31.78	36.8	25.61	27.66	14.42	23.77	30.08	12.53	12.81	17.09	28.02	11.0	13.45	12.81	17.49	9.49	7.07	3.16	18.03	12.08	34.48	10.82	28.44	39.4	24.33	16.12	33.24	25.63	15.13	16.55	31.02	9.85	
14.14	15.26	2.83	5.0	15.13	3.16	30.36	19.31	8.06	13.04	31.62	7.07	19.03	24.7	32.76	13.45	27.29	17.0	6.4	4.12	12.21	21.1	14.76	12.81	30.89	23.77	34.21	25.06	3.61	29.61	18.68	18.6	17.49	23.09	30.36	10.44	13.04	7.07	15.0	0.0	14.87	16.49	9.22	12.04	11.18	21.59	16.76	29.41	13.34	11.18	18.97	7.62	1.0	8.49	26.02	27.46	9.0	30.08	29.07	28.79	16.76	13.42	8.54	22.8	28.28	14.21	12.21	26.4	32.25	18.6	11.66	12.21	16.16	15.0	17.46	12.04	10.0	14.87	20.59	12.73	29.73	26.4	9.85	8.06	18.44	12.73	22.67	26.63	17.8	21.02	
9.85	4.24	12.04	18.87	28.64	17.8	44.28	33.62	18.38	18.03	37.85	7.81	31.38	39.2	47.43	21.02	38.47	31.4	21.26	13.04	4.0	33.62	5.0	20.22	45.49	32.06	39.56	33.06	14.76	43.08	17.89	26.02	19.42	32.25	40.01	14.0	4.12	11.7	27.31	14.87	0.0	27.66	12.17	19.24	25.61	31.58	30.89	43.38	25.0	23.41	33.12	13.6	15.56	23.35	38.6	40.85	11.05	39.01	41.76	38.0	27.46	17.12	13.34	36.67	41.44	19.0	17.03	41.11	46.87	25.0	16.03	27.02	30.53	22.09	31.62	25.06	23.26	20.0	22.47	27.59	43.83	29.15	7.07	21.95	10.63	20.02	27.29	41.23	22.36	29.07	
20.59	25.63	18.11	11.7	6.08	13.93	18.38	11.18	22.83	11.4	17.2	21.02	27.46	25.18	24.19	7.81	11.0	20.62	13.6	20.62	23.77	28.65	24.7	27.78	21.95	36.07	20.25	10.0	14.04	16.4	17.8	7.07	33.62	34.71	13.93	14.32	24.04	23.54	24.84	16.49	27.66	0.0	25.71	27.29	17.8	32.65	9.0	17.69	3.16	5.39	10.2	24.04	16.76	14.14	11.18	14.21	16.76	13.89	14.32	12.53	1.0	12.81	25.0	11.66	14.42	29.97	28.23	25.0	23.32	33.02	27.86	12.53	10.05	29.68	21.93	21.93	7.21	30.41	15.23	14.76	18.44	17.0	20.62	9.43	24.41	8.6	37.44	26.02	11.18	33.97	
17.46	15.03	8.06	14.14	24.0	12.04	38.64	27.46	7.07	20.62	40.31	8.06	19.72	29.07	39.92	21.95	36.5	21.4	14.14	5.1	12.17	21.95	15.13	8.06	38.28	20.0	42.72	34.01	12.08	38.21	24.41	27.29	9.22	20.1	39.56	16.97	13.15	2.24	15.81	9.22	12.17	25.71	0.0	7.07	16.12	19.42	25.18	37.66	22.56	20.4	27.29	2.24	9.06	15.52	35.01	36.12	14.21	39.22	38.0	37.95	25.96	20.52	1.41	31.26	37.05	7.28	5.1	31.4	39.56	13.15	4.12	19.65	24.33	10.0	21.26	14.14	19.1	8.25	27.59	19.31	37.85	33.97	12.08	17.03	20.62	21.1	16.16	31.24	25.61	17.0	
23.77	22.0	12.53	15.81	24.04	13.6	37.0	26.08	4.47	25.0	43.42	14.32	13.45	24.19	36.88	25.46	37.34	17.09	13.93	8.94	19.03	15.62	22.02	1.0	35.51	13.04	46.1	36.62	15.62	37.12	29.97	30.48	7.0	13.04	41.15	21.95	20.02	8.06	10.0	12.04	19.24	27.29	7.07	0.0	13.04	12.37	24.33	36.0	24.19	21.95	26.17	6.08	11.31	14.32	34.93	35.23	19.7	41.18	37.66	39.82	27.78	25.24	6.0	30.15	36.35	3.0	2.83	26.83	36.67	6.71	3.61	18.11	23.19	3.16	16.55	9.49	20.12	3.16	32.45	17.0	36.01	38.42	18.44	17.89	27.29	24.76	10.63	26.42	29.83	10.05	
25.0	26.42	13.89	10.0	12.81	9.22	24.02	13.34	9.49	21.1	35.0	18.03	9.85	13.6	24.04	19.65	26.08	5.83	6.0	12.73	23.32	11.4	25.94	13.0	22.56	18.44	38.01	27.8	13.34	24.33	28.0	23.26	20.02	16.97	30.61	20.1	24.19	15.0	7.07	11.18	25.61	17.8	16.12	13.04	0.0	14.87	12.08	23.02	15.26	13.42	13.6	13.89	10.3	4.12	22.85	22.56	19.65	31.14	25.3	29.73	18.6	22.02	14.76	17.46	23.77	16.03	15.3	15.56	23.77	16.76	15.52	5.83	10.77	14.14	6.32	4.47	11.18	16.0	28.44	4.12	23.0	32.89	21.02	9.49	29.41	19.42	21.19	15.62	24.74	16.64	
35.13	34.13	23.19	23.26	27.59	21.54	36.06	26.93	14.04	34.18	49.82	26.0	6.32	18.0	33.24	33.54	40.61	14.32	19.72	20.02	31.06	7.0	34.06	11.4	32.56	4.12	52.8	42.64	25.0	37.16	40.26	37.74	15.62	2.24	45.34	32.02	32.06	20.1	7.81	21.59	31.58	32.65	19.42	12.37	14.87	0.0	26.4	35.11	30.0	28.02	27.46	18.11	20.62	18.6	36.89	35.78	30.41	45.97	38.95	44.55	33.42	34.79	18.25	30.89	37.12	13.42	14.87	21.0	33.38	8.49	15.81	20.52	25.0	9.85	13.0	10.82	25.81	12.53	41.79	18.44	34.79	46.96	30.02	23.85	39.01	33.11	10.77	20.02	38.48	4.47	
26.17	30.0	19.31	12.08	3.16	13.6	13.6	2.83	20.1	18.36	25.08	23.26	20.52	16.28	16.97	15.23	14.21	12.81	11.05	20.4	27.46	21.26	29.21	24.52	14.87	30.23	28.23	18.03	16.12	13.04	25.5	16.03	31.26	28.6	19.1	19.85	28.02	23.35	18.87	16.76	30.89	9.0	25.18	24.33	12.08	26.4	0.0	12.65	8.54	8.6	2.24	23.09	16.49	10.05	10.77	11.0	21.26	20.0	13.34	18.6	10.0	19.72	24.08	6.08	12.04	27.29	26.08	16.0	16.28	28.79	26.02	6.32	1.41	25.96	14.21	16.55	7.81	27.46	23.77	8.06	13.0	26.0	24.41	8.94	30.48	15.65	33.24	17.03	19.65	28.65	
37.8	42.19	31.95	24.7	14.76	26.25	1.0	10.2	32.06	29.0	27.07	35.85	28.79	19.21	8.0	25.46	13.04	20.88	23.54	32.98	39.82	28.64	41.34	36.01	6.08	39.22	30.02	21.84	28.64	3.16	35.47	23.85	43.0	37.34	18.03	31.4	40.31	35.9	28.64	29.41	43.38	17.69	37.66	36.0	23.02	35.11	12.65	0.0	19.21	20.25	10.44	35.51	29.12	22.2	8.25	4.12	33.29	20.0	7.07	19.03	18.44	30.41	36.5	6.71	5.0	39.0	38.05	16.97	7.0	39.46	38.12	18.11	13.34	37.12	22.14	27.17	20.12	39.01	32.45	19.0	1.0	32.31	36.72	21.54	41.87	26.17	43.74	18.38	28.6	38.33	
18.6	23.26	15.03	8.54	5.39	10.77	20.0	11.18	19.72	10.0	19.85	18.11	25.06	24.0	25.0	6.71	14.04	18.68	10.63	17.46	21.19	26.4	22.36	24.7	22.8	33.3	22.8	12.73	11.0	18.36	17.0	8.25	30.46	32.02	17.09	12.21	21.54	20.4	22.2	13.34	25.0	3.16	22.56	24.19	15.26	30.0	8.54	19.21	0.0	2.24	10.3	20.88	13.6	11.4	13.6	16.12	14.32	17.0	16.76	15.65	3.61	11.4	21.84	12.73	16.55	26.83	25.08	24.19	24.21	30.0	24.7	10.44	9.22	26.63	19.92	19.21	4.24	27.29	15.3	12.65	19.85	18.25	18.03	6.4	22.67	7.21	34.41	25.08	11.18	31.11	
17.69	21.95	13.0	6.32	5.66	8.54	21.1	11.4	17.49	9.85	21.93	16.28	23.26	23.09	25.5	7.07	16.12	17.26	8.49	15.3	19.7	24.7	21.1	22.47	23.35	31.24	24.84	14.87	9.06	19.7	17.09	9.85	28.23	30.0	19.31	11.31	20.12	18.25	20.25	11.18	23.41	5.39	20.4	21.95	13.42	28.02	8.6	20.25	2.24	0.0	10.63	18.68	11.4	9.43	15.3	17.46	13.04	19.24	18.44	17.89	5.83	11.18	19.65	13.6	18.03	24.6	22.85	23.54	24.76	27.8	22.47	9.06	8.94	24.41	18.44	17.2	2.24	25.06	16.03	11.18	20.81	19.65	16.55	4.24	21.93	7.28	32.2	24.33	12.0	29.0	
28.28	32.2	21.54	14.32	5.0	15.81	11.4	1.0	22.02	20.25	25.3	25.5	21.4	15.81	14.87	17.0	13.45	13.45	13.15	22.56	29.68	21.93	31.4	26.31	12.73	31.38	28.46	18.44	18.36	11.0	27.29	17.26	33.14	29.68	18.6	21.93	30.23	25.5	20.12	18.97	33.12	10.2	27.29	26.17	13.6	27.46	2.24	10.44	10.3	10.63	0.0	25.18	18.68	12.0	9.43	9.06	23.43	19.72	11.7	18.36	11.18	21.63	26.17	4.0	10.2	29.15	28.02	15.13	14.14	30.36	28.0	8.06	3.0	27.66	14.87	18.03	10.0	29.27	25.3	9.49	10.77	27.07	26.63	11.18	32.56	17.49	34.79	16.28	21.19	29.97	
17.72	16.03	7.07	12.37	22.02	10.2	36.5	25.32	5.0	19.8	39.12	8.25	17.89	26.91	37.7	20.81	34.71	19.21	12.04	3.61	13.0	20.12	16.0	7.07	36.06	19.1	41.62	32.65	10.82	36.12	24.19	26.08	10.0	19.0	37.95	16.4	14.0	2.0	13.89	7.62	13.6	24.04	2.24	6.08	13.89	18.11	23.09	35.51	20.88	18.68	25.18	0.0	7.28	13.34	33.06	34.06	13.89	37.7	36.01	36.4	24.35	19.85	1.0	29.15	35.01	7.21	5.0	29.21	37.34	12.65	4.24	17.46	22.2	9.22	19.1	12.04	17.26	8.06	27.02	17.09	35.69	33.24	12.37	15.13	21.21	20.0	16.12	29.07	24.76	16.12	
15.13	16.12	3.61	5.1	15.03	3.0	30.08	18.97	7.21	13.89	32.2	7.81	18.03	23.85	32.25	14.14	27.46	16.12	5.83	4.0	13.04	20.1	15.65	12.04	30.41	22.85	34.83	25.55	4.47	29.43	19.65	19.21	17.0	22.14	30.68	11.4	13.89	7.0	14.0	1.0	15.56	16.76	9.06	11.31	10.3	20.62	16.49	29.12	13.6	11.4	18.68	7.28	0.0	7.81	26.0	27.29	10.0	30.46	29.02	29.15	17.09	14.32	8.25	22.56	28.16	13.6	11.66	25.61	31.76	17.8	11.18	11.66	15.81	14.21	16.55	11.05	10.05	14.21	21.47	12.04	29.41	27.2	10.77	8.0	19.42	13.45	21.93	25.81	18.6	20.12	
21.54	23.6	11.31	6.08	9.85	5.83	23.19	12.04	10.05	17.03	31.24	15.56	13.93	16.55	24.6	15.52	23.26	9.22	2.24	11.18	20.62	15.52	23.02	14.56	22.85	21.93	34.21	24.08	9.85	23.0	24.02	19.24	21.21	20.62	27.46	16.28	21.4	13.93	10.82	8.49	23.35	14.14	15.52	14.32	4.12	18.6	10.05	22.2	11.4	9.43	12.0	13.34	7.81	0.0	20.62	21.02	16.16	27.8	23.35	26.4	14.87	18.0	14.32	16.0	22.09	17.26	16.03	18.03	24.17	19.24	16.0	4.12	9.0	16.16	10.05	7.81	7.21	17.46	24.33	4.24	22.36	28.79	18.03	5.39	26.0	15.3	23.71	18.36	20.62	19.85	
31.76	36.77	28.16	21.02	11.05	23.0	8.54	10.0	30.59	22.47	19.0	31.58	30.81	23.85	16.12	18.87	5.1	22.8	21.21	30.0	34.79	31.24	35.85	35.17	14.04	40.82	22.02	13.6	24.33	5.83	28.32	16.28	41.77	39.12	10.44	25.5	35.11	33.0	29.53	26.02	38.6	11.18	35.01	34.93	22.85	36.89	10.77	8.25	13.6	15.3	9.43	33.06	26.0	20.62	0.0	4.12	27.86	12.17	3.16	11.05	11.66	23.85	34.06	6.4	3.61	37.85	36.5	22.36	15.13	39.56	36.35	17.09	12.08	36.69	24.21	27.31	16.03	38.08	24.84	18.79	9.22	24.17	31.62	18.0	35.51	19.72	44.01	23.71	21.21	39.36	
34.67	39.36	29.83	22.56	12.37	24.33	4.47	9.22	31.06	25.61	23.02	33.53	29.53	21.26	12.04	22.02	9.0	21.47	22.02	31.26	37.16	29.68	38.47	35.36	10.0	39.81	26.0	17.72	26.25	2.24	31.83	20.0	42.19	38.01	14.14	28.3	37.58	34.23	28.79	27.46	40.85	14.21	36.12	35.23	22.56	35.78	11.0	4.12	16.12	17.46	9.06	34.06	27.29	21.02	4.12	0.0	30.41	16.03	3.61	15.0	14.87	27.02	35.06	5.1	1.41	38.21	37.05	19.42	11.05	39.29	37.01	17.12	12.04	36.67	22.83	26.93	17.72	38.33	28.6	18.44	5.1	28.23	34.01	19.42	38.6	22.8	43.68	20.81	24.84	38.63	
5.39	8.94	7.28	10.3	18.6	10.44	34.13	24.08	16.49	7.28	27.51	6.4	28.02	32.7	38.21	10.0	27.46	25.3	13.93	10.77	7.07	30.07	8.06	20.62	36.12	32.28	29.55	22.2	6.32	32.65	10.3	15.13	23.43	31.78	29.0	3.16	7.28	12.21	24.0	9.0	11.05	16.76	14.21	19.7	19.65	30.41	21.26	33.29	14.32	13.04	23.43	13.89	10.0	16.16	27.86	30.41	0.0	28.07	31.02	27.02	16.49	6.71	14.42	26.63	30.87	21.1	18.87	34.0	37.54	26.4	18.03	18.87	21.21	22.85	25.96	21.02	13.45	21.95	13.45	20.12	33.84	20.0	4.0	12.81	9.85	9.0	30.02	34.44	12.08	29.41	
30.15	36.06	31.32	25.5	18.38	27.73	20.02	20.59	36.72	21.0	7.28	33.54	40.36	35.34	28.0	18.11	7.07	32.8	27.46	34.18	35.01	41.23	35.06	41.68	26.02	49.58	10.05	6.08	27.2	17.03	24.04	13.0	47.42	48.1	2.24	25.02	35.0	37.0	38.21	30.08	39.01	13.89	39.22	41.18	31.14	45.97	20.0	20.0	17.0	19.24	19.72	37.7	30.46	27.8	12.17	16.03	28.07	0.0	13.04	1.41	13.42	22.02	38.63	18.03	15.0	43.83	42.05	34.18	27.0	46.87	41.63	25.46	21.4	43.57	34.21	35.47	21.1	44.29	19.31	27.59	21.0	15.62	32.06	23.32	32.76	19.1	51.31	35.47	17.26	47.63	
34.89	39.92	31.26	24.08	14.0	26.02	7.0	12.08	33.38	25.55	20.22	34.71	32.76	24.84	15.03	21.95	6.32	24.7	24.08	33.02	37.95	33.02	39.0	37.85	13.15	42.94	23.09	15.65	27.46	4.0	31.24	19.1	44.55	41.18	11.0	28.64	38.28	36.01	31.78	29.07	41.76	14.32	38.0	37.66	25.3	38.95	13.34	7.07	16.76	18.44	11.7	36.01	29.02	23.35	3.16	3.61	31.02	13.04	0.0	12.17	14.76	26.93	37.01	8.06	2.24	40.61	39.32	23.02	14.04	42.06	39.2	19.65	14.56	39.29	26.08	29.73	19.1	40.79	27.59	21.19	8.06	26.42	34.79	21.02	38.59	22.83	46.49	24.41	24.08	41.63	
29.27	35.13	30.08	24.17	16.97	26.4	19.1	19.24	35.36	20.02	8.06	32.39	38.95	34.01	27.02	17.03	6.0	31.4	26.08	32.89	34.0	39.82	34.13	40.31	25.0	48.17	11.0	5.39	25.96	16.12	23.41	12.04	46.1	46.69	2.24	24.0	34.01	35.74	36.8	28.79	38.0	12.53	37.95	39.82	29.73	44.55	18.6	19.03	15.65	17.89	18.36	36.4	29.15	26.4	11.05	15.0	27.02	1.41	12.17	0.0	12.08	21.1	37.34	16.76	14.04	42.49	40.72	32.89	26.02	45.49	40.31	24.04	20.0	42.19	32.8	34.06	19.72	42.94	18.79	26.17	20.02	15.56	31.02	21.95	32.02	18.03	49.93	34.18	16.49	46.23	
20.12	25.3	18.25	12.08	7.07	14.32	19.1	12.17	23.32	10.82	16.4	21.0	28.3	26.17	25.06	7.21	11.05	21.54	14.21	20.88	23.54	29.53	24.35	28.3	22.83	36.8	19.42	9.22	14.14	17.03	17.03	6.08	34.01	35.47	13.6	13.93	23.77	23.77	25.61	16.76	27.46	1.0	25.96	27.78	18.6	33.42	10.0	18.44	3.61	5.83	11.18	24.35	17.09	14.87	11.66	14.87	16.49	13.42	14.76	12.08	0.0	12.21	25.3	12.53	15.0	30.41	28.64	26.0	24.19	33.6	28.23	13.42	11.05	30.23	22.85	22.67	7.81	30.89	14.32	15.65	19.21	16.0	20.4	10.0	23.85	8.06	38.01	27.02	10.3	34.66	
8.25	14.04	12.81	12.04	16.64	13.34	31.14	22.47	21.47	1.41	20.88	13.04	31.4	33.73	36.4	5.0	22.47	27.07	16.03	16.4	13.15	33.24	13.04	26.08	34.21	37.16	22.85	16.0	9.85	29.21	6.08	9.06	29.7	36.4	23.19	3.61	13.04	18.38	27.66	13.42	17.12	12.81	20.52	25.24	22.02	34.79	19.72	30.41	11.4	11.18	21.63	19.85	14.32	18.0	23.85	27.02	6.71	22.02	26.93	21.1	12.21	0.0	20.52	24.08	27.2	27.02	24.84	34.48	35.61	31.91	24.08	19.42	20.12	28.3	28.02	24.52	12.65	27.8	7.21	21.21	31.11	13.45	10.44	13.15	11.66	4.24	35.81	35.17	5.39	34.44	
18.03	16.0	7.81	13.34	23.02	11.18	37.48	26.31	5.66	20.52	39.96	8.54	18.36	27.66	38.63	21.63	35.69	20.0	13.04	4.47	13.04	20.59	16.03	7.0	37.0	19.03	42.44	33.54	11.66	37.12	24.7	26.93	9.22	19.03	38.9	17.03	14.04	2.24	14.42	8.54	13.34	25.0	1.41	6.0	14.76	18.25	24.08	36.5	21.84	19.65	26.17	1.0	8.25	14.32	34.06	35.06	14.42	38.63	37.01	37.34	25.3	20.52	0.0	30.15	36.01	6.71	4.47	30.0	38.28	12.37	3.61	18.44	23.19	9.06	19.85	12.73	18.25	7.62	27.66	18.03	36.67	33.94	12.65	16.12	21.38	20.81	15.65	29.83	25.5	16.03	
31.24	35.51	25.3	18.03	8.06	19.65	7.62	4.12	26.02	22.67	24.33	29.15	24.7	17.49	12.53	19.21	11.18	16.64	17.12	26.48	33.12	25.0	34.67	30.27	10.3	34.89	27.46	18.0	21.93	7.0	29.41	18.38	37.12	33.12	16.55	24.84	33.62	29.43	23.77	22.8	36.67	11.66	31.26	30.15	17.46	30.89	6.08	6.71	12.73	13.6	4.0	29.15	22.56	16.0	6.4	5.1	26.63	18.03	8.06	16.76	12.53	24.08	30.15	0.0	6.32	33.14	32.02	16.16	11.66	34.21	32.0	12.04	7.0	31.58	18.03	21.84	13.42	33.24	26.83	13.34	7.21	27.66	30.02	14.87	35.38	19.85	38.6	17.46	22.83	33.62	
34.99	39.81	30.59	23.35	13.15	25.18	5.1	10.44	32.14	25.81	22.09	34.21	30.89	22.67	13.0	22.2	8.06	22.83	23.0	32.14	37.7	31.06	38.91	36.5	11.05	41.15	25.02	17.09	26.93	2.24	31.83	19.85	43.29	39.36	13.04	28.65	38.08	35.13	30.08	28.28	41.44	14.42	37.05	36.35	23.77	37.12	12.04	5.0	16.55	18.03	10.2	35.01	28.16	22.09	3.61	1.41	30.87	15.0	2.24	14.04	15.0	27.2	36.01	6.32	0.0	39.32	38.12	20.81	12.0	40.52	38.05	18.25	13.15	37.85	24.19	28.16	18.44	39.46	28.43	19.65	6.0	27.73	34.54	20.22	38.83	23.02	44.92	22.2	24.76	39.92	
24.7	22.2	14.21	18.36	26.93	16.12	40.0	29.07	7.28	26.91	45.8	15.23	15.62	26.83	39.81	27.66	40.16	19.92	16.76	10.63	19.42	17.69	22.36	3.16	38.47	13.15	48.41	39.12	17.69	40.11	31.38	32.8	4.0	13.6	43.86	23.6	20.4	8.94	12.53	14.21	19.0	29.97	7.28	3.0	16.03	13.42	27.29	39.0	26.83	24.6	29.15	7.21	13.6	17.26	37.85	38.21	21.1	43.83	40.61	42.49	30.41	27.02	6.71	33.14	39.32	0.0	2.24	29.55	39.62	6.0	3.16	21.1	26.17	3.61	19.31	12.37	22.85	1.0	34.21	20.0	39.01	40.36	19.31	20.62	27.89	26.91	8.94	29.07	31.83	10.2	
22.47	20.1	12.04	16.55	25.5	14.32	39.05	28.0	6.0	24.76	43.83	13.0	16.28	26.93	39.29	25.61	38.6	19.7	15.3	8.49	17.26	18.44	20.22	3.61	37.85	15.03	46.4	37.22	15.62	39.01	29.15	30.81	5.39	15.3	42.15	21.4	18.25	6.71	12.81	12.21	17.03	28.23	5.1	2.83	15.3	14.87	26.08	38.05	25.08	22.85	28.02	5.0	11.66	16.03	36.5	37.05	18.87	42.05	39.32	40.72	28.64	24.84	4.47	32.02	38.12	2.24	0.0	29.53	39.05	8.06	1.0	20.0	25.02	5.1	19.24	12.08	21.19	3.16	32.02	19.1	38.12	38.21	17.09	18.97	25.71	24.84	11.18	29.15	29.7	12.04	
39.36	41.62	29.21	23.71	19.03	23.85	17.69	14.14	24.41	33.24	40.26	33.42	15.13	3.0	12.65	30.59	27.31	10.0	20.25	28.28	38.6	14.0	41.05	26.4	12.53	25.02	43.42	33.54	27.78	19.85	40.52	32.02	33.24	23.02	32.7	33.62	39.41	30.48	17.09	26.4	41.11	25.0	31.4	26.83	15.56	21.0	16.0	16.97	24.19	23.54	15.13	29.21	25.61	18.03	22.36	19.42	34.0	34.18	23.02	32.89	26.0	34.48	30.0	16.16	20.81	29.55	29.53	0.0	13.0	27.66	30.02	15.23	15.03	26.57	10.3	17.49	21.84	29.15	39.46	13.89	16.28	42.0	36.06	21.54	43.83	30.81	31.26	1.41	35.36	25.08	
42.43	46.23	34.99	28.02	19.1	29.15	7.07	13.45	33.24	34.21	34.06	39.12	27.17	15.81	1.0	30.81	20.02	20.02	25.94	35.34	43.6	26.48	45.45	36.5	1.41	37.48	37.01	28.64	32.2	10.05	41.05	29.97	43.57	35.51	25.02	36.07	44.2	38.08	28.02	32.25	46.87	23.32	39.56	36.67	23.77	33.38	16.28	7.0	24.21	24.76	14.14	37.34	31.76	24.17	15.13	11.05	37.54	27.0	14.04	26.02	24.19	35.61	38.28	11.66	12.0	39.62	39.05	13.0	0.0	39.01	39.29	20.12	16.4	37.22	21.0	27.29	24.08	39.46	38.47	20.25	6.0	38.9	40.61	25.0	46.69	31.4	43.01	14.32	34.48	37.12	
30.36	28.16	19.24	21.93	29.07	19.8	40.45	30.08	10.63	31.62	49.58	20.88	12.65	24.74	39.05	31.89	42.49	19.0	19.42	15.65	25.32	14.32	28.28	5.83	38.0	7.28	52.35	42.64	22.2	41.0	36.67	36.77	7.21	8.06	46.65	28.65	26.31	14.56	11.0	18.6	25.0	33.02	13.15	6.71	16.76	8.49	28.79	39.46	30.0	27.8	30.36	12.65	17.8	19.24	39.56	39.29	26.4	46.87	42.06	45.49	33.6	31.91	12.37	34.21	40.52	6.0	8.06	27.66	39.01	0.0	9.06	22.47	27.51	3.61	18.03	12.37	25.81	5.0	39.12	20.88	39.32	45.0	25.0	23.6	33.73	31.24	4.47	26.93	36.4	4.47	
21.54	19.1	11.31	16.16	25.32	13.93	39.12	28.02	6.08	24.04	43.27	12.08	17.03	27.46	39.56	25.0	38.33	20.12	15.13	7.81	16.28	19.21	19.24	4.47	38.08	16.03	45.8	36.72	15.0	39.0	28.3	30.23	5.83	16.28	41.79	20.62	17.26	5.83	13.45	11.66	16.03	27.86	4.12	3.61	15.52	15.81	26.02	38.12	24.7	22.47	28.0	4.24	11.18	16.0	36.35	37.01	18.03	41.63	39.2	40.31	28.23	24.08	3.61	32.0	38.05	3.16	1.0	30.02	39.29	9.06	0.0	20.02	25.0	6.08	19.72	12.53	20.88	4.12	31.24	19.24	38.21	37.48	16.16	18.68	24.74	24.21	12.08	29.68	29.0	13.04	
24.19	26.91	15.0	8.6	7.07	9.22	19.1	8.0	14.0	18.25	29.68	19.21	15.0	14.32	20.59	16.0	20.25	8.25	5.83	15.23	24.04	16.12	26.25	18.25	18.79	24.21	32.76	22.47	12.81	19.03	25.5	18.68	25.08	22.67	24.84	18.38	24.76	18.03	12.81	12.21	27.02	12.53	19.65	18.11	5.83	20.52	6.32	18.11	10.44	9.06	8.06	17.46	11.66	4.12	17.09	17.12	18.87	25.46	19.65	24.04	13.42	19.42	18.44	12.04	18.25	21.1	20.0	15.23	20.12	22.47	20.02	0.0	5.1	19.65	9.49	10.3	7.0	21.21	25.0	2.24	18.25	28.64	21.26	6.32	28.65	16.03	26.93	15.81	21.02	22.47	
26.25	29.83	18.79	11.66	4.0	13.0	14.32	3.16	19.03	18.79	26.4	22.83	19.1	15.13	17.03	15.81	15.62	11.4	10.2	19.65	27.2	19.85	29.07	23.35	15.0	28.84	29.55	19.31	15.81	14.0	26.0	17.0	30.15	27.2	20.52	20.0	27.8	22.56	17.49	16.16	30.53	10.05	24.33	23.19	10.77	25.0	1.41	13.34	9.22	8.94	3.0	22.2	15.81	9.0	12.08	12.04	21.21	21.4	14.56	20.0	11.05	20.12	23.19	7.0	13.15	26.17	25.02	15.03	16.4	27.51	25.0	5.1	0.0	24.74	12.81	15.23	7.81	26.31	24.52	6.71	13.6	27.02	24.21	8.6	30.61	16.16	31.95	16.0	20.4	27.29	
26.93	25.02	15.65	18.44	26.0	16.28	38.12	27.46	7.07	28.02	46.1	17.46	12.21	23.77	37.34	28.32	39.4	17.26	16.12	12.08	22.09	14.21	25.08	2.24	36.12	10.0	48.84	39.2	18.6	38.47	33.11	33.24	6.71	10.2	43.42	25.06	23.09	11.18	9.49	15.0	22.09	29.68	10.0	3.16	14.14	9.85	25.96	37.12	26.63	24.41	27.66	9.22	14.21	16.16	36.69	36.67	22.85	43.57	39.29	42.19	30.23	28.3	9.06	31.58	37.85	3.61	5.1	26.57	37.22	3.61	6.08	19.65	24.74	0.0	16.49	10.0	22.47	2.83	35.51	18.25	37.05	41.4	21.59	20.25	30.41	27.66	7.81	26.0	32.8	7.0	
31.32	32.65	20.12	16.12	16.12	15.52	23.09	14.21	14.21	27.0	38.95	24.19	6.71	7.81	21.02	25.18	28.28	1.41	12.17	18.6	29.53	7.07	32.2	16.16	20.02	17.09	42.06	31.76	19.65	24.17	34.06	28.16	23.09	15.23	33.3	26.31	30.41	20.52	7.07	17.46	31.62	21.93	21.26	16.55	6.32	13.0	14.21	22.14	19.92	18.44	14.87	19.1	16.55	10.05	24.21	22.83	25.96	34.21	26.08	32.8	22.85	28.02	19.85	18.03	24.19	19.31	19.24	10.3	21.0	18.03	19.72	9.49	12.81	16.49	0.0	7.21	16.28	18.97	34.13	7.28	21.84	38.08	27.31	15.03	35.74	25.08	22.02	10.0	30.27	16.28	
26.17	26.57	14.32	12.65	17.2	11.18	28.16	17.72	7.07	23.77	39.05	18.03	7.0	15.0	27.46	22.85	30.53	7.62	8.94	12.08	23.41	9.06	26.25	9.22	26.17	14.14	42.01	31.89	15.03	28.64	30.27	26.93	16.28	12.81	35.0	22.09	24.35	13.6	3.16	12.04	25.06	21.93	14.14	9.49	4.47	10.82	16.55	27.17	19.21	17.2	18.03	12.04	11.05	7.81	27.31	26.93	21.02	35.47	29.73	34.06	22.67	24.52	12.73	21.84	28.16	12.37	12.08	17.49	27.29	12.37	12.53	10.3	15.23	10.0	7.21	0.0	15.0	12.17	31.32	8.54	27.07	36.25	21.59	13.04	30.41	22.47	16.76	17.2	27.86	12.21	
18.44	22.2	12.17	5.0	5.39	7.07	21.02	10.63	15.65	11.4	24.08	15.81	21.02	21.21	24.76	9.0	17.46	15.13	6.4	14.04	19.72	22.47	21.4	20.59	22.67	29.07	27.02	16.97	8.54	19.92	18.68	12.08	26.57	27.8	21.02	12.21	20.25	17.03	18.03	10.0	23.26	7.21	19.1	20.12	11.18	25.81	7.81	20.12	4.24	2.24	10.0	17.26	10.05	7.21	16.03	17.72	13.45	21.1	19.1	19.72	7.81	12.65	18.25	13.42	18.44	22.85	21.19	21.84	24.08	25.81	20.88	7.0	7.81	22.47	16.28	15.0	0.0	23.26	18.0	9.06	20.59	21.84	16.64	2.24	22.8	9.06	30.23	22.56	14.04	26.87	
25.63	23.19	15.0	18.87	27.2	16.64	40.01	29.15	7.62	27.66	46.4	16.16	15.0	26.4	39.62	28.32	40.5	19.65	17.09	11.4	20.4	17.03	23.35	3.0	38.33	12.17	49.04	39.66	18.38	40.2	32.25	33.42	4.12	12.65	44.28	24.41	21.38	9.85	12.08	14.87	20.0	30.41	8.25	3.16	16.0	12.53	27.46	39.01	27.29	25.06	29.27	8.06	14.21	17.46	38.08	38.33	21.95	44.29	40.79	42.94	30.89	27.8	7.62	33.24	39.46	1.0	3.16	29.15	39.46	5.0	4.12	21.21	26.31	2.83	18.97	12.17	23.26	0.0	35.0	20.02	39.0	41.11	20.25	21.02	28.86	27.59	8.06	28.64	32.56	9.22	
12.65	18.68	20.0	18.68	20.62	20.25	33.02	26.25	28.65	7.62	16.0	19.85	38.08	39.12	39.36	9.0	22.02	33.06	22.56	23.6	18.79	39.81	17.72	33.29	37.12	44.28	17.26	13.42	17.0	30.61	5.0	8.6	36.8	43.46	21.02	10.63	18.38	25.5	34.48	20.59	22.47	15.23	27.59	32.45	28.44	41.79	23.77	32.45	15.3	16.03	25.3	27.02	21.47	24.33	24.84	28.6	13.45	19.31	27.59	18.79	14.32	7.21	27.66	26.83	28.43	34.21	32.02	39.46	38.47	39.12	31.24	25.0	24.52	35.51	34.13	31.32	18.0	35.0	0.0	27.02	33.29	6.71	16.64	19.1	14.0	9.06	43.01	40.31	4.12	41.59	
25.5	27.8	15.56	9.85	9.22	10.0	20.0	9.22	13.15	20.1	31.91	19.8	12.81	12.65	20.62	18.03	22.2	6.08	6.4	15.26	24.84	13.89	27.2	17.03	18.97	22.2	34.99	24.7	13.89	20.22	27.29	20.88	24.0	20.62	26.91	19.92	25.61	17.89	10.82	12.73	27.59	14.76	19.31	17.0	4.12	18.44	8.06	19.0	12.65	11.18	9.49	17.09	12.04	4.24	18.79	18.44	20.12	27.59	21.19	26.17	15.65	21.21	18.03	13.34	19.65	20.0	19.1	13.89	20.25	20.88	19.24	2.24	6.71	18.25	7.28	8.54	9.06	20.02	27.02	0.0	19.03	30.81	22.2	8.06	29.97	18.0	25.3	14.32	23.09	20.59	
38.42	42.72	32.31	25.08	15.26	26.57	1.41	10.44	32.14	29.7	28.07	36.25	28.46	18.6	7.0	26.17	14.04	20.62	23.77	33.24	40.31	28.23	41.88	36.0	5.1	38.9	31.02	22.8	29.07	4.12	36.24	24.7	43.01	37.0	19.03	32.02	40.82	36.14	28.44	29.73	43.83	18.44	37.85	36.01	23.0	34.79	13.0	1.0	19.85	20.81	10.77	35.69	29.41	22.36	9.22	5.1	33.84	21.0	8.06	20.02	19.21	31.11	36.67	7.21	6.0	39.01	38.12	16.28	6.0	39.32	38.21	18.25	13.6	37.05	21.84	27.07	20.59	39.0	33.29	19.03	0.0	33.24	37.22	21.93	42.52	26.87	43.57	17.69	29.41	38.08	
19.31	25.3	26.17	23.71	23.02	25.55	32.7	28.07	34.41	13.45	10.44	26.4	42.72	42.11	39.85	13.42	20.25	36.88	27.31	29.73	25.5	44.27	24.35	39.2	37.64	49.74	11.0	10.82	22.8	29.97	11.4	10.05	43.14	48.76	17.69	17.03	25.08	31.83	39.4	26.4	29.15	17.0	33.97	38.42	32.89	46.96	26.0	32.31	18.25	19.65	27.07	33.24	27.2	28.79	24.17	28.23	20.0	15.62	26.42	15.56	16.0	13.45	33.94	27.66	27.73	40.36	38.21	42.0	38.9	45.0	37.48	28.64	27.02	41.4	38.08	36.25	21.84	41.11	6.71	30.81	33.24	0.0	23.32	23.41	20.22	13.89	49.04	43.01	8.6	47.17	
5.39	5.66	7.28	12.73	21.95	12.21	37.59	27.2	16.0	11.18	31.32	4.12	28.44	34.48	41.23	14.0	31.4	26.83	15.81	10.0	3.16	30.59	5.0	19.42	39.2	31.4	33.24	26.17	8.49	36.25	12.73	19.1	21.1	31.14	33.0	7.07	3.61	10.44	24.33	9.85	7.07	20.62	12.08	18.44	21.02	30.02	24.41	36.72	18.03	16.55	26.63	12.37	10.77	18.03	31.62	34.01	4.0	32.06	34.79	31.02	20.4	10.44	12.65	30.02	34.54	19.31	17.09	36.06	40.61	25.0	16.16	21.26	24.21	21.59	27.31	21.59	16.64	20.25	16.64	22.2	37.22	23.32	0.0	15.62	9.0	13.0	28.23	36.36	15.81	28.44	
18.03	21.26	10.44	3.16	7.07	5.0	22.47	11.66	13.42	12.04	26.17	14.32	19.31	20.62	25.61	10.2	19.65	14.0	4.24	12.0	18.6	20.88	20.52	18.36	23.6	27.02	29.07	19.1	7.21	21.59	19.24	13.89	24.35	25.81	23.26	12.08	19.21	15.0	16.12	8.06	21.95	9.43	17.03	17.89	9.49	23.85	8.94	21.54	6.4	4.24	11.18	15.13	8.0	5.39	18.0	19.42	12.81	23.32	21.02	21.95	10.0	13.15	16.12	14.87	20.22	20.62	18.97	21.54	25.0	23.6	18.68	6.32	8.6	20.25	15.03	13.04	2.24	21.02	19.1	8.06	21.93	23.41	15.62	0.0	22.47	10.05	28.02	22.14	15.3	24.76	
4.47	6.4	16.12	20.12	27.59	20.25	42.64	33.3	25.0	13.04	30.0	13.04	37.34	42.54	47.42	16.64	34.01	35.11	23.77	19.0	8.54	39.46	5.83	28.28	45.28	40.31	31.14	26.68	16.16	40.8	9.0	20.25	29.15	40.11	34.21	10.63	7.62	19.24	33.24	18.44	10.63	24.41	20.62	27.29	29.41	39.01	30.48	41.87	22.67	21.93	32.56	21.21	19.42	26.0	35.51	38.6	9.85	32.76	38.59	32.02	23.85	11.66	21.38	35.38	38.83	27.89	25.71	43.83	46.69	33.73	24.74	28.65	30.61	30.41	35.74	30.41	22.8	28.86	14.0	29.97	42.52	20.22	9.0	22.47	0.0	15.81	36.69	44.28	15.52	37.34	
12.08	17.46	13.04	9.85	12.53	11.66	26.91	18.36	20.62	2.83	19.24	14.56	29.12	30.27	32.2	1.0	18.68	24.02	13.6	16.4	16.03	30.81	16.49	25.5	30.0	35.85	21.63	13.34	9.22	25.0	9.85	6.32	30.0	34.89	20.0	6.08	16.12	18.87	25.63	12.73	20.02	8.6	21.1	24.76	19.42	33.11	15.65	26.17	7.21	7.28	17.49	20.0	13.45	15.3	19.72	22.8	9.0	19.1	22.83	18.03	8.06	4.24	20.81	19.85	23.02	26.91	24.84	30.81	31.4	31.24	24.21	16.03	16.16	27.66	25.08	22.47	9.06	27.59	9.06	18.0	26.87	13.89	13.0	10.05	15.81	0.0	35.38	31.58	5.39	33.29	
33.62	30.81	23.02	26.25	33.54	24.08	44.72	34.48	14.87	35.61	53.91	24.17	16.12	28.28	43.0	36.07	46.96	23.09	23.85	19.42	28.16	17.46	31.05	9.9	42.05	7.81	56.64	47.01	26.25	45.35	40.31	41.04	8.0	9.43	51.11	32.45	29.12	17.89	15.13	22.67	27.29	37.44	16.16	10.63	21.19	10.77	33.24	43.74	34.41	32.2	34.79	16.12	21.93	23.71	44.01	43.68	30.02	51.31	46.49	49.93	38.01	35.81	15.65	38.6	44.92	8.94	11.18	31.26	43.01	4.47	12.08	26.93	31.95	7.81	22.02	16.76	30.23	8.06	43.01	25.3	43.57	49.04	28.23	28.02	36.69	35.38	0.0	30.41	40.46	6.32	
39.81	41.88	29.41	24.17	20.0	24.19	19.1	15.3	24.21	33.96	41.48	33.6	14.32	2.24	13.93	31.4	28.64	9.9	20.59	28.32	38.83	13.04	41.34	25.94	13.89	24.0	44.64	34.71	28.18	21.26	41.23	33.0	32.7	22.0	34.01	34.18	39.66	30.41	16.55	26.63	41.23	26.02	31.24	26.42	15.62	20.02	17.03	18.38	25.08	24.33	16.28	29.07	25.81	18.36	23.71	20.81	34.44	35.47	24.41	34.18	27.02	35.17	29.83	17.46	22.2	29.07	29.15	1.41	14.32	26.93	29.68	15.81	16.0	26.0	10.0	17.2	22.56	28.64	40.31	14.32	17.69	43.01	36.36	22.14	44.28	31.58	30.41	0.0	36.22	24.19	
13.0	19.03	17.69	15.23	16.49	17.0	29.21	22.14	25.81	5.0	15.52	18.36	34.48	35.06	35.36	5.1	18.87	29.15	18.97	21.21	18.44	36.14	18.03	30.61	33.12	41.18	17.46	11.18	14.21	26.91	7.21	5.0	34.71	40.25	18.68	8.94	18.25	23.43	31.02	17.8	22.36	11.18	25.61	29.83	24.74	38.48	19.65	28.6	11.18	12.0	21.19	24.76	18.6	20.62	21.21	24.84	12.08	17.26	24.08	16.49	10.3	5.39	25.5	22.83	24.76	31.83	29.7	35.36	34.48	36.4	29.0	21.02	20.4	32.8	30.27	27.86	14.04	32.56	4.12	23.09	29.41	8.6	15.81	15.3	15.52	5.39	40.46	36.22	0.0	38.59	
33.73	32.02	22.14	23.6	29.41	21.63	39.29	29.55	13.0	34.0	50.93	24.33	10.0	22.09	37.05	33.84	42.72	17.46	20.52	18.68	29.07	11.18	32.06	9.06	36.22	3.0	53.81	43.84	24.6	40.16	39.56	38.42	11.66	3.61	47.2	31.38	30.07	18.11	9.85	21.02	29.07	33.97	17.0	10.05	16.64	4.47	28.65	38.33	31.11	29.0	29.97	16.12	20.12	19.85	39.36	38.63	29.41	47.63	41.63	46.23	34.66	34.44	16.03	33.62	39.92	10.2	12.04	25.08	37.12	4.47	13.04	22.47	27.29	7.0	16.28	12.21	26.87	9.22	41.59	20.59	38.08	47.17	28.44	24.76	37.34	33.29	6.32	24.19	38.59	0.0	
