90
0.0	27.29	24.7	10.44	5.1	35.11	10.0	30.36	14.87	35.51	33.84	9.49	28.86	16.55	30.41	22.56	13.0	26.17	6.32	27.07	37.12	17.0	17.12	32.76	7.81	10.63	18.79	30.08	4.12	24.19	34.67	25.71	4.47	20.62	23.19	36.22	9.85	4.12	34.01	29.41	8.0	12.65	32.45	10.77	26.93	37.59	14.04	30.41	43.86	2.24	42.64	17.72	32.02	32.56	28.02	37.22	9.43	13.04	31.14	19.42	12.81	28.16	14.14	19.65	34.21	17.12	35.34	38.18	7.28	10.2	3.16	34.93	31.32	26.31	42.45	11.66	32.98	21.84	10.63	36.12	36.24	10.0	5.1	1.0	17.0	32.14	13.93	31.14	19.72	25.5	
27.29	0.0	45.0	27.78	28.02	53.76	24.19	37.59	28.43	34.93	15.81	19.31	11.05	12.37	26.68	34.06	40.02	38.42	26.93	2.0	38.33	10.77	35.81	12.08	24.17	36.06	28.32	15.03	28.0	29.15	33.96	10.2	25.0	14.42	8.06	50.61	19.7	27.2	37.34	48.17	19.42	15.0	32.28	17.0	18.44	38.08	33.29	40.5	34.37	28.64	37.0	13.45	5.83	41.68	41.23	36.88	21.02	32.76	42.44	8.0	37.7	12.0	22.02	8.06	25.0	11.66	37.95	31.0	34.06	32.2	26.93	18.68	38.47	43.14	35.06	19.72	50.21	11.66	35.13	46.65	32.25	21.47	22.2	28.28	34.21	8.6	27.8	27.66	27.02	9.22	
24.7	45.0	0.0	17.69	29.12	10.44	21.21	18.97	16.64	28.86	42.72	26.91	40.31	38.42	30.02	14.04	18.25	12.37	20.25	43.83	27.86	34.71	9.22	44.01	22.02	15.13	18.03	38.9	28.16	21.1	28.64	38.01	29.15	31.76	37.74	13.93	26.17	21.47	24.35	5.0	28.6	34.21	27.29	33.02	33.24	28.79	12.04	15.65	41.59	22.47	37.36	31.62	47.51	17.49	11.18	29.41	24.76	12.81	14.42	38.9	13.04	39.0	23.02	39.6	36.06	33.42	25.63	36.22	25.08	14.76	22.36	41.98	19.31	5.83	38.83	25.5	9.06	34.48	30.02	17.69	32.39	24.04	27.78	24.35	10.82	45.62	17.2	30.0	19.92	38.47	
10.44	27.78	17.69	0.0	15.52	27.46	3.61	19.92	4.47	25.61	29.02	9.22	25.18	20.81	21.63	12.17	15.81	16.0	4.12	26.83	26.93	17.2	8.6	29.15	4.47	10.2	8.6	25.02	14.56	14.21	24.84	22.36	14.04	16.12	21.19	26.93	8.49	6.32	23.71	21.63	11.18	16.64	22.67	15.65	20.4	27.46	5.66	20.1	35.23	8.94	33.24	14.87	31.02	22.2	18.11	27.2	7.07	5.0	21.0	21.26	11.0	24.08	7.0	21.93	26.4	16.12	25.06	29.41	15.62	5.0	7.28	29.27	20.88	17.46	33.42	8.06	24.6	18.44	20.25	26.0	26.91	6.4	11.18	10.77	7.62	29.83	3.61	22.2	9.9	22.56	
5.1	28.02	29.12	15.52	0.0	39.56	14.76	35.44	19.92	40.31	36.67	12.81	31.38	16.12	34.83	27.66	14.87	31.26	11.4	28.16	42.05	18.68	22.02	35.11	12.53	14.32	23.77	33.12	1.0	29.07	39.45	28.23	3.16	23.85	25.3	41.11	13.45	9.22	39.0	33.96	10.3	13.04	37.22	11.05	30.61	42.49	19.0	35.51	48.1	7.0	47.2	20.59	33.24	37.66	33.06	42.06	13.45	18.0	36.22	20.02	16.55	30.87	18.6	20.0	38.21	19.31	40.31	42.52	6.71	15.03	8.25	38.08	36.4	31.14	46.86	15.56	37.66	24.6	7.28	41.19	40.8	14.21	7.21	5.0	22.02	33.96	18.97	35.61	24.6	27.86	
35.11	53.76	10.44	27.46	39.56	0.0	30.81	21.38	25.5	31.14	49.19	36.62	47.71	48.26	34.79	20.25	28.0	16.55	30.41	52.4	29.0	43.93	18.87	51.11	31.91	25.5	25.61	45.65	38.6	26.83	31.26	45.8	39.56	39.82	46.1	8.54	35.81	31.78	26.08	5.83	38.59	44.1	30.59	43.05	39.82	30.0	21.95	17.26	44.1	32.89	39.0	40.31	55.61	18.03	13.93	31.02	34.41	22.83	15.13	48.27	23.35	46.32	31.83	49.04	40.8	42.45	27.02	39.46	35.36	25.08	32.7	47.93	21.21	10.63	41.05	34.83	4.12	42.64	40.2	15.3	35.36	33.6	38.01	34.79	20.0	53.25	26.25	34.48	27.2	46.4	
10.0	24.19	21.21	3.61	14.76	30.81	0.0	21.21	6.08	25.55	26.17	5.83	22.02	17.49	20.52	14.04	18.25	18.25	4.47	23.26	27.31	13.6	12.04	26.02	2.24	13.0	9.22	22.2	13.89	14.32	24.7	19.1	12.65	13.0	17.72	29.73	5.0	6.4	24.35	25.0	8.25	13.42	22.47	12.65	18.03	27.73	9.22	22.02	34.06	9.22	32.65	11.4	27.51	24.0	20.62	27.29	3.61	8.6	23.19	17.69	14.14	21.0	4.47	18.38	24.7	12.53	25.63	28.32	16.4	8.25	7.07	26.68	22.2	20.59	32.53	4.47	27.78	15.13	20.52	28.16	26.25	2.83	9.06	10.63	10.82	26.48	5.1	21.21	9.85	19.24	
30.36	37.59	18.97	19.92	35.44	21.38	21.21	0.0	15.52	10.05	29.21	26.0	29.07	36.5	13.89	8.06	31.89	6.71	24.04	35.85	8.94	30.08	16.28	31.83	23.35	26.4	12.04	26.17	34.48	8.54	10.0	28.02	33.73	23.26	29.53	14.76	25.0	26.25	5.39	18.03	29.02	33.14	9.22	33.02	20.52	9.85	18.03	4.12	23.02	28.79	18.44	25.3	37.8	4.24	8.06	10.44	24.02	18.87	6.32	34.48	25.5	27.66	19.03	35.44	19.7	28.16	6.71	18.11	34.89	21.95	27.2	27.46	1.0	13.34	20.1	23.02	17.26	25.94	39.81	9.22	14.04	23.02	30.27	30.68	15.0	34.71	16.49	13.42	12.04	28.84	
14.87	28.43	16.64	4.47	19.92	25.5	6.08	15.52	0.0	21.26	27.17	11.7	24.04	23.26	17.89	8.0	19.24	12.17	8.54	27.2	22.47	18.44	7.62	27.89	8.0	13.42	4.24	23.19	18.97	9.9	20.52	21.54	18.25	15.23	21.1	23.77	10.77	10.77	19.24	19.8	14.32	19.31	18.38	18.68	18.0	23.02	6.0	16.0	31.38	13.42	29.07	15.0	30.89	18.03	14.56	22.8	9.49	6.08	17.12	22.8	13.6	22.8	6.4	23.6	23.09	16.97	20.59	25.55	20.0	8.06	11.7	27.0	16.49	15.0	29.41	9.43	22.2	17.89	24.7	22.09	22.8	8.54	15.0	15.23	5.83	29.15	1.0	18.36	5.83	21.93	
35.51	34.93	28.86	25.61	40.31	31.14	25.55	10.05	21.26	0.0	23.02	28.79	24.7	37.22	8.25	16.12	39.82	16.49	29.41	32.98	3.61	30.07	24.7	26.42	27.78	34.06	17.03	21.02	39.45	11.4	1.0	24.74	38.01	22.0	27.29	23.77	27.86	31.62	5.1	28.07	31.95	34.71	3.16	35.17	16.49	3.16	25.61	14.0	13.0	34.41	8.54	25.08	33.62	13.15	18.11	2.0	27.31	26.25	16.03	34.0	33.6	23.41	21.93	35.0	12.04	28.07	4.47	8.54	41.23	29.0	32.45	20.62	10.0	23.35	10.05	25.63	27.07	24.08	45.8	17.09	4.47	26.4	34.01	36.06	23.02	29.97	22.02	7.28	15.81	25.71	
33.84	15.81	42.72	29.02	36.67	49.19	26.17	29.21	27.17	23.02	0.0	24.35	5.66	24.76	15.56	29.15	44.41	32.65	30.41	13.93	26.63	18.6	34.53	4.0	27.46	39.12	24.74	4.0	36.25	22.36	22.2	8.6	33.54	13.34	12.04	43.83	24.04	31.78	26.91	44.38	26.4	25.0	21.26	26.63	9.49	26.08	33.14	33.02	19.0	34.21	22.56	16.16	12.0	33.42	35.36	24.7	24.74	33.06	35.23	19.85	40.01	5.83	22.02	20.62	11.18	17.49	27.02	16.76	41.11	34.01	32.02	3.0	29.83	39.0	20.22	22.56	45.18	12.08	43.86	38.29	19.24	24.52	29.55	34.79	32.56	8.0	27.07	16.28	22.8	9.22	
9.49	19.31	26.91	9.22	12.81	36.62	5.83	26.0	11.7	28.79	24.35	0.0	19.42	11.66	22.47	19.42	21.1	23.77	7.62	18.68	31.05	8.54	17.8	23.35	5.0	16.76	14.04	20.62	12.21	18.25	27.86	16.28	9.9	11.18	14.0	35.47	1.0	8.06	28.44	30.81	3.16	7.62	25.63	7.07	17.8	31.32	14.87	27.29	35.47	10.05	34.99	8.25	23.35	29.15	26.25	30.68	2.24	14.14	28.64	12.21	18.38	18.68	7.07	12.81	25.46	8.06	29.61	30.0	16.76	13.04	8.0	25.5	27.0	26.42	34.41	3.16	33.62	12.37	19.72	33.54	28.65	3.16	5.66	10.44	16.64	23.0	10.77	23.32	14.04	16.12	
28.86	11.05	40.31	25.18	31.38	47.71	22.02	29.07	24.04	24.7	5.66	19.42	0.0	19.1	16.55	27.46	40.05	31.4	26.02	9.06	28.23	13.04	31.62	4.0	23.02	35.01	22.36	4.0	31.02	21.26	23.77	3.16	28.23	9.06	6.4	43.19	19.24	27.17	27.78	42.54	21.19	19.42	22.36	21.1	8.6	27.86	29.83	32.53	23.35	29.43	26.02	11.18	8.94	33.3	34.21	26.57	20.1	29.61	34.66	14.21	36.12	1.41	18.25	15.0	14.04	12.08	28.18	20.02	36.14	30.15	27.29	8.06	29.83	37.22	24.02	18.03	43.83	7.07	38.63	38.29	21.59	20.02	24.35	29.83	29.73	5.66	23.77	17.46	20.59	3.61	
16.55	12.37	38.42	20.81	16.12	48.26	17.49	36.5	23.26	37.22	24.76	11.66	19.1	0.0	29.61	30.68	29.55	35.11	18.38	13.0	40.05	7.28	29.41	22.02	16.4	26.63	25.0	22.2	16.28	28.16	36.22	16.4	13.34	15.52	12.81	47.01	12.53	17.8	38.01	42.44	9.9	4.24	34.13	5.83	22.47	40.11	26.4	38.33	40.72	18.36	41.76	12.17	18.03	40.02	37.7	39.2	13.89	25.61	39.85	5.0	28.6	19.21	17.72	4.47	30.46	9.22	39.0	36.06	22.56	24.04	17.2	27.02	37.48	38.08	40.5	13.93	45.28	14.32	23.0	44.64	35.9	14.76	11.66	17.46	28.3	19.72	22.36	30.59	24.52	15.62	
30.41	26.68	30.02	21.63	34.83	34.79	20.52	13.89	17.89	8.25	15.56	22.47	16.55	29.61	0.0	16.0	37.12	18.44	24.84	24.74	11.7	22.36	23.54	18.6	22.63	31.3	13.93	13.04	34.06	9.06	7.28	16.49	32.2	14.14	19.1	28.65	21.63	26.91	11.4	30.59	25.55	27.51	5.83	28.23	8.25	11.4	23.41	17.89	13.6	29.73	12.53	17.46	25.5	18.03	20.88	10.2	21.4	23.77	20.12	26.08	31.38	15.23	16.28	27.07	6.08	20.4	11.66	7.81	36.88	25.94	27.59	13.6	14.42	25.32	12.04	19.42	30.68	16.0	41.01	22.8	6.32	20.62	28.02	31.11	21.59	21.95	18.36	1.0	12.08	17.46	
22.56	34.06	14.04	12.17	27.66	20.25	14.04	8.06	8.0	16.12	29.15	19.42	27.46	30.68	16.0	0.0	24.04	4.47	16.28	32.56	16.28	25.06	8.6	30.89	16.0	18.44	5.83	25.5	26.68	7.07	15.65	25.61	26.17	19.8	26.17	16.64	18.44	18.44	12.73	15.23	22.2	26.93	13.93	26.48	19.7	17.03	10.0	8.0	28.16	20.88	24.6	20.81	35.47	10.05	7.21	17.2	17.26	10.82	9.22	29.53	17.69	26.08	13.0	30.41	22.02	23.32	14.14	22.56	26.83	13.89	19.42	28.16	8.94	9.85	25.63	16.76	16.4	22.63	31.78	14.14	18.97	16.28	23.0	22.8	7.07	33.02	9.0	16.03	7.07	26.25	
13.0	40.02	18.25	15.81	14.87	28.0	18.25	31.89	19.24	39.82	44.41	21.1	40.05	29.55	37.12	24.04	0.0	25.81	14.04	39.62	40.31	29.43	15.62	44.05	17.03	5.83	23.32	40.45	14.21	28.84	39.2	37.01	16.64	31.14	35.06	32.02	21.02	13.04	36.77	23.19	20.62	25.63	37.2	23.77	36.14	41.04	14.21	30.23	50.61	11.4	48.01	29.0	44.41	32.45	26.42	41.11	20.0	13.6	30.02	32.28	6.4	39.12	22.56	32.57	42.15	29.15	38.18	44.78	8.6	11.18	13.15	44.91	32.65	22.47	48.55	22.02	27.29	33.02	12.65	34.44	41.88	20.02	18.03	12.08	16.97	44.05	18.79	37.59	25.06	37.0	
26.17	38.42	12.37	16.0	31.26	16.55	18.25	6.71	12.17	16.49	32.65	23.77	31.4	35.11	18.44	4.47	25.81	0.0	20.02	36.88	15.65	29.53	10.3	34.67	20.1	20.59	10.3	29.15	30.27	10.3	16.28	29.73	30.02	24.08	30.48	12.21	22.8	22.09	12.08	12.17	26.48	31.32	15.03	30.81	23.32	16.55	12.65	4.47	29.27	24.33	25.0	25.24	39.62	6.71	2.83	17.09	21.59	13.6	5.0	34.0	19.42	30.0	17.46	34.89	24.52	27.78	13.42	24.02	29.73	16.76	23.09	31.38	7.21	7.0	26.48	21.19	12.53	26.91	34.79	10.0	20.1	20.62	27.07	26.31	9.49	37.01	13.15	18.25	11.4	30.41	
6.32	26.93	20.25	4.12	11.4	30.41	4.47	24.04	8.54	29.41	30.41	7.62	26.02	18.38	24.84	16.28	14.04	20.02	0.0	26.25	30.89	16.16	11.7	30.02	3.0	9.22	12.53	26.48	10.44	18.03	28.6	23.0	10.0	17.12	21.21	30.59	7.28	2.24	27.73	24.6	8.49	14.14	26.4	12.81	22.47	31.38	8.54	24.19	38.42	5.0	36.8	15.03	30.81	26.31	22.02	31.06	6.08	7.62	25.02	19.72	10.77	25.08	8.94	20.25	29.15	15.52	29.07	32.65	12.04	5.66	3.16	31.05	25.0	20.88	36.8	8.0	27.86	19.0	16.4	30.02	30.41	6.0	7.62	6.71	11.18	30.15	7.62	25.5	13.6	23.02	
27.07	2.0	43.83	26.83	28.16	52.4	23.26	35.85	27.2	32.98	13.93	18.68	9.06	13.0	24.74	32.56	39.62	36.88	26.25	0.0	36.4	10.2	34.67	10.3	23.41	35.44	26.87	13.04	28.07	27.46	32.02	8.25	25.08	12.81	6.4	49.04	18.97	26.68	35.47	46.86	19.1	15.13	30.36	17.12	16.49	36.14	32.25	38.83	32.39	28.28	35.0	12.21	5.1	39.96	39.7	34.93	20.25	31.76	40.8	8.25	37.0	10.0	20.81	8.54	23.0	10.77	36.06	29.0	34.0	31.38	26.48	16.76	36.72	41.77	33.06	18.79	48.8	10.0	35.36	44.94	30.27	20.62	22.02	28.07	33.02	7.07	26.63	25.71	25.5	7.28	
37.12	38.33	27.86	26.93	42.05	29.0	27.31	8.94	22.47	3.61	26.63	31.05	28.23	40.05	11.7	16.28	40.31	15.65	30.89	36.4	0.0	33.0	24.84	30.02	29.55	34.66	18.36	24.6	41.15	13.0	4.47	28.16	39.92	25.08	30.59	21.21	30.08	33.12	3.61	26.48	34.21	37.34	6.08	37.66	19.92	1.0	26.17	12.37	15.3	35.85	10.0	28.0	37.16	11.05	16.76	2.24	29.41	26.91	14.14	37.05	33.97	26.93	24.04	38.05	15.62	31.0	2.24	11.66	42.44	29.83	34.0	24.21	8.54	22.14	12.17	27.89	25.02	27.29	47.17	14.32	7.81	28.46	36.06	37.59	23.35	33.54	23.32	10.77	17.46	29.12	
17.0	10.77	34.71	17.2	18.68	43.93	13.6	30.08	18.44	30.07	18.6	8.54	13.04	7.28	22.36	25.06	29.43	29.53	16.16	10.2	33.0	0.0	25.5	16.55	13.42	25.3	19.24	15.56	18.44	21.59	29.07	10.0	15.52	8.25	6.71	41.68	8.94	16.49	31.14	38.21	9.0	6.4	27.02	8.06	15.23	33.02	22.8	32.31	33.54	18.11	34.48	5.0	15.03	33.84	32.25	32.06	10.3	22.2	34.01	4.47	26.93	12.81	12.21	5.39	23.26	2.0	32.06	28.79	24.08	21.47	16.28	20.52	31.05	33.42	33.24	9.22	40.61	7.21	25.96	38.63	28.64	10.82	12.04	18.0	24.04	15.3	17.69	23.35	18.38	9.43	
17.12	35.81	9.22	8.6	22.02	18.87	12.04	16.28	7.62	24.7	34.53	17.8	31.62	29.41	23.54	8.6	15.62	10.3	11.7	34.67	24.84	25.5	0.0	35.44	13.04	10.3	10.0	30.59	21.02	14.56	24.19	29.15	21.38	22.85	28.65	19.1	17.03	13.34	21.26	13.04	19.72	25.24	22.36	24.19	25.18	25.61	3.16	14.76	36.4	15.03	33.12	22.47	38.47	17.0	11.4	25.81	15.62	4.12	14.87	29.7	9.22	30.36	13.89	30.41	29.27	24.21	22.67	30.68	19.65	7.0	14.32	34.13	17.03	9.22	34.01	16.28	16.16	25.5	24.74	19.65	27.31	14.87	19.31	17.03	2.0	36.77	8.06	23.77	12.0	29.55	
32.76	12.08	44.01	29.15	35.11	51.11	26.02	31.83	27.89	26.42	4.0	23.35	4.0	22.02	18.6	30.89	44.05	34.67	30.02	10.3	30.02	16.55	35.44	0.0	27.02	39.01	26.0	5.66	34.79	24.41	25.55	7.07	31.95	13.04	9.85	46.23	23.19	31.14	30.0	46.07	25.0	22.83	24.41	24.6	11.4	29.53	33.73	35.47	23.0	33.38	26.48	15.13	8.0	36.07	37.44	28.18	24.08	33.54	37.64	17.03	40.11	5.1	22.2	17.69	14.87	15.81	30.23	20.62	40.02	34.13	31.26	7.0	32.53	40.71	24.19	22.02	47.17	11.05	42.38	41.01	22.85	24.02	28.16	33.73	33.53	4.0	27.66	19.42	24.17	7.28	
7.81	24.17	22.02	4.47	12.53	31.91	2.24	23.35	8.0	27.78	27.46	5.0	23.02	16.4	22.63	16.0	17.03	20.1	3.0	23.41	29.55	13.42	13.04	27.02	0.0	12.17	11.4	23.54	11.66	16.55	26.93	20.0	10.44	14.14	18.25	31.32	4.47	4.47	26.57	26.08	6.71	12.21	24.7	11.18	19.7	29.97	10.0	24.0	36.12	7.21	34.83	12.04	27.89	26.02	22.36	29.53	3.16	9.22	25.08	17.2	13.6	22.09	6.4	17.8	26.63	12.65	27.86	30.41	14.42	8.06	5.0	28.16	24.33	21.93	34.66	5.0	29.07	16.0	18.38	30.07	28.43	3.0	7.0	8.49	12.08	27.17	7.0	23.35	12.08	20.02	
10.63	36.06	15.13	10.2	14.32	25.5	13.0	26.4	13.42	34.06	39.12	16.76	35.01	26.63	31.3	18.44	5.83	20.59	9.22	35.44	34.66	25.3	10.3	39.01	12.17	0.0	17.49	35.13	13.42	23.02	33.42	32.06	15.0	26.0	30.41	28.16	16.49	8.94	31.14	20.1	17.0	22.47	31.4	20.81	30.59	35.36	8.49	25.06	44.78	8.49	42.2	24.19	40.02	27.29	21.54	35.38	15.3	7.81	25.08	28.64	2.24	34.0	17.12	29.07	36.4	24.74	32.56	38.95	10.0	5.39	9.43	39.46	27.2	18.25	42.72	17.12	24.02	28.07	15.03	29.73	36.06	15.13	15.0	10.0	11.4	39.32	13.0	31.76	19.24	32.14	
18.79	28.32	18.03	8.6	23.77	25.61	9.22	12.04	4.24	17.03	24.74	14.04	22.36	25.0	13.93	5.83	23.32	10.3	12.53	26.87	18.36	19.24	10.0	26.0	11.4	17.49	0.0	20.88	22.85	5.66	16.28	20.25	21.84	14.21	20.52	22.47	13.04	14.76	15.23	20.25	17.0	21.38	14.14	21.1	15.3	18.87	9.49	13.34	27.29	17.49	24.84	15.0	30.0	15.13	13.04	18.6	12.0	9.85	14.87	23.71	17.46	21.02	7.28	24.6	19.42	17.49	16.55	21.47	24.21	12.21	15.65	24.19	13.04	15.0	25.24	11.18	21.93	17.03	28.84	19.65	18.6	11.0	18.25	19.24	8.0	27.78	5.0	14.32	2.0	20.81	
30.08	15.03	38.9	25.02	33.12	45.65	22.2	26.17	23.19	21.02	4.0	20.62	4.0	22.2	13.04	25.5	40.45	29.15	26.48	13.04	24.6	15.56	30.59	5.66	23.54	35.13	20.88	0.0	32.65	18.87	20.12	5.83	30.02	9.49	9.43	40.61	20.25	27.89	24.41	40.72	22.83	21.93	18.87	23.43	5.83	24.17	29.15	29.83	19.42	30.36	22.02	12.53	12.65	30.41	31.91	22.85	20.88	29.07	32.02	17.49	36.01	3.16	18.03	18.36	10.05	14.21	24.7	16.03	37.34	30.02	28.16	5.0	26.87	35.34	20.02	18.68	41.68	8.6	40.25	35.36	17.72	20.62	25.94	31.02	28.64	8.94	23.09	13.89	18.97	6.71	
4.12	28.0	28.16	14.56	1.0	38.6	13.89	34.48	18.97	39.45	36.25	12.21	31.02	16.28	34.06	26.68	14.21	30.27	10.44	28.07	41.15	18.44	21.02	34.79	11.66	13.42	22.85	32.65	0.0	28.18	38.59	27.86	3.0	23.32	25.0	40.11	12.81	8.25	38.08	32.98	9.85	13.0	36.36	11.0	30.0	41.59	18.0	34.53	47.38	6.0	46.4	20.12	33.14	36.67	32.06	41.18	12.73	17.0	35.23	20.0	15.65	30.46	17.8	20.02	37.54	18.97	39.4	41.77	6.32	14.04	7.28	37.59	35.44	30.15	46.1	14.87	36.67	24.17	7.62	40.2	40.0	13.45	6.71	4.0	21.02	33.73	18.03	34.83	23.71	27.51	
24.19	29.15	21.1	14.21	29.07	26.83	14.32	8.54	9.9	11.4	22.36	18.25	21.26	28.16	9.06	7.07	28.84	10.3	18.03	27.46	13.0	21.59	14.56	24.41	16.55	23.02	5.66	18.87	28.18	0.0	10.63	19.85	26.93	14.76	21.1	21.93	17.26	20.25	10.2	22.14	21.38	25.0	8.49	25.08	13.04	13.42	14.76	11.4	21.93	23.02	19.21	16.76	29.73	12.53	13.04	13.04	16.49	15.26	13.45	25.96	22.83	19.85	11.18	26.93	15.0	19.65	11.4	16.16	29.83	17.8	21.1	21.19	9.49	16.76	19.72	15.13	22.83	17.49	34.41	17.49	13.04	15.52	23.09	24.7	12.65	26.91	10.63	9.22	4.47	20.62	
34.67	33.96	28.64	24.84	39.45	31.26	24.7	10.0	20.52	1.0	22.2	27.86	23.77	36.22	7.28	15.65	39.2	16.28	28.6	32.02	4.47	29.07	24.19	25.55	26.93	33.42	16.28	20.12	38.59	10.63	0.0	23.77	37.12	21.0	26.31	24.04	26.93	30.81	5.39	28.02	31.02	33.73	2.24	34.21	15.52	4.12	25.0	14.04	13.04	33.6	8.94	24.08	32.7	13.34	18.03	3.0	26.4	25.61	16.12	33.0	33.02	22.47	21.02	34.0	11.31	27.07	5.0	8.25	40.46	28.32	31.62	19.85	10.05	23.19	10.2	24.7	27.17	23.09	45.0	17.46	4.12	25.5	33.11	35.23	22.47	29.07	21.26	6.32	15.0	24.74	
25.71	10.2	38.01	22.36	28.23	45.8	19.1	28.02	21.54	24.74	8.6	16.28	3.16	16.4	16.49	25.61	37.01	29.73	23.0	8.25	28.16	10.0	29.15	7.07	20.0	32.06	20.25	5.83	27.86	19.85	23.77	0.0	25.08	6.32	3.61	41.73	16.12	24.08	27.31	40.5	18.03	16.4	22.14	18.03	8.25	27.89	27.2	31.24	25.0	26.31	27.07	8.06	9.9	32.2	32.56	26.68	17.03	26.93	33.3	11.66	33.24	2.83	15.52	12.53	15.13	8.94	27.86	21.1	32.98	27.29	24.19	10.63	28.84	35.23	25.32	15.0	42.01	4.0	35.47	37.2	22.09	17.0	21.19	26.68	27.31	7.62	21.19	17.46	18.6	1.0	
4.47	25.0	29.15	14.04	3.16	39.56	12.65	33.73	18.25	38.01	33.54	9.9	28.23	13.34	32.2	26.17	16.64	30.02	10.0	25.08	39.92	15.52	21.38	31.95	10.44	15.0	21.84	30.02	3.0	26.93	37.12	25.08	0.0	20.81	22.14	40.45	10.63	8.06	37.0	33.84	7.21	10.0	34.89	8.0	27.66	40.31	18.25	34.13	45.34	6.71	44.65	17.49	30.15	36.22	32.02	39.81	10.82	17.26	35.01	17.0	17.2	27.73	16.12	17.03	35.36	16.16	38.28	39.82	9.22	14.56	7.07	34.99	34.71	30.59	44.2	12.81	37.36	21.47	10.44	40.01	38.28	11.66	4.24	5.0	21.1	30.81	17.26	33.02	22.47	24.7	
20.62	14.42	31.76	16.12	23.85	39.82	13.0	23.26	15.23	22.0	13.34	11.18	9.06	15.52	14.14	19.8	31.14	24.08	17.12	12.81	25.08	8.25	22.85	13.04	14.14	26.0	14.21	9.49	23.32	14.76	21.0	6.32	20.81	0.0	6.4	36.24	10.77	18.44	23.54	34.41	13.6	13.89	19.03	15.0	7.21	25.02	20.88	26.08	25.55	20.88	26.25	3.61	15.81	27.29	26.91	24.0	11.4	20.62	28.02	12.0	27.07	8.0	9.22	13.0	15.26	6.32	24.33	20.62	27.86	21.1	18.68	14.32	24.17	29.21	25.08	9.22	36.12	2.83	30.89	32.25	20.4	11.18	16.64	21.54	21.02	13.93	14.87	15.13	12.73	6.71	
23.19	8.06	37.74	21.19	25.3	46.1	17.72	29.53	21.1	27.29	12.04	14.0	6.4	12.81	19.1	26.17	35.06	30.48	21.21	6.4	30.59	6.71	28.65	9.85	18.25	30.41	20.52	9.43	25.0	21.1	26.31	3.61	22.14	6.4	0.0	42.64	14.04	22.02	29.41	40.61	15.3	13.04	24.52	14.76	11.0	30.41	26.4	32.45	28.46	24.02	30.27	6.32	9.85	33.62	33.3	29.27	15.13	26.0	34.41	8.06	31.78	6.4	14.76	8.94	18.44	6.08	30.08	24.33	30.41	25.96	22.0	14.21	30.41	35.47	28.64	13.34	42.45	3.61	32.57	38.59	25.0	15.3	18.44	24.19	26.93	9.0	20.59	20.1	19.1	2.83	
36.22	50.61	13.93	26.93	41.11	8.54	29.73	14.76	23.77	23.77	43.83	35.47	43.19	47.01	28.65	16.64	32.02	12.21	30.59	49.04	21.21	41.68	19.1	46.23	31.32	28.16	22.47	40.61	40.11	21.93	24.04	41.73	40.45	36.24	42.64	0.0	34.54	32.39	18.68	9.43	37.95	43.08	23.77	42.38	34.83	22.2	22.2	10.82	36.5	34.13	31.14	37.44	51.62	10.77	9.43	23.35	33.24	23.19	8.6	46.14	26.31	41.77	29.53	47.01	34.44	39.96	19.42	32.28	38.12	26.08	33.38	42.19	14.32	10.0	33.38	33.11	5.66	39.05	43.19	7.0	28.16	32.31	38.08	36.12	19.42	48.84	24.7	28.18	23.6	42.45	
9.85	19.7	26.17	8.49	13.45	35.81	5.0	25.0	10.77	27.86	24.04	1.0	19.24	12.53	21.63	18.44	21.02	22.8	7.28	18.97	30.08	8.94	17.03	23.19	4.47	16.49	13.04	20.25	12.81	17.26	26.93	16.12	10.63	10.77	14.04	34.54	0.0	8.0	27.46	30.0	4.12	8.54	24.7	8.06	17.2	30.36	14.14	26.31	34.71	10.2	34.13	8.06	23.54	28.16	25.3	29.73	1.41	13.45	27.66	12.81	18.03	18.44	6.08	13.45	24.76	8.25	28.64	29.21	17.09	12.53	8.06	25.08	26.0	25.55	33.6	2.24	32.76	12.17	20.25	32.56	27.78	2.24	6.4	10.77	15.81	23.02	9.85	22.47	13.04	16.03	
4.12	27.2	21.47	6.32	9.22	31.78	6.4	26.25	10.77	31.62	31.78	8.06	27.17	17.8	26.91	18.44	13.04	22.09	2.24	26.68	33.12	16.49	13.34	31.14	4.47	8.94	14.76	27.89	8.25	20.25	30.81	24.08	8.06	18.44	22.02	32.39	8.0	0.0	29.97	26.0	8.06	13.6	28.6	12.04	24.17	33.62	10.2	26.31	40.46	2.83	38.95	16.03	31.4	28.44	24.0	33.29	7.07	9.22	27.07	19.7	10.82	26.31	10.82	20.12	31.06	16.12	31.3	34.71	10.0	6.71	1.0	32.57	27.2	22.56	38.9	9.22	29.41	20.1	14.21	32.06	32.56	7.28	6.4	4.47	13.04	31.02	9.85	27.59	15.81	24.02	
34.01	37.34	24.35	23.71	39.0	26.08	24.35	5.39	19.24	5.1	26.91	28.44	27.78	38.01	11.4	12.73	36.77	12.08	27.73	35.47	3.61	31.14	21.26	30.0	26.57	31.14	15.23	24.41	38.08	10.2	5.39	27.31	37.0	23.54	29.41	18.68	27.46	29.97	0.0	23.19	31.58	35.06	5.66	35.23	19.24	4.47	22.67	9.06	18.03	32.65	13.15	26.17	36.72	8.06	13.34	5.1	26.68	23.43	11.0	35.36	30.41	26.42	21.38	36.35	16.4	29.15	1.41	13.6	39.12	26.4	30.87	24.76	5.1	18.68	15.0	25.32	22.02	25.96	43.91	12.08	9.49	25.71	33.24	34.44	19.8	33.29	20.12	10.63	14.56	28.23	
29.41	48.17	5.0	21.63	33.96	5.83	25.0	18.03	19.8	28.07	44.38	30.81	42.54	42.44	30.59	15.23	23.19	12.17	24.6	46.86	26.48	38.21	13.04	46.07	26.08	20.1	20.25	40.72	32.98	22.14	28.02	40.5	33.84	34.41	40.61	9.43	30.0	26.0	23.19	0.0	32.76	38.28	27.02	37.22	34.93	27.46	16.12	14.14	41.05	27.2	36.35	34.71	50.22	15.52	10.0	28.28	28.6	17.0	12.37	42.52	18.03	41.18	26.17	43.28	36.67	36.77	24.33	36.01	30.07	19.31	26.93	43.32	18.11	5.39	38.12	29.07	4.12	37.2	35.01	14.42	32.0	27.8	32.2	29.12	14.21	48.02	20.52	30.41	21.95	41.05	
8.0	19.42	28.6	11.18	10.3	38.59	8.25	29.02	14.32	31.95	26.4	3.16	21.19	9.9	25.55	22.2	20.62	26.48	8.49	19.1	34.21	9.0	19.72	25.0	6.71	17.0	17.0	22.83	9.85	21.38	31.02	18.03	7.21	13.6	15.3	37.95	4.12	8.06	31.58	32.76	0.0	5.66	28.79	4.47	20.52	34.48	16.64	30.15	38.42	9.22	38.08	10.3	24.02	32.06	28.86	33.84	5.0	15.81	31.4	11.7	18.87	20.62	10.2	12.08	28.32	9.22	32.76	33.02	15.13	14.14	7.62	27.78	30.02	28.64	37.44	6.32	35.78	14.32	17.46	36.35	31.76	6.0	3.16	9.0	18.79	24.19	13.34	26.42	17.12	17.72	
12.65	15.0	34.21	16.64	13.04	44.1	13.42	33.14	19.31	34.71	25.0	7.62	19.42	4.24	27.51	26.93	25.63	31.32	14.14	15.13	37.34	6.4	25.24	22.83	12.21	22.47	21.38	21.93	13.0	25.0	33.73	16.4	10.0	13.89	13.04	43.08	8.54	13.6	35.06	38.28	5.66	0.0	31.58	2.0	21.1	37.48	22.2	34.71	39.45	14.32	39.92	10.3	20.22	36.5	33.84	36.67	9.85	21.4	36.14	7.0	24.41	19.21	14.14	7.07	29.15	7.81	36.12	34.44	19.1	19.8	13.04	26.91	34.13	34.0	38.91	10.2	41.18	13.45	20.22	41.0	33.84	10.77	7.62	13.6	24.19	21.19	18.38	28.46	21.1	15.81	
32.45	32.28	27.29	22.67	37.22	30.59	22.47	9.22	18.38	3.16	21.26	25.63	22.36	34.13	5.83	13.93	37.2	15.03	26.4	30.36	6.08	27.02	22.36	24.41	24.7	31.4	14.14	18.87	36.36	8.49	2.24	22.14	34.89	19.03	24.52	23.77	24.7	28.6	5.66	27.02	28.79	31.58	0.0	32.02	13.93	6.0	23.02	13.34	14.32	31.4	10.82	22.02	31.3	13.0	17.03	5.1	24.17	23.6	15.52	31.02	31.06	21.02	18.79	32.02	10.82	25.02	5.83	9.0	38.29	26.25	29.41	19.1	9.49	22.02	11.7	22.47	26.48	21.21	42.8	17.49	5.1	23.26	30.87	33.02	20.59	27.78	19.1	5.0	12.81	23.09	
10.77	17.0	33.02	15.65	11.05	43.05	12.65	33.02	18.68	35.17	26.63	7.07	21.1	5.83	28.23	26.48	23.77	30.81	12.81	17.12	37.66	8.06	24.19	24.6	11.18	20.81	21.1	23.43	11.0	25.08	34.21	18.03	8.0	15.0	14.76	42.38	8.06	12.04	35.23	37.22	4.47	2.0	32.02	0.0	22.2	37.85	21.1	34.37	40.5	12.53	40.72	11.4	22.2	36.22	33.24	37.11	9.22	20.25	35.69	9.0	22.8	20.81	14.0	9.06	30.23	9.22	36.35	35.36	17.12	18.44	11.4	28.43	34.01	33.11	39.82	10.0	40.25	14.87	18.25	40.61	34.54	10.2	5.83	11.7	23.26	23.09	17.72	29.15	21.0	17.49	
26.93	18.44	33.24	20.4	30.61	39.82	18.03	20.52	18.0	16.49	9.49	17.8	8.6	22.47	8.25	19.7	36.14	23.32	22.47	16.49	19.92	15.23	25.18	11.4	19.7	30.59	15.3	5.83	30.0	13.04	15.52	8.25	27.66	7.21	11.0	34.83	17.2	24.17	19.24	34.93	20.52	21.1	13.93	22.2	0.0	19.65	24.0	24.08	18.36	26.83	19.42	10.82	17.49	24.76	26.08	18.44	17.49	24.02	26.25	18.44	31.26	7.21	13.6	19.42	8.06	13.42	19.7	13.6	34.0	25.32	24.6	9.0	21.26	29.55	18.03	15.26	35.85	8.25	37.44	29.73	14.0	17.0	23.43	27.78	23.19	14.21	18.03	9.22	13.34	9.22	
37.59	38.08	28.79	27.46	42.49	30.0	27.73	9.85	23.02	3.16	26.08	31.32	27.86	40.11	11.4	17.03	41.04	16.55	31.38	36.14	1.0	33.02	25.61	29.53	29.97	35.36	18.87	24.17	41.59	13.42	4.12	27.89	40.31	25.02	30.41	22.2	30.36	33.62	4.47	27.46	34.48	37.48	6.0	37.85	19.65	0.0	26.87	13.34	14.32	36.36	9.0	28.02	36.77	12.04	17.72	1.41	29.73	27.59	15.13	37.01	34.71	26.57	24.35	38.01	15.0	31.02	3.16	10.82	43.01	30.48	34.48	23.6	9.49	23.09	11.18	28.16	26.02	27.17	47.71	15.3	7.07	28.79	36.4	38.08	24.08	33.11	23.85	10.44	17.89	28.86	
14.04	33.29	12.04	5.66	19.0	21.95	9.22	18.03	6.0	25.61	33.14	14.87	29.83	26.4	23.41	10.0	14.21	12.65	8.54	32.25	26.17	22.8	3.16	33.73	10.0	8.49	9.49	29.15	18.0	14.76	25.0	27.2	18.25	20.88	26.4	22.2	14.14	10.2	22.67	16.12	16.64	22.2	23.02	21.1	24.0	26.87	0.0	17.09	36.67	12.0	33.84	20.12	36.25	19.31	14.14	26.91	12.73	1.0	17.46	26.91	8.06	28.64	11.7	27.59	28.86	21.63	24.08	30.87	17.09	4.12	11.18	33.0	18.87	12.37	34.48	13.6	19.31	23.41	22.14	22.36	27.78	12.04	16.16	14.0	3.16	34.79	6.08	23.77	11.4	27.51	
30.41	40.5	15.65	20.1	35.51	17.26	22.02	4.12	16.0	14.0	33.02	27.29	32.53	38.33	17.89	8.0	30.23	4.47	24.19	38.83	12.37	32.31	14.76	35.47	24.0	25.06	13.34	29.83	34.53	11.4	14.04	31.24	34.13	26.08	32.45	10.82	26.31	26.31	9.06	14.14	30.15	34.71	13.34	34.37	24.08	13.34	17.09	0.0	27.0	28.64	22.2	27.73	41.11	2.24	4.47	14.14	25.18	18.03	2.24	36.77	23.85	31.11	20.62	37.7	23.77	30.46	10.2	22.2	34.18	21.19	27.29	31.38	4.0	9.85	24.02	24.52	13.15	28.84	39.22	6.32	18.11	24.19	31.0	30.59	13.93	38.18	17.0	17.46	13.93	32.02	
43.86	34.37	41.59	35.23	48.1	44.1	34.06	23.02	31.38	13.0	19.0	35.47	23.35	40.72	13.6	28.16	50.61	29.27	38.42	32.39	15.3	33.54	36.4	23.0	36.12	44.78	27.29	19.42	47.38	21.93	13.04	25.0	45.34	25.55	28.46	36.5	34.71	40.46	18.03	41.05	38.42	39.45	14.32	40.5	18.36	14.32	36.67	27.0	0.0	43.28	5.83	29.15	31.0	26.08	31.06	13.15	34.66	37.12	29.02	36.4	44.72	22.56	29.73	37.34	10.3	31.76	17.12	5.83	50.45	39.45	41.11	16.0	23.0	36.22	3.16	32.56	40.05	26.4	54.49	29.61	9.22	33.94	41.11	44.6	34.54	27.0	31.91	13.04	25.55	25.96	
2.24	28.64	22.47	8.94	7.0	32.89	9.22	28.79	13.42	34.41	34.21	10.05	29.43	18.36	29.73	20.88	11.4	24.33	5.0	28.28	35.85	18.11	15.03	33.38	7.21	8.49	17.49	30.36	6.0	23.02	33.6	26.31	6.71	20.88	24.02	34.13	10.2	2.83	32.65	27.2	9.22	14.32	31.4	12.53	26.83	36.36	12.0	28.64	43.28	0.0	41.77	18.25	33.14	30.81	26.08	36.06	9.49	11.0	29.27	20.88	10.63	28.64	13.6	21.19	33.84	18.0	34.0	37.54	7.21	8.06	2.24	35.11	29.73	24.19	41.73	11.7	30.81	22.36	11.4	34.23	35.38	9.85	6.71	2.0	15.03	33.02	12.53	30.41	18.6	26.17	
42.64	37.0	37.36	33.24	47.2	39.0	32.65	18.44	29.07	8.54	22.56	34.99	26.02	41.76	12.53	24.6	48.01	25.0	36.8	35.0	10.0	34.48	33.12	26.48	34.83	42.2	24.84	22.02	46.4	19.21	8.94	27.07	44.65	26.25	30.27	31.14	34.13	38.95	13.15	36.35	38.08	39.92	10.82	40.72	19.42	9.0	33.84	22.2	5.83	41.77	0.0	29.73	34.37	21.02	26.48	8.06	33.84	34.41	24.08	37.85	41.88	25.0	28.6	38.83	12.0	32.57	12.04	6.0	48.8	37.01	39.7	19.65	18.25	31.78	2.83	31.91	35.01	27.66	53.15	24.19	6.4	33.02	40.5	43.28	31.38	30.41	29.73	11.66	23.35	28.07	
17.72	13.45	31.62	14.87	20.59	40.31	11.4	25.3	15.0	25.08	16.16	8.25	11.18	12.17	17.46	20.81	29.0	25.24	15.03	12.21	28.0	5.0	22.47	15.13	12.04	24.19	15.0	12.53	20.12	16.76	24.08	8.06	17.49	3.61	6.32	37.44	8.06	16.03	26.17	34.71	10.3	10.3	22.02	11.4	10.82	28.02	20.12	27.73	29.15	18.25	29.73	0.0	16.16	29.15	28.02	27.07	9.0	19.7	29.53	9.22	25.5	10.44	8.6	10.2	18.87	3.0	27.07	24.17	25.0	19.65	16.12	17.49	26.25	29.7	28.64	7.07	36.8	4.12	27.73	34.01	23.77	9.06	13.42	18.68	20.81	15.13	14.42	18.44	13.89	8.0	
32.02	5.83	47.51	31.02	33.24	55.61	27.51	37.8	30.89	33.62	12.0	23.35	8.94	18.03	25.5	35.47	44.41	39.62	30.81	5.1	37.16	15.03	38.47	8.0	27.89	40.02	30.0	12.65	33.14	29.73	32.7	9.9	30.15	15.81	9.85	51.62	23.54	31.4	36.72	50.22	24.02	20.22	31.3	22.2	17.49	36.77	36.25	41.11	31.0	33.14	34.37	16.16	0.0	42.01	42.45	35.47	24.74	35.85	43.19	13.34	41.48	10.3	24.6	13.6	22.56	15.3	37.12	28.44	39.01	35.74	31.26	15.0	38.6	45.0	32.14	23.09	51.86	13.04	40.45	47.01	30.36	25.0	27.0	33.02	36.72	4.0	30.41	26.4	28.43	9.22	
32.56	41.68	17.49	22.2	37.66	18.03	24.0	4.24	18.03	13.15	33.42	29.15	33.3	40.02	18.03	10.05	32.45	6.71	26.31	39.96	11.05	33.84	17.0	36.07	26.02	27.29	15.13	30.41	36.67	12.53	13.34	32.2	36.22	27.29	33.62	10.77	28.16	28.44	8.06	15.52	32.06	36.5	13.0	36.22	24.76	12.04	19.31	2.24	26.08	30.81	21.02	29.15	42.01	0.0	6.4	13.0	27.07	20.25	3.16	38.28	26.08	31.89	22.36	39.22	23.71	31.95	9.0	21.59	36.4	23.41	29.43	31.62	3.61	11.66	23.02	26.31	14.0	30.02	41.44	5.0	17.46	26.08	33.02	32.76	16.16	38.95	19.03	17.49	15.52	33.02	
28.02	41.23	11.18	18.11	33.06	13.93	20.62	8.06	14.56	18.11	35.36	26.25	34.21	37.7	20.88	7.21	26.42	2.83	22.02	39.7	16.76	32.25	11.4	37.44	22.36	21.54	13.04	31.91	32.06	13.04	18.03	32.56	32.02	26.91	33.3	9.43	25.3	24.0	13.34	10.0	28.86	33.84	17.03	33.24	26.08	17.72	14.14	4.47	31.06	26.08	26.48	28.02	42.45	6.4	0.0	18.44	24.04	15.13	3.61	36.72	20.12	32.8	20.12	37.59	26.93	30.53	14.56	26.02	31.05	18.25	25.0	34.01	8.25	5.39	28.16	23.77	9.85	29.73	36.14	8.25	22.0	23.09	29.27	28.07	11.05	39.82	15.52	20.62	14.21	33.24	
37.22	36.88	29.41	27.2	42.06	31.02	27.29	10.44	22.8	2.0	24.7	30.68	26.57	39.2	10.2	17.2	41.11	17.09	31.06	34.93	2.24	32.06	25.81	28.18	29.53	35.38	18.6	22.85	41.18	13.04	3.0	26.68	39.81	24.0	29.27	23.35	29.73	33.29	5.1	28.28	33.84	36.67	5.1	37.11	18.44	1.41	26.91	14.14	13.15	36.06	8.06	27.07	35.47	13.0	18.44	0.0	29.15	27.59	16.03	36.0	34.83	25.3	23.77	37.0	13.6	30.07	4.0	9.43	42.8	30.41	34.13	22.2	10.2	23.77	10.05	27.51	27.0	26.08	47.43	16.49	5.66	28.23	35.85	37.74	24.21	31.78	23.6	9.22	17.49	27.66	
9.43	21.02	24.76	7.07	13.45	34.41	3.61	24.02	9.49	27.31	24.74	2.24	20.1	13.89	21.4	17.26	20.0	21.59	6.08	20.25	29.41	10.3	15.62	24.08	3.16	15.3	12.0	20.88	12.73	16.49	26.4	17.03	10.82	11.4	15.13	33.24	1.41	7.07	26.68	28.6	5.0	9.85	24.17	9.22	17.49	29.73	12.73	25.18	34.66	9.49	33.84	9.0	24.74	27.07	24.04	29.15	0.0	12.04	26.48	14.21	16.76	19.24	5.39	14.87	24.84	9.49	27.89	29.07	16.55	11.18	7.28	25.63	25.02	24.19	33.42	2.24	31.38	13.04	20.0	31.4	27.46	1.0	6.71	10.3	14.42	24.08	8.54	22.2	12.17	17.0	
13.04	32.76	12.81	5.0	18.0	22.83	8.6	18.87	6.08	26.25	33.06	14.14	29.61	25.61	23.77	10.82	13.6	13.6	7.62	31.76	26.91	22.2	4.12	33.54	9.22	7.81	9.85	29.07	17.0	15.26	25.61	26.93	17.26	20.62	26.0	23.19	13.45	9.22	23.43	17.0	15.81	21.4	23.6	20.25	24.02	27.59	1.0	18.03	37.12	11.0	34.41	19.7	35.85	20.25	15.13	27.59	12.04	0.0	18.44	26.25	7.62	28.44	11.4	26.91	29.12	21.1	24.84	31.3	16.16	3.16	10.2	33.02	19.72	13.34	34.99	13.04	20.25	23.09	21.19	23.35	28.3	11.4	15.23	13.0	4.12	34.48	6.0	24.17	11.7	27.2	
31.14	42.44	14.42	21.0	36.22	15.13	23.19	6.32	17.12	16.03	35.23	28.64	34.66	39.85	20.12	9.22	30.02	5.0	25.02	40.8	14.14	34.01	14.87	37.64	25.08	25.08	14.87	32.02	35.23	13.45	16.12	33.3	35.01	28.02	34.41	8.6	27.66	27.07	11.0	12.37	31.4	36.14	15.52	35.69	26.25	15.13	17.46	2.24	29.02	29.27	24.08	29.53	43.19	3.16	3.61	16.03	26.48	18.44	0.0	38.48	23.71	33.24	22.14	39.4	26.0	32.2	12.04	24.33	34.48	21.59	28.07	33.62	6.08	8.6	26.0	25.96	11.05	30.81	39.56	5.0	20.22	25.5	32.06	31.26	14.32	40.31	18.11	19.7	15.65	34.06	
19.42	8.0	38.9	21.26	20.02	48.27	17.69	34.48	22.8	34.0	19.85	12.21	14.21	5.0	26.08	29.53	32.28	34.0	19.72	8.25	37.05	4.47	29.7	17.03	17.2	28.64	23.71	17.49	20.0	25.96	33.0	11.66	17.0	12.0	8.06	46.14	12.81	19.7	35.36	42.52	11.7	7.0	31.02	9.0	18.44	37.01	26.91	36.77	36.4	20.88	37.85	9.22	13.34	38.28	36.72	36.0	14.21	26.25	38.48	0.0	30.41	14.42	16.64	1.0	26.25	6.32	36.22	32.02	26.08	25.24	19.31	22.2	35.44	37.8	36.4	13.45	45.0	10.2	27.17	43.08	32.25	14.87	14.32	20.4	28.32	14.76	22.02	27.07	22.85	10.82	
12.81	37.7	13.04	11.0	16.55	23.35	14.14	25.5	13.6	33.6	40.01	18.38	36.12	28.6	31.38	17.69	6.4	19.42	10.77	37.0	33.97	26.93	9.22	40.11	13.6	2.24	17.46	36.01	15.65	22.83	33.02	33.24	17.2	27.07	31.78	26.31	18.03	10.82	30.41	18.03	18.87	24.41	31.06	22.8	31.26	34.71	8.06	23.85	44.72	10.63	41.88	25.5	41.48	26.08	20.12	34.83	16.76	7.62	23.71	30.41	0.0	35.06	18.0	30.89	36.69	26.25	31.83	38.91	12.04	6.0	11.4	40.2	26.25	16.49	42.54	18.44	22.0	29.27	17.0	28.23	35.85	16.49	17.03	12.21	10.63	40.61	13.34	31.78	19.31	33.38	
28.16	12.0	39.0	24.08	30.87	46.32	21.0	27.66	22.8	23.41	5.83	18.68	1.41	19.21	15.23	26.08	39.12	30.0	25.08	10.0	26.93	12.81	30.36	5.1	22.09	34.0	21.02	3.16	30.46	19.85	22.47	2.83	27.73	8.0	6.4	41.77	18.44	26.31	26.42	41.18	20.62	19.21	21.02	20.81	7.21	26.57	28.64	31.11	22.56	28.64	25.0	10.44	10.3	31.89	32.8	25.3	19.24	28.44	33.24	14.42	35.06	0.0	17.12	15.26	13.0	11.66	26.83	19.0	35.44	29.07	26.48	7.81	28.43	35.85	23.09	17.12	42.44	6.32	38.08	36.88	20.4	19.1	23.77	29.12	28.46	7.07	22.56	16.16	19.24	3.61	
14.14	22.02	23.02	7.0	18.6	31.83	4.47	19.03	6.4	21.93	22.02	7.07	18.25	17.72	16.28	13.0	22.56	17.46	8.94	20.81	24.04	12.21	13.89	22.2	6.4	17.12	7.28	18.03	17.8	11.18	21.02	15.52	16.12	9.22	14.76	29.53	6.08	10.82	21.38	26.17	10.2	14.14	18.79	14.0	13.6	24.35	11.7	20.62	29.73	13.6	28.6	8.6	24.6	22.36	20.12	23.77	5.39	11.4	22.14	16.64	18.0	17.12	0.0	17.49	20.25	10.63	22.56	24.04	20.81	12.0	11.4	22.36	20.02	21.26	28.32	4.0	28.43	11.7	24.76	26.93	22.2	4.47	12.08	14.87	12.21	23.09	5.83	17.03	7.0	15.81	
19.65	8.06	39.6	21.93	20.0	49.04	18.38	35.44	23.6	35.0	20.62	12.81	15.0	4.47	27.07	30.41	32.57	34.89	20.25	8.54	38.05	5.39	30.41	17.69	17.8	29.07	24.6	18.36	20.02	26.93	34.0	12.53	17.03	13.0	8.94	47.01	13.45	20.12	36.35	43.28	12.08	7.07	32.02	9.06	19.42	38.01	27.59	37.7	37.34	21.19	38.83	10.2	13.6	39.22	37.59	37.0	14.87	26.91	39.4	1.0	30.89	15.26	17.49	0.0	27.2	7.28	37.22	32.98	26.17	25.81	19.7	23.02	36.4	38.6	37.36	14.21	45.8	11.18	27.07	44.01	33.24	15.56	14.56	20.62	29.07	15.26	22.8	28.07	23.77	11.66	
34.21	25.0	36.06	26.4	38.21	40.8	24.7	19.7	23.09	12.04	11.18	25.46	14.04	30.46	6.08	22.02	42.15	24.52	29.15	23.0	15.62	23.26	29.27	14.87	26.63	36.4	19.42	10.05	37.54	15.0	11.31	15.13	35.36	15.26	18.44	34.44	24.76	31.06	16.4	36.67	28.32	29.15	10.82	30.23	8.06	15.0	28.86	23.77	10.3	33.84	12.0	18.87	22.56	23.71	26.93	13.6	24.84	29.12	26.0	26.25	36.69	13.0	20.25	27.2	0.0	21.47	16.28	6.0	41.05	31.02	31.62	8.6	20.12	31.4	10.2	22.67	36.69	16.16	44.82	28.3	8.06	24.21	31.11	35.0	27.29	18.68	23.41	6.32	17.46	16.12	
17.12	11.66	33.42	16.12	19.31	42.45	12.53	28.16	16.97	28.07	17.49	8.06	12.08	9.22	20.4	23.32	29.15	27.78	15.52	10.77	31.0	2.0	24.21	15.81	12.65	24.74	17.49	14.21	18.97	19.65	27.07	8.94	16.16	6.32	6.08	39.96	8.25	16.12	29.15	36.77	9.22	7.81	25.02	9.22	13.42	31.02	21.63	30.46	31.76	18.0	32.57	3.0	15.3	31.95	30.53	30.07	9.49	21.1	32.2	6.32	26.25	11.66	10.63	7.28	21.47	0.0	30.07	26.93	24.33	20.62	16.03	19.21	29.12	31.89	31.38	8.06	39.05	5.66	26.57	36.77	26.68	9.85	12.37	18.11	22.67	15.03	16.28	21.38	16.55	8.54	
35.34	37.95	25.63	25.06	40.31	27.02	25.63	6.71	20.59	4.47	27.02	29.61	28.18	39.0	11.66	14.14	38.18	13.42	29.07	36.06	2.24	32.06	22.67	30.23	27.86	32.56	16.55	24.7	39.4	11.4	5.0	27.86	38.28	24.33	30.08	19.42	28.64	31.3	1.41	24.33	32.76	36.12	5.83	36.35	19.7	3.16	24.08	10.2	17.12	34.0	12.04	27.07	37.12	9.0	14.56	4.0	27.89	24.84	12.04	36.22	31.83	26.83	22.56	37.22	16.28	30.07	0.0	13.0	40.5	27.8	32.2	24.76	6.32	19.92	14.04	26.48	23.0	26.68	45.28	12.65	8.94	26.93	34.48	35.78	21.21	33.62	21.47	10.82	15.81	28.79	
38.18	31.0	36.22	29.41	42.52	39.46	28.32	18.11	25.55	8.54	16.76	30.0	20.02	36.06	7.81	22.56	44.78	24.02	32.65	29.0	11.66	28.79	30.68	20.62	30.41	38.95	21.47	16.03	41.77	16.16	8.25	21.1	39.82	20.62	24.33	32.28	29.21	34.71	13.6	36.01	33.02	34.44	9.0	35.36	13.6	10.82	30.87	22.2	5.83	37.54	6.0	24.17	28.44	21.59	26.02	9.43	29.07	31.3	24.33	32.02	38.91	19.0	24.04	32.98	6.0	26.93	13.0	0.0	44.69	33.62	35.38	13.93	18.25	31.02	4.47	27.02	35.36	21.84	48.8	25.63	4.12	28.32	35.61	38.9	28.79	24.52	26.08	7.21	19.72	22.09	
7.28	34.06	25.08	15.62	6.71	35.36	16.4	34.89	20.0	41.23	41.11	16.76	36.14	22.56	36.88	26.83	8.6	29.73	12.04	34.0	42.44	24.08	19.65	40.02	14.42	10.0	24.21	37.34	6.32	29.83	40.46	32.98	9.22	27.86	30.41	38.12	17.09	10.0	39.12	30.07	15.13	19.1	38.29	17.12	34.0	43.01	17.09	34.18	50.45	7.21	48.8	25.0	39.01	36.4	31.05	42.8	16.55	16.16	34.48	26.08	12.04	35.44	20.81	26.17	41.05	24.33	40.5	44.69	0.0	13.0	9.43	42.15	35.78	28.16	48.84	18.79	34.01	29.12	5.1	39.29	42.43	17.0	12.04	6.32	20.25	39.32	19.21	37.54	25.5	32.76	
10.2	32.2	14.76	5.0	15.03	25.08	8.25	21.95	8.06	29.0	34.01	13.04	30.15	24.04	25.94	13.89	11.18	16.76	5.66	31.38	29.83	21.47	7.0	34.13	8.06	5.39	12.21	30.02	14.04	17.8	28.32	27.29	14.56	21.1	25.96	26.08	12.53	6.71	26.4	19.31	14.14	19.8	26.25	18.44	25.32	30.48	4.12	21.19	39.45	8.06	37.01	19.65	35.74	23.41	18.25	30.41	11.18	3.16	21.59	25.24	6.0	29.07	12.0	25.81	31.02	20.62	27.8	33.62	13.0	0.0	7.62	34.23	22.83	16.12	37.44	12.65	22.8	23.35	18.03	26.48	30.81	10.77	13.04	10.05	7.28	34.71	7.62	26.42	13.89	27.46	
3.16	26.93	22.36	7.28	8.25	32.7	7.07	27.2	11.7	32.45	32.02	8.0	27.29	17.2	27.59	19.42	13.15	23.09	3.16	26.48	34.0	16.28	14.32	31.26	5.0	9.43	15.65	28.16	7.28	21.1	31.62	24.19	7.07	18.68	22.0	33.38	8.06	1.0	30.87	26.93	7.62	13.04	29.41	11.4	24.6	34.48	11.18	27.29	41.11	2.24	39.7	16.12	31.26	29.43	25.0	34.13	7.28	10.2	28.07	19.31	11.4	26.48	11.4	19.7	31.62	16.03	32.2	35.38	9.43	7.62	0.0	32.89	28.16	23.54	39.6	9.49	30.36	20.22	13.45	33.06	33.3	7.62	5.66	3.61	14.04	31.0	10.77	28.28	16.64	24.08	
34.93	18.68	41.98	29.27	38.08	47.93	26.68	27.46	27.0	20.62	3.0	25.5	8.06	27.02	13.6	28.16	44.91	31.38	31.05	16.76	24.21	20.52	34.13	7.0	28.16	39.46	24.19	5.0	37.59	21.19	19.85	10.63	34.99	14.32	14.21	42.19	25.08	32.57	24.76	43.32	27.78	26.91	19.1	28.43	9.0	23.6	33.0	31.38	16.0	35.11	19.65	17.49	15.0	31.62	34.01	22.2	25.63	33.02	33.62	22.2	40.2	7.81	22.36	23.02	8.6	19.21	24.76	13.93	42.15	34.23	32.89	0.0	28.02	37.95	17.26	23.41	43.86	13.6	45.18	36.4	16.64	25.3	30.89	35.85	32.14	11.0	27.02	14.21	22.2	11.4	
31.32	38.47	19.31	20.88	36.4	21.21	22.2	1.0	16.49	10.0	29.83	27.0	29.83	37.48	14.42	8.94	32.65	7.21	25.0	36.72	8.54	31.05	17.03	32.53	24.33	27.2	13.04	26.87	35.44	9.49	10.05	28.84	34.71	24.17	30.41	14.32	26.0	27.2	5.1	18.11	30.02	34.13	9.49	34.01	21.26	9.49	18.87	4.0	23.0	29.73	18.25	26.25	38.6	3.61	8.25	10.2	25.02	19.72	6.08	35.44	26.25	28.43	20.02	36.4	20.12	29.12	6.32	18.25	35.78	22.83	28.16	28.02	0.0	13.6	20.02	24.02	17.12	26.83	40.72	8.49	14.14	24.02	31.26	31.62	15.81	35.47	17.46	13.89	13.04	29.68	
26.31	43.14	5.83	17.46	31.14	10.63	20.59	13.34	15.0	23.35	39.0	26.42	37.22	38.08	25.32	9.85	22.47	7.0	20.88	41.77	22.14	33.42	9.22	40.71	21.93	18.25	15.0	35.34	30.15	16.76	23.19	35.23	30.59	29.21	35.47	10.0	25.55	22.56	18.68	5.39	28.64	34.0	22.02	33.11	29.55	23.09	12.37	9.85	36.22	24.19	31.78	29.7	45.0	11.66	5.39	23.77	24.19	13.34	8.6	37.8	16.49	35.85	21.26	38.6	31.4	31.89	19.92	31.02	28.16	16.12	23.54	37.95	13.6	0.0	33.38	24.41	7.21	32.02	33.24	12.21	27.07	23.32	28.46	26.17	9.85	42.72	15.81	25.18	16.64	35.81	
42.45	35.06	38.83	33.42	46.86	41.05	32.53	20.1	29.41	10.05	20.22	34.41	24.02	40.5	12.04	25.63	48.55	26.48	36.8	33.06	12.17	33.24	34.01	24.19	34.66	42.72	25.24	20.02	46.1	19.72	10.2	25.32	44.2	25.08	28.64	33.38	33.6	38.9	15.0	38.12	37.44	38.91	11.7	39.82	18.03	11.18	34.48	24.02	3.16	41.73	2.83	28.64	32.14	23.02	28.16	10.05	33.42	34.99	26.0	36.4	42.54	23.09	28.32	37.36	10.2	31.38	14.04	4.47	48.84	37.44	39.6	17.26	20.02	33.38	0.0	31.4	37.01	26.25	53.04	26.48	6.71	32.65	40.0	43.14	32.2	28.16	30.0	11.31	23.6	26.31	
11.66	19.72	25.5	8.06	15.56	34.83	4.47	23.02	9.43	25.63	22.56	3.16	18.03	13.93	19.42	16.76	22.02	21.19	8.0	18.79	27.89	9.22	16.28	22.02	5.0	17.12	11.18	18.68	14.87	15.13	24.7	15.0	12.81	9.22	13.34	33.11	2.24	9.22	25.32	29.07	6.32	10.2	22.47	10.0	15.26	28.16	13.6	24.52	32.56	11.7	31.91	7.07	23.09	26.31	23.77	27.51	2.24	13.04	25.96	13.45	18.44	17.12	4.0	14.21	22.67	8.06	26.48	27.02	18.79	12.65	9.49	23.41	24.02	24.41	31.4	0.0	31.62	11.0	22.2	30.81	25.55	2.0	8.6	12.53	14.87	22.2	8.6	20.25	11.0	15.03	
32.98	50.21	9.06	24.6	37.66	4.12	27.78	17.26	22.2	27.07	45.18	33.62	43.83	45.28	30.68	16.4	27.29	12.53	27.86	48.8	25.02	40.61	16.16	47.17	29.07	24.02	21.93	41.68	36.67	22.83	27.17	42.01	37.36	36.12	42.45	5.66	32.76	29.41	22.02	4.12	35.78	41.18	26.48	40.25	35.85	26.02	19.31	13.15	40.05	30.81	35.01	36.8	51.86	14.0	9.85	27.0	31.38	20.25	11.05	45.0	22.0	42.44	28.43	45.8	36.69	39.05	23.0	35.36	34.01	22.8	30.36	43.86	17.12	7.21	37.01	31.62	0.0	38.95	39.0	11.7	31.26	30.53	35.47	32.76	17.0	49.41	23.02	30.36	23.43	42.64	
21.84	11.66	34.48	18.44	24.6	42.64	15.13	25.94	17.89	24.08	12.08	12.37	7.07	14.32	16.0	22.63	33.02	26.91	19.0	10.0	27.29	7.21	25.5	11.05	16.0	28.07	17.03	8.6	24.17	17.49	23.09	4.0	21.47	2.83	3.61	39.05	12.17	20.1	25.96	37.2	14.32	13.45	21.21	14.87	8.25	27.17	23.41	28.84	26.4	22.36	27.66	4.12	13.04	30.02	29.73	26.08	13.04	23.09	30.81	10.2	29.27	6.32	11.7	11.18	16.16	5.66	26.68	21.84	29.12	23.35	20.22	13.6	26.83	32.02	26.25	11.0	38.95	0.0	31.78	34.99	22.09	13.0	17.46	22.8	23.71	11.4	17.46	17.0	15.56	4.12	
10.63	35.13	30.02	20.25	7.28	40.2	20.52	39.81	24.7	45.8	43.86	19.72	38.63	23.0	41.01	31.78	12.65	34.79	16.4	35.36	47.17	25.96	24.74	42.38	18.38	15.03	28.84	40.25	7.62	34.41	45.0	35.47	10.44	30.89	32.57	43.19	20.25	14.21	43.91	35.01	17.46	20.22	42.8	18.25	37.44	47.71	22.14	39.22	54.49	11.4	53.15	27.73	40.45	41.44	36.14	47.43	20.0	21.19	39.56	27.17	17.0	38.08	24.76	27.07	44.82	26.57	45.28	48.8	5.1	18.03	13.45	45.18	40.72	33.24	53.04	22.2	39.0	31.78	0.0	44.38	46.75	20.62	14.32	9.9	25.3	41.23	23.85	41.73	30.0	35.11	
36.12	46.65	17.69	26.0	41.19	15.3	28.16	9.22	22.09	17.09	38.29	33.54	38.29	44.64	22.8	14.14	34.44	10.0	30.02	44.94	14.32	38.63	19.65	41.01	30.07	29.73	19.65	35.36	40.2	17.49	17.46	37.2	40.01	32.25	38.59	7.0	32.56	32.06	12.08	14.42	36.35	41.0	17.49	40.61	29.73	15.3	22.36	6.32	29.61	34.23	24.19	34.01	47.01	5.0	8.25	16.49	31.4	23.35	5.0	43.08	28.23	36.88	26.93	44.01	28.3	36.77	12.65	25.63	39.29	26.48	33.06	36.4	8.49	12.21	26.48	30.81	11.7	34.99	44.38	0.0	21.54	30.41	37.05	36.22	19.24	43.93	23.09	22.2	20.25	38.01	
36.24	32.25	32.39	26.91	40.8	35.36	26.25	14.04	22.8	4.47	19.24	28.65	21.59	35.9	6.32	18.97	41.88	20.1	30.41	30.27	7.81	28.64	27.31	22.85	28.43	36.06	18.6	17.72	40.0	13.04	4.12	22.09	38.28	20.4	25.0	28.16	27.78	32.56	9.49	32.0	31.76	33.84	5.1	34.54	14.0	7.07	27.78	18.11	9.22	35.38	6.4	23.77	30.36	17.46	22.0	5.66	27.46	28.3	20.22	32.25	35.85	20.4	22.2	33.24	8.06	26.68	8.94	4.12	42.43	30.81	33.3	16.64	14.14	27.07	6.71	25.55	31.26	22.09	46.75	21.54	0.0	26.63	34.13	36.88	25.5	26.57	23.43	5.39	17.03	23.09	
10.0	21.47	24.04	6.4	14.21	33.6	2.83	23.02	8.54	26.4	24.52	3.16	20.02	14.76	20.62	16.28	20.02	20.62	6.0	20.62	28.46	10.82	14.87	24.02	3.0	15.13	11.0	20.62	13.45	15.52	25.5	17.0	11.66	11.18	15.3	32.31	2.24	7.28	25.71	27.8	6.0	10.77	23.26	10.2	17.0	28.79	12.04	24.19	33.94	9.85	33.02	9.06	25.0	26.08	23.09	28.23	1.0	11.4	25.5	14.87	16.49	19.1	4.47	15.56	24.21	9.85	26.93	28.32	17.0	10.77	7.62	25.3	24.02	23.32	32.65	2.0	30.53	13.0	20.62	30.41	26.63	0.0	7.62	10.82	13.6	24.19	7.62	21.4	11.18	17.03	
5.1	22.2	27.78	11.18	7.21	38.01	9.06	30.27	15.0	34.01	29.55	5.66	24.35	11.66	28.02	23.0	18.03	27.07	7.62	22.02	36.06	12.04	19.31	28.16	7.0	15.0	18.25	25.94	6.71	23.09	33.11	21.19	4.24	16.64	18.44	38.08	6.4	6.4	33.24	32.2	3.16	7.62	30.87	5.83	23.43	36.4	16.16	31.0	41.11	6.71	40.5	13.42	27.0	33.02	29.27	35.85	6.71	15.23	32.06	14.32	17.03	23.77	12.08	14.56	31.11	12.37	34.48	35.61	12.04	13.04	5.66	30.89	31.26	28.46	40.0	8.6	35.47	17.46	14.32	37.05	34.13	7.62	0.0	6.08	18.68	27.29	14.0	28.84	18.68	20.88	
1.0	28.28	24.35	10.77	5.0	34.79	10.63	30.68	15.23	36.06	34.79	10.44	29.83	17.46	31.11	22.8	12.08	26.31	6.71	28.07	37.59	18.0	17.03	33.73	8.49	10.0	19.24	31.02	4.0	24.7	35.23	26.68	5.0	21.54	24.19	36.12	10.77	4.47	34.44	29.12	9.0	13.6	33.02	11.7	27.78	38.08	14.0	30.59	44.6	2.0	43.28	18.68	33.02	32.76	28.07	37.74	10.3	13.0	31.26	20.4	12.21	29.12	14.87	20.62	35.0	18.11	35.78	38.9	6.32	10.05	3.61	35.85	31.62	26.17	43.14	12.53	32.76	22.8	9.9	36.22	36.88	10.82	6.08	0.0	17.03	33.14	14.32	31.83	20.25	26.48	
17.0	34.21	10.82	7.62	22.02	20.0	10.82	15.0	5.83	23.02	32.56	16.64	29.73	28.3	21.59	7.07	16.97	9.49	11.18	33.02	23.35	24.04	2.0	33.53	12.08	11.4	8.0	28.64	21.02	12.65	22.47	27.31	21.1	21.02	26.93	19.42	15.81	13.04	19.8	14.21	18.79	24.19	20.59	23.26	23.19	24.08	3.16	13.93	34.54	15.03	31.38	20.81	36.72	16.16	11.05	24.21	14.42	4.12	14.32	28.32	10.63	28.46	12.21	29.07	27.29	22.67	21.21	28.79	20.25	7.28	14.04	32.14	15.81	9.85	32.2	14.87	17.0	23.71	25.3	19.24	25.5	13.6	18.68	17.03	0.0	34.93	6.4	21.84	10.0	27.73	
32.14	8.6	45.62	29.83	33.96	53.25	26.48	34.71	29.15	29.97	8.0	23.0	5.66	19.72	21.95	33.02	44.05	37.01	30.15	7.07	33.54	15.3	36.77	4.0	27.17	39.32	27.78	8.94	33.73	26.91	29.07	7.62	30.81	13.93	9.0	48.84	23.02	31.02	33.29	48.02	24.19	21.19	27.78	23.09	14.21	33.11	34.79	38.18	27.0	33.02	30.41	15.13	4.0	38.95	39.82	31.78	24.08	34.48	40.31	14.76	40.61	7.07	23.09	15.26	18.68	15.03	33.62	24.52	39.32	34.71	31.0	11.0	35.47	42.72	28.16	22.2	49.41	11.4	41.23	43.93	26.57	24.19	27.29	33.14	34.93	0.0	28.79	22.83	26.08	7.28	
13.93	27.8	17.2	3.61	18.97	26.25	5.1	16.49	1.0	22.02	27.07	10.77	23.77	22.36	18.36	9.0	18.79	13.15	7.62	26.63	23.32	17.69	8.06	27.66	7.0	13.0	5.0	23.09	18.03	10.63	21.26	21.19	17.26	14.87	20.59	24.7	9.85	9.85	20.12	20.52	13.34	18.38	19.1	17.72	18.03	23.85	6.08	17.0	31.91	12.53	29.73	14.42	30.41	19.03	15.52	23.6	8.54	6.0	18.11	22.02	13.34	22.56	5.83	22.8	23.41	16.28	21.47	26.08	19.21	7.62	10.77	27.02	17.46	15.81	30.0	8.6	23.02	17.46	23.85	23.09	23.43	7.62	14.0	14.32	6.4	28.79	0.0	18.87	6.4	21.54	
31.14	27.66	30.0	22.2	35.61	34.48	21.21	13.42	18.36	7.28	16.28	23.32	17.46	30.59	1.0	16.03	37.59	18.25	25.5	25.71	10.77	23.35	23.77	19.42	23.35	31.76	14.32	13.89	34.83	9.22	6.32	17.46	33.02	15.13	20.1	28.18	22.47	27.59	10.63	30.41	26.42	28.46	5.0	29.15	9.22	10.44	23.77	17.46	13.04	30.41	11.66	18.44	26.4	17.49	20.62	9.22	22.2	24.17	19.7	27.07	31.78	16.16	17.03	28.07	6.32	21.38	10.82	7.21	37.54	26.42	28.28	14.21	13.89	25.18	11.31	20.25	30.36	17.0	41.73	22.2	5.39	21.4	28.84	31.83	21.84	22.83	18.87	0.0	12.53	18.44	
19.72	27.02	19.92	9.9	24.6	27.2	9.85	12.04	5.83	15.81	22.8	14.04	20.59	24.52	12.08	7.07	25.06	11.4	13.6	25.5	17.46	18.38	12.0	24.17	12.08	19.24	2.0	18.97	23.71	4.47	15.0	18.6	22.47	12.73	19.1	23.6	13.04	15.81	14.56	21.95	17.12	21.1	12.81	21.0	13.34	17.89	11.4	13.93	25.55	18.6	23.35	13.89	28.43	15.52	14.21	17.49	12.17	11.7	15.65	22.85	19.31	19.24	7.0	23.77	17.46	16.55	15.81	19.72	25.5	13.89	16.64	22.2	13.04	16.64	23.6	11.0	23.43	15.56	30.0	20.25	17.03	11.18	18.68	20.25	10.0	26.08	6.4	12.53	0.0	19.21	
25.5	9.22	38.47	22.56	27.86	46.4	19.24	28.84	21.93	25.71	9.22	16.12	3.61	15.62	17.46	26.25	37.0	30.41	23.02	7.28	29.12	9.43	29.55	7.28	20.02	32.14	20.81	6.71	27.51	20.62	24.74	1.0	24.7	6.71	2.83	42.45	16.03	24.02	28.23	41.05	17.72	15.81	23.09	17.49	9.22	28.86	27.51	32.02	25.96	26.17	28.07	8.0	9.22	33.02	33.24	27.66	17.0	27.2	34.06	10.82	33.38	3.61	15.81	11.66	16.12	8.54	28.79	22.09	32.76	27.46	24.08	11.4	29.68	35.81	26.31	15.03	42.64	4.12	35.11	38.01	23.09	17.03	20.88	26.48	27.73	7.28	21.54	18.44	19.21	0.0	
